168
cfg.mall.DiamondMall
1
1000
10400001
1
10200002
5
装备炼器时所必需的材料。
0
3
cfg.mall.DiamondMall
2
1050
10400006
1
10200002
5
装备灌注时所必需的材料。
0
3
cfg.mall.DiamondMall
3
30
10400004
0
10200003
250
对炼器等级13以下的装备有效。可以提高炼器成功机率，失败时炼器等级不会下降。
1
1
10
4
cfg.mall.DiamondMall
4
40
10400014
0
10200002
10
使用化身可以在死亡时原地复活。
0
2
cfg.mall.DiamondMall
5
50
10400015
0
10200002
2
使用飞行符可以直接传送至目标地点。
0
2
cfg.mall.DiamondMall
6
60
10400001
0
10200003
5
装备炼器所必需的材料。
1
1
25
4
cfg.mall.DiamondMall
7
700
10400003
1
10200002
10
对炼器等级9以下的装备有效。可以提高炼器成功机率，失败时炼器等级不会下降。
0
3
cfg.mall.DiamondMall
11
1100
10400010
0
10200002
10
使用聚灵锁可以在护符洗炼时锁定护符的条目。
0
3
cfg.mall.DiamondMall
12
120
10400013
0
10200002
10
使用仙豆可以进行伙伴洗炼。
1
1
50
1
cfg.mall.DiamondMall
13
130
10400022
0
10200002
100
使用天帝魂石可以进行伙伴和法宝许愿。
1
1
2
1
cfg.mall.DiamondMall
14
140
10400006
0
10200003
5
装备灌注时所必需的材料。
1
1
25
4
cfg.mall.DiamondMall
15
150
10400003
0
10200003
10
对炼器等级9以下的装备有效。可以提高炼器成功机率，失败时炼器等级不会下降。
1
1
10
4
cfg.mall.DiamondMall
16
160
10400022
0
10200003
100
使用天帝魂石可以进行伙伴和法宝许愿。
1
1
2
4
cfg.mall.DiamondMall
17
170
10400024
0
10200003
1488
可以进行法宝万里挑一10连招募。
1
1
2
4
cfg.mall.DiamondMall
18
180
10400023
0
10200003
2688
可以进行伙伴万里挑一10连招募。
1
1
2
4
cfg.mall.DiamondMall
19
190
10400013
0
10200003
10
使用仙豆可以进行伙伴洗炼。
1
1
50
4
cfg.mall.DiamondMall
20
200
10400010
0
10200003
10
使用聚灵锁可以在护符洗炼时锁定护符的条目。
0
4
cfg.mall.DiamondMall
21
210
10400012
0
10200003
10
使用五色补天石可以进行法宝炼化。
1
1
50
4
cfg.mall.DiamondMall
22
220
10400014
0
10200003
10
使用化身可以在死亡时原地复活。
1
1
10
4
cfg.mall.DiamondMall
23
230
10400015
0
10200003
2
使用飞行符可以直接传送至目标地点。
0
4
cfg.mall.DiamondMall
24
240
10300024
0
10200002
10
为当前激活的伙伴增加4000000经验。
0
2
cfg.mall.DiamondMall
25
250
10300006
0
10200002
15
为当前激活的法宝增加3000经验。
0
2
cfg.mall.DiamondMall
26
260
10300006
0
10200003
15
为当前激活的法宝增加3000经验。
0
4
cfg.mall.DiamondMall
27
270
10300024
0
10200003
10
为当前激活的伙伴增加4000000经验。
0
4
cfg.mall.DiamondMall
28
280
10800001
0
10200002
10
送给偶像的鲜花。
0
2
cfg.mall.DiamondMall
29
290
10800002
0
10200002
20
送给偶像的鲜花。
0
2
cfg.mall.DiamondMall
30
300
10800003
0
10200002
100
送给偶像的鲜花。
0
2
cfg.mall.DiamondMall
31
310
10800004
0
10200002
10
送给好友的鲜花。
0
2
cfg.mall.DiamondMall
32
320
10800005
0
10200002
20
送给好友的鲜花。
0
2
cfg.mall.DiamondMall
33
330
10800006
0
10200002
100
送给好友的鲜花。
0
2
cfg.mall.DiamondMall
34
340
10400012
0
10200002
10
使用五色补天石可以进行法宝炼化。
1
1
50
1
cfg.mall.DiamondMall
39
7
10100121
0
10200002
280
内含炼器符*150，初级完璧符*50，灌注符*150，金币*5000000。
1
4
1
1
cfg.mall.DiamondMall
40
8
10100122
0
10200002
200
内含中级法宝精髓*30，高级法宝经验丹*10。
1
4
1
1
cfg.mall.DiamondMall
43
9
10400004
1
10200002
200
对炼器等级11以下的装备有效。可以提高炼器成功机率，失败时炼器等级不会下降。
0
3
cfg.mall.DiamondMall
44
350
10700001
0
10200002
8
基础属性攻击型宝石。最小攻击+28
0
3
cfg.mall.DiamondMall
45
360
10700011
0
10200002
10
基础属性攻击型宝石。最大攻击+28
0
3
cfg.mall.DiamondMall
46
370
10700021
0
10200002
10
基础属性防御型宝石。防御+23
0
3
cfg.mall.DiamondMall
47
380
10700031
0
10200002
10
基础属性防御型宝石。气血+1387
0
3
cfg.mall.DiamondMall
48
390
10700041
0
10200002
8
基础属性攻击型宝石。命中+21
0
3
cfg.mall.DiamondMall
49
400
10700051
0
10200002
8
基础属性防御型宝石。躲闪+21
0
3
cfg.mall.DiamondMall
50
410
10700061
0
10200002
25
高级属性攻击型宝石。暴击+0.9%
0
3
cfg.mall.DiamondMall
51
420
10700071
0
10200002
25
高级属性攻击型宝石。暴击伤害+2.8%
0
3
cfg.mall.DiamondMall
52
430
10700081
0
10200002
25
高级属性防御型宝石。韧性+0.9%
0
3
cfg.mall.DiamondMall
53
440
10700091
0
10200002
25
高级属性防御型宝石。暴击伤害减免+2.8%
0
3
cfg.mall.DiamondMall
54
450
10700005
0
10200002
600
基础属性攻击型宝石。最小攻击+842
0
3
cfg.mall.DiamondMall
55
460
10700015
0
10200002
760
基础属性攻击型宝石。最大攻击+842
0
3
cfg.mall.DiamondMall
56
470
10700025
0
10200002
760
基础属性防御型宝石。防御+713
0
3
cfg.mall.DiamondMall
57
480
10700035
0
10200002
760
基础属性防御型宝石。气血+42088
0
3
cfg.mall.DiamondMall
58
490
10700045
0
10200002
600
基础属性攻击型宝石。命中+648
0
3
cfg.mall.DiamondMall
59
500
10700055
0
10200002
600
基础属性防御型宝石。躲闪+648
0
3
cfg.mall.DiamondMall
60
510
10700065
0
10200002
1900
高级属性攻击型宝石。暴击+2.3%
0
3
cfg.mall.DiamondMall
61
520
10700075
0
10200002
1900
高级属性攻击型宝石。暴击伤害+6.9%
0
3
cfg.mall.DiamondMall
62
530
10700085
0
10200002
1900
高级属性防御型宝石。韧性+2.3%
0
3
cfg.mall.DiamondMall
63
540
10700095
0
10200002
1900
高级属性防御型宝石。暴击伤害减免+6.9%
0
3
cfg.mall.DiamondMall
64
1
10100254
0
10200002
30
传说幻月洞府精华凝练而成，青云门镇派法宝“诛仙剑”便隐藏在其中。打开后可有几率获得诛仙剑和各种高级道具
0
2
cfg.mall.DiamondMall
66
2
10400041
0
10200002
5
使用悟法丹可以激活图鉴属性。
0
2
cfg.mall.DiamondMall
67
3
10400041
0
10200003
5
使用悟法丹可以激活图鉴属性。
1
1
50
4
cfg.mall.DiamondMall
68
4
10400036
1
10200002
5
饰品炼器所必需的材料。
0
3
cfg.mall.DiamondMall
69
5
10400037
1
10200002
5
饰品灌注时所必需的材料。
0
3
cfg.mall.DiamondMall
70
6
10400036
0
10200003
5
饰品炼器所必需的材料。
1
1
25
4
cfg.mall.DiamondMall
71
7
10400037
0
10200003
5
饰品灌注时所必需的材料。
1
1
25
4
cfg.mall.DiamondMall
81
19
10400049
0
10200002
25
可以用来扫荡日常副本。
0
2
cfg.mall.DiamondMall
88
1001
11300001
0
10200002
66
可以用来发送红包
1
1
10
1
cfg.mall.DiamondMall
89
1002
11300002
0
10200002
268
可以用来发送红包
1
1
10
1
cfg.mall.DiamondMall
90
1003
11300003
0
10200002
888
可以用来发送红包
1
1
10
1
cfg.mall.DiamondMall
100
600
11400001
0
10200002
5
使用后燃放春节烟花
0
2
cfg.mall.DiamondMall
101
601
11400002
0
10200002
10
使用后燃放恭贺新禧烟花
0
2
cfg.mall.DiamondMall
102
602
11400003
0
10200002
15
使用后燃放恭喜发财烟花
0
2
cfg.mall.DiamondMall
156
10
10100263
0
10200002
30
打开后可获得罡气升级相关道具
0
2
cfg.mall.DiamondMall
157
11
10100264
0
10200002
20
法身修炼相关道具
0
2
cfg.mall.DiamondMall
130
441
10700101
0
10200002
25
高级属性攻击型宝石。卓越一击+0.9%
0
3
cfg.mall.DiamondMall
131
442
10700121
0
10200002
25
高级属性攻击型宝石。卓击伤害+2.8%
0
3
cfg.mall.DiamondMall
132
443
10700111
0
10200002
25
高级属性防御型宝石。卓击减免+1.8%
0
3
cfg.mall.DiamondMall
133
444
10700131
0
10200002
25
高级属性防御型宝石。卓击伤害减免+5.6%
0
3
cfg.mall.DiamondMall
140
541
10700105
0
10200002
1900
高级属性攻击型宝石。卓越一击+2.3%
0
3
cfg.mall.DiamondMall
141
542
10700125
0
10200002
1900
高级属性攻击型宝石。卓击伤害+6.9%
0
3
cfg.mall.DiamondMall
142
543
10700115
0
10200002
1900
高级属性防御型宝石。卓击减免+4.6%
0
3
cfg.mall.DiamondMall
143
544
10700135
0
10200002
1900
高级属性防御型宝石。卓击伤害减免+13.8%
0
3
cfg.mall.FamilyMall
1011
1011
54100009
0
10200015
200
集齐40个碎片可以兑换齐昊。
1
1
10
1
cfg.mall.FamilyMall
1010
1010
10800001
0
10200015
100
送给偶像的鲜花。
1
1
3
1
cfg.mall.FamilyMall
1020
1020
10100264
0
10200015
400
修炼法身必要的资源道具
1
1
2
1
cfg.mall.FamilyMall
1014
1014
10400013
0
10200015
100
使用仙豆可以进行伙伴洗炼。
1
1
50
2
cfg.mall.FamilyMall
1007
1007
54200012
0
10200015
100
集齐40个碎片可以兑换法宝赤焰剑。
1
1
20
2
cfg.mall.FamilyMall
1009
1009
54100031
0
10200015
200
集齐40个碎片可以兑换幽姬。
1
1
10
2
cfg.mall.FamilyMall
1001
1001
54100001
0
10200015
1000
集齐50个碎片可以兑换张小凡。
1
1
3
4
cfg.mall.FamilyMall
1012
1012
54100014
0
10200015
200
集齐40个碎片可以兑换水月。
1
1
10
3
cfg.mall.FamilyMall
1003
1003
10400003
0
10200015
100
对炼器等级9以下的装备有效。可以提高炼器成功机率，失败时炼器等级不会下降。
1
1
5
3
cfg.mall.FamilyMall
1015
1015
10400011
0
10200015
100
使用培养丹可以进行玉佩培养。
1
1
100
5
cfg.mall.FamilyMall
1008
1008
54200010
0
10200015
100
集齐40个碎片可以兑换法宝墨雪剑。
1
1
20
4
cfg.mall.FamilyMall
1002
1002
54100004
0
10200015
1000
集齐50个碎片可以兑换碧瑶。
1
1
3
2
cfg.mall.FamilyMall
1013
1013
10400010
0
10200015
100
使用聚灵锁可以在护符洗炼时锁定护符的条目。
1
1
3
5
cfg.mall.FamilyMall
1004
1004
54200003
0
10200015
500
集齐50个碎片可以兑换法宝合欢铃。
1
1
10
1
cfg.mall.FamilyMall
1005
1005
54200007
0
10200015
500
集齐50个碎片可以兑换法宝噬魂。
1
1
10
3
cfg.mall.FamilyMall
1006
1006
54200014
0
10200015
500
集齐50个碎片可以兑换法宝伤心花。
1
1
10
4
cfg.mall.FamilyMall
1019
1019
10400036
0
10200015
50
饰品炼器所必需的材料。
1
1
30
6
cfg.mall.FamilyMall
1016
1016
10400037
0
10200015
50
饰品灌注时所必需的材料。
1
1
30
6
cfg.mall.FamilyMall
1017
1017
10400041
0
10200015
50
使用悟法丹可以激活图鉴奖励属性。
1
1
30
7
cfg.mall.FamilyMall
1018
1018
53000102
0
10200015
100
虽然它没有任何属性，但是携带了100点星阶经验。可以在法宝星阶升级中使用。
1
1
20
8
cfg.mall.LingJingMall
2005
2005
10400006
0
10200004
200
装备灌注时所必需的材料。
1
1
10
cfg.mall.LingJingMall
2006
2006
10400001
0
10200004
200
装备炼器所必需的材料。
1
1
10
cfg.mall.LingJingMall
2007
2007
10100027
0
10200004
1500
可开出任意本门派15级橙色装备一件（不含武器）。
1
1
4
cfg.mall.LingJingMall
2008
2008
10100028
0
10200004
2000
可开出任意本门派30级橙色装备一件（不含武器）。
1
1
4
cfg.mall.LingJingMall
2009
2009
10100029
0
10200004
2500
可开出任意本门派45级橙色装备一件（不含武器）。
1
1
4
cfg.mall.LingJingMall
2010
2010
10100049
0
10200004
250
打开可获得30级饰品一件。
1
1
10
cfg.mall.LingJingMall
2011
2011
10100050
0
10200004
500
打开可获得45级饰品一件。
1
1
10
cfg.mall.LingJingMall
2012
2012
10100051
0
10200004
750
打开可获得60级饰品一件。
1
1
10
cfg.mall.LingJingMall
2013
2013
10100052
0
10200004
1000
打开可获得75级饰品一件。
1
1
10
cfg.mall.LingJingMall
2014
2014
10100053
0
10200004
1250
打开可获得90级饰品一件。
1
1
10
cfg.mall.LingJingMall
2001
2001
54100019
0
10200004
2500
集齐40个碎片可以兑换田不易。
1
1
10
cfg.mall.LingJingMall
2002
2002
54100029
0
10200004
2500
集齐40个碎片可以兑换小环。
1
1
10
cfg.mall.LingJingMall
2003
2003
54100021
0
10200004
2500
集齐40个碎片可以兑换周一仙。
1
1
10
cfg.mall.LingJingMall
2004
2004
54200021
0
10200004
1250
集齐40个碎片可以兑换法宝轩辕剑。
1
1
20
cfg.mall.LingJingMall
2015
2015
10400041
0
10200004
200
使用悟法丹可以激活图鉴属性。
1
1
10
cfg.mall.LingJingMall
2016
2016
10400036
0
10200004
200
饰品炼器所必需的材料。
1
1
10
cfg.mall.LingJingMall
2017
2017
10400037
0
10200004
200
饰品灌注时所必需的材料。
1
1
10
cfg.mall.BlackMall
3001
3001
54100006
0
10200003
120
集齐50个碎片可以兑换小七。
1
1
3
1
0.6
cfg.mall.BlackMall
3002
3002
54100010
0
10200003
25
集齐40个碎片可以兑换苍松。
1
1
10
1
1
cfg.mall.BlackMall
3003
3003
54100005
0
10200003
25
集齐40个碎片可以兑换普智。
1
1
10
1
1
cfg.mall.BlackMall
3004
3004
54100020
0
10200003
25
集齐40个碎片可以兑换萧逸才。
1
1
10
1
1
cfg.mall.BlackMall
3005
3005
54100015
0
10200003
25
集齐40个碎片可以兑换金瓶儿。
1
1
10
1
1
cfg.mall.BlackMall
3006
3006
54100017
0
10200003
25
集齐40个碎片可以兑换青龙。
1
1
10
1
1
cfg.mall.BlackMall
3007
3007
54200015
0
10200003
15
集齐40个碎片可以兑换法宝山河扇。
1
1
10
1
1
cfg.mall.BlackMall
3008
3008
54100001
0
10200002
120
集齐50个碎片可以兑换张小凡。
1
1
2
1
0.6
cfg.mall.BlackMall
3009
3009
54100004
0
10200002
120
集齐50个碎片可以兑换碧瑶。
1
1
2
1
0.6
cfg.mall.BlackMall
3010
3010
54100003
0
10200002
120
集齐50个碎片可以兑换林惊羽。
1
1
2
1
0.6
cfg.mall.BlackMall
3011
3011
54100006
0
10200002
120
集齐50个碎片可以兑换小七。
1
1
2
1
0.6
cfg.mall.BlackMall
3012
3012
54100011
0
10200002
120
集齐50个碎片可以兑换曾书书。
1
1
2
1
0.6
cfg.mall.BlackMall
3013
3013
54200008
0
10200002
60
集齐50个碎片可以兑换法宝玄火鉴。
1
1
20
1
0.6
cfg.mall.BlackMall
3014
3014
54200013
0
10200002
60
集齐50个碎片可以兑换法宝伏龙鼎。
1
1
20
1
0.6
cfg.mall.BlackMall
3015
3015
54200015
0
10200002
15
集齐40个碎片可以兑换法宝山河扇。
1
1
10
1
1
cfg.mall.BlackMall
3016
3016
10400022
0
10200002
300
使用天帝魂石可以进行伙伴和法宝许愿。
1
1
15
1
1
cfg.mall.ArenaMall
4005
4005
54100026
0
10200011
5000
集齐40个碎片可以兑换秦无炎。
1
1
10
1
cfg.mall.ArenaMall
4006
4006
54100008
0
10200011
5000
集齐40个碎片可以兑换法相。
1
1
10
1
cfg.mall.ArenaMall
4007
4007
54100018
0
10200011
5000
集齐40个碎片可以兑换苏茹。
1
1
10
1
cfg.mall.ArenaMall
4008
4008
54200018
0
10200011
2500
集齐40个碎片可以兑换法宝嗜血珠。
1
1
20
1
cfg.mall.ArenaMall
4009
4009
54200019
0
10200011
2500
集齐40个碎片可以兑换法宝斩相思。
1
1
20
1
cfg.mall.ArenaMall
4010
4010
54100020
0
10200011
5000
集齐40个碎片可以兑换萧逸才。
1
1
10
1
cfg.mall.ArenaMall
4001
4001
54100003
0
10200011
15000
集齐50个碎片可以兑换林惊羽。
1
1
3
1
cfg.mall.ArenaMall
4002
4002
54100011
0
10200011
15000
集齐50个碎片可以兑换曾书书。
1
1
3
1
cfg.mall.ArenaMall
4003
4003
54200001
0
10200011
5000
集齐50个碎片可以兑换法宝天琊剑。
1
1
10
1
cfg.mall.ArenaMall
4004
4004
54200022
0
10200011
5000
集齐50个碎片可以兑换法宝斩龙剑。
1
1
10
1
cfg.mall.PocketShop
5001
5001
10000001
0
10200001
300
止血药
0
1
cfg.mall.PocketShop
5003
5003
10000002
0
10200001
600
粗制小黄丹
0
15
cfg.mall.PocketShop
5005
5005
10000003
0
10200001
1000
精制小黄丹
0
30
cfg.mall.PocketShop
5007
5007
10000004
0
10200001
1500
秘制小黄丹
0
45
cfg.mall.PocketShop
5009
5009
10000005
0
10200001
2000
特级小黄丹
0
60
cfg.mall.PocketShop
5011
5011
10000006
0
10200001
3000
完美小黄丹
0
75
cfg.mall.PocketShop
5013
5013
10000007
0
10200001
4000
粗制大黄丹
0
90
cfg.mall.PocketShop
5002
5002
10000008
0
10200001
300
补灵丹
0
1
cfg.mall.PocketShop
5004
5004
10000009
0
10200001
600
粗制还神散
0
15
cfg.mall.PocketShop
5006
5006
10000010
0
10200001
1000
精制还神散
0
30
cfg.mall.PocketShop
5008
5008
10000011
0
10200001
1500
秘制还神散
0
45
cfg.mall.PocketShop
5010
5010
10000012
0
10200001
2000
特级还神散
0
60
cfg.mall.PocketShop
5012
5012
10000013
0
10200001
3000
完美还神散
0
75
cfg.mall.PocketShop
5014
5014
10000014
0
10200001
4000
粗制归神散
0
90
cfg.mall.PocketShop
5015
5015
10000017
0
10200001
5000
精制大黄丹
0
105
cfg.mall.PocketShop
5017
5017
10000018
0
10200001
6000
秘制大黄丹
0
120
cfg.mall.PocketShop
5016
5016
10000019
0
10200001
5000
精制归神散
0
105
cfg.mall.PocketShop
5018
5018
10000020
0
10200001
6000
秘制归神散
0
120
cfg.mall.TeamFightScore
6005
6005
54100027
0
10200020
8
集齐40个碎片可以兑换田灵儿。
1
1
10
1
cfg.mall.TeamFightScore
6006
6006
54100021
0
10200020
8
集齐40个碎片可以兑换周一仙。
1
1
10
1
cfg.mall.TeamFightScore
6007
6007
54100017
0
10200020
8
集齐40个碎片可以兑换青龙。
1
1
10
1
cfg.mall.TeamFightScore
6008
6008
54200021
0
10200020
4
集齐40个碎片可以兑换法宝轩辕剑。
1
1
20
1
cfg.mall.TeamFightScore
6009
6009
54200012
0
10200020
4
集齐40个碎片可以兑换法宝赤焰剑。
1
1
20
1
cfg.mall.TeamFightScore
6010
6010
54100005
0
10200020
8
集齐40个碎片可以兑换普智。
1
1
10
1
cfg.mall.TeamFightScore
6001
6001
54100044
0
10200020
25
集齐50个碎片可以兑换云易岚。
1
1
3
1
cfg.mall.TeamFightScore
6003
6003
54200008
0
10200020
8
集齐50个碎片可以兑换法宝玄火鉴。
1
1
10
1
cfg.mall.TeamFightScore
6004
6004
54200013
0
10200020
8
集齐50个碎片可以兑换法宝伏龙鼎。
1
1
10
1
