30
1
1
10200001
300000
2
2
10400001
10
3
3
54100027
10
4
4
10200003
50
5
5
54200018
10
6
1
10200001
300000
7
2
10400001
10
8
4
54100027
10
9
4
10200003
50
10
6
54200018
10
11
1
10200001
300000
12
2
10400001
10
13
5
54100027
10
14
4
10200003
50
15
7
54200018
10
16
1
10200001
300000
17
2
10400001
10
18
6
54100027
10
19
4
10200003
50
20
8
54200018
10
21
1
10200001
300000
22
2
10400001
10
23
7
54100027
10
24
4
10200003
50
25
9
54200018
10
26
1
10200001
300000
27
2
10400001
10
28
8
54100027
10
29
4
10200003
50
30
10
54200018
10
