27
53000001
天琊剑
1
30020
53000002
碧玉念珠
1
30010
53000003
合欢铃
1
30007
53000004
琥珀朱绫
1
30003
53000005
轮回珠
0
53000006
神木骰
1
30008
53000007
噬魂
1
30002
53000008
玄火鉴
1
30006
53000009
六合镜
1
30004
53000010
墨雪剑
1
30013
53000011
少阳剑
0
53000012
赤焰剑
1
30005
53000013
伏龙鼎
1
30011
53000014
伤心花
1
30012
53000015
山河扇
1
30016
53000016
诛仙剑
1
30021
53000017
寒冰剑
1
30019
53000018
噬血珠
1
30009
53000019
斩相思
1
30014
53000020
紫芒刃
1
30017
53000021
轩辕剑
1
30015
53000022
斩龙剑
1
30001
53000023
七星剑
1
30018
53000099
特级经验法宝
0
53000100
高级经验法宝
0
53000101
中级经验法宝
0
53000102
初级经验法宝
0
