150
1
550
1
0
2
600
2
0
3
650
3
0
4
700
4
0
5
750
5
0
6
800
6
0
7
850
7
0
8
900
8
0
9
950
9
0
10
1000
10
0
11
1050
11
0
12
1100
12
0
13
1150
13
0
14
1200
14
0
15
1250
15
0
16
1300
16
0
17
1350
17
0
18
1400
18
0
19
1450
19
0
20
1500
20
0
21
1550
21
0
22
1600
22
0
23
1650
23
0
24
1700
24
0
25
1750
25
0
26
1800
26
0
27
1850
27
0
28
1900
28
0
29
1950
29
0
30
2300
30
0
31
2650
31
0
32
3000
32
0
33
3350
33
0
34
3700
34
0
35
4050
35
0
36
4400
36
0
37
4750
37
0
38
5100
38
0
39
5450
39
0
40
5800
40
0
41
6150
41
0
42
6500
42
0
43
6850
43
0
44
7200
44
0
45
8100
45
0
46
9000
46
0
47
9900
47
0
48
10800
48
0
49
11700
49
0
50
12600
50
10
51
13500
51
10.5
52
14400
52
11
53
15300
53
11.5
54
16200
54
12
55
17100
55
12.5
56
18000
56
13
57
18900
57
13.5
58
19800
58
14
59
20700
59
14.5
60
22200
60
15
61
23700
61
15.5
62
25200
62
16
63
26700
63
16.5
64
28200
64
17
65
29700
65
17.5
66
31200
66
18
67
32700
67
18.5
68
34200
68
19
69
35700
69
19.5
70
37200
70
20
71
38700
71
20.5
72
40200
72
21
73
41700
73
21.5
74
43200
74
22
75
44700
75
22.5
76
47700
76
23
77
50700
77
23.5
78
53700
78
24
79
56700
79
24.5
80
59700
80
25
81
62700
81
25.5
82
65700
82
26
83
68700
83
26.5
84
71700
84
27
85
74700
85
27.5
86
78700
86
28
87
82700
87
28.5
88
86700
88
29
89
90700
89
29.5
90
94700
90
30
91
101200
91
30.5
92
107700
92
31
93
114200
93
31.5
94
120700
94
32
95
127200
95
32.5
96
133700
96
33
97
140200
97
33.5
98
146700
98
34
99
153200
99
34.5
100
159700
100
35
101
166200
101
35.5
102
172700
102
36
103
179200
103
36.5
104
185700
104
37
105
192200
105
37.5
106
201200
106
38
107
210200
107
38.5
108
219200
108
39
109
228200
109
39.5
110
237200
110
40
111
246200
111
40.5
112
255200
112
41
113
264200
113
41.5
114
273200
114
42
115
282200
115
42.5
116
291200
116
43
117
300200
117
43.5
118
309200
118
44
119
318200
119
44.5
120
327200
120
45
121
336200
121
45.5
122
345200
122
46
123
354200
123
46.5
124
363200
124
47
125
372200
125
47.5
126
381200
126
48
127
390200
127
48.5
128
399200
128
49
129
408200
129
49.5
130
417200
130
50
131
426200
131
50.5
132
435200
132
51
133
444200
133
51.5
134
453200
134
52
135
462200
135
52.5
136
471200
136
53
137
480200
137
53.5
138
489200
138
54
139
498200
139
54.5
140
507200
140
55
141
516200
141
55.5
142
525200
142
56
143
534200
143
56.5
144
543200
144
57
145
552200
145
57.5
146
561200
146
58
147
570200
147
58.5
148
579200
148
59
149
588200
149
59.5
150
597200
150
60
