132
1
30白
7
16
7
682.5
1330.875
17
7
136.5
266.175
18
7
22.75
44.3625
19
7
13.65
26.6175
20
7
10.5
20.475
22
7
10.5
20.475
23
7
10.5
20.475
2
30绿
7
16
6
1399.125
2354.625
17
6
279.825
470.925
18
6
46.6375
78.4875
19
6
27.9825
47.0925
20
6
21.525
36.225
22
6
21.525
36.225
23
6
21.525
36.225
3
30蓝
7
16
5
2422.875
3037.125
17
5
484.575
607.425
18
5
80.7625
101.2375
19
5
48.4575
60.7425
20
5
37.275
46.725
22
5
37.275
46.725
23
5
37.275
46.725
4
30紫
7
16
4
3105.375
4060.875
17
4
621.075
812.175
18
4
103.5125
135.3625
19
4
62.1075
81.2175
20
4
47.775
62.475
22
4
47.775
62.475
23
4
47.775
62.475
5
30橙
7
16
3
4129.125
5084.625
17
3
825.825
1016.925
18
3
137.6375
169.4875
19
3
82.5825
101.6925
20
3
63.525
78.225
22
3
63.525
78.225
23
3
63.525
78.225
6
30高
7
16
2
5152.875
6825
17
2
1030.575
1365
18
2
171.7625
227.5
19
2
103.0575
136.5
20
2
79.275
105
22
2
79.275
105
23
2
79.275
105
7
45白
7
16
7
1911
3726.45
17
7
382.2
745.29
18
7
63.7
124.215
19
7
38.22
74.529
20
7
29.4
57.33
22
7
29.4
57.33
23
7
29.4
57.33
8
45绿
7
16
6
3917.55
6592.95
17
6
783.51
1318.59
18
6
130.585
219.765
19
6
78.351
131.859
20
6
60.27
101.43
22
6
60.27
101.43
23
6
60.27
101.43
9
45蓝
7
16
5
6784.05
8503.95
17
5
1356.81
1700.79
18
5
226.135
283.465
19
5
135.681
170.079
20
5
104.37
130.83
22
5
104.37
130.83
23
5
104.37
130.83
10
45紫
7
16
4
8695.05
11370.45
17
4
1739.01
2274.09
18
4
289.835
379.015
19
4
173.901
227.409
20
4
133.77
174.93
22
4
133.77
174.93
23
4
133.77
174.93
11
45橙
7
16
3
11561.55
14236.95
17
3
2312.31
2847.39
18
3
385.385
474.565
19
3
231.231
284.739
20
3
177.87
219.03
22
3
177.87
219.03
23
3
177.87
219.03
12
45红
7
16
2
14428.05
19110
17
2
2885.61
3822
18
2
480.935
637
19
2
288.561
382.2
20
2
221.97
294
22
2
221.97
294
23
2
221.97
294
13
60白
7
16
7
3953.7
7709.715
17
7
790.74
1541.943
18
7
131.79
256.9905
19
7
79.074
154.1943
20
7
60.826154
118.611
22
7
60.826154
118.611
23
7
60.826154
118.611
14
60绿
7
16
6
8105.085
13640.265
17
6
1621.017
2728.053
18
6
270.1695
454.6755
19
6
162.1017
272.8053
20
6
124.693615
209.850231
22
6
124.693615
209.850231
23
6
124.693615
209.850231
15
60蓝
7
16
5
14035.635
17593.965
17
5
2807.127
3518.793
18
5
467.8545
586.4655
19
5
280.7127
351.8793
20
5
215.932846
270.676385
22
5
215.932846
270.676385
23
5
215.932846
270.676385
16
60紫
7
16
4
17989.335
23524.515
17
4
3597.867
4704.903
18
4
599.6445
784.1505
19
4
359.7867
470.4903
20
4
276.759
361.915615
22
4
276.759
361.915615
23
4
276.759
361.915615
17
60橙
7
16
3
23919.885
29455.065
17
3
4783.977
5891.013
18
3
797.3295
981.8355
19
3
478.3977
589.1013
20
3
367.998231
453.154846
22
3
367.998231
453.154846
23
3
367.998231
453.154846
18
60红
7
16
2
29850.435
35583.3
17
2
5970.087
7116.66
18
2
995.0145
1186.11
19
2
597.0087
711.666
20
2
459.237462
547.435385
22
2
459.237462
547.435385
23
2
459.237462
547.435385
19
60高
7
16
1
35583.3
39537
17
1
7116.66
7907.4
18
1
1186.11
1317.9
19
1
711.666
790.74
20
1
547.435385
608.261538
22
1
547.435385
608.261538
23
1
547.435385
608.261538
20
75白
7
16
7
7334.75625
14302.7746875
17
7
1466.95125
2860.5549375
18
7
244.491875
476.759156
19
7
146.695125
286.055494
20
7
112.842404
220.042688
22
7
112.842404
220.042688
23
7
112.842404
220.042688
21
75绿
7
16
6
15036.2503125
25304.9090625
17
6
3007.2500625
5060.9818125
18
6
501.208344
843.496969
19
6
300.725006
506.098181
20
6
231.326928
389.306293
22
6
231.326928
389.306293
23
6
231.326928
389.306293
22
75蓝
7
16
5
26038.3846875
32639.6653125
17
5
5207.6769375
6527.9330625
18
5
867.946156
1087.988844
19
5
520.767694
652.793306
20
5
400.590534
502.148697
22
5
400.590534
502.148697
23
5
400.590534
502.148697
23
75紫
7
16
4
33373.1409375
43641.7996875
17
4
6674.6281875
8728.3599375
18
4
1112.438031
1454.726656
19
4
667.462819
872.835994
20
4
513.4329375
671.412303
22
4
513.4329375
671.412303
23
4
513.4329375
671.412303
24
75橙
7
16
3
44375.2753125
54643.9340625
17
3
8875.0550625
10928.786813
18
3
1479.175844
1821.464469
19
3
887.505506
1092.878681
20
3
682.696543
840.675909
22
3
682.696543
840.675909
23
3
682.696543
840.675909
25
75红
7
16
2
55377.4096875
66012.806250
17
2
11075.4819375
13202.561250
18
2
1845.913656
2200.426875
19
2
1107.548194
1320.256125
20
2
851.960149
1015.581635
22
2
851.960149
1015.581635
23
2
851.960149
1015.581635
26
75高
7
16
1
66012.806250
73347.5625
17
1
13202.561250
14669.5125
18
1
2200.426875
2444.91875
19
1
1320.256125
1466.95125
20
1
1015.581635
1128.424038
22
1
1015.581635
1128.424038
23
1
1015.581635
1128.424038
27
90白
7
16
7
11964.4125
23330.604375
17
7
2392.8825
4666.120875
18
7
398.81375
777.6868125
19
7
239.28825
466.6120875
20
7
184.067885
358.932375
22
7
184.067885
358.932375
23
7
184.067885
358.932375
28
90绿
7
16
6
24527.045625
41277.223125
17
6
4905.409125
8255.444625
18
6
817.568187
1375.9074375
19
6
490.5409125
825.544463
20
6
377.339163
635.034202
22
6
377.339163
635.034202
23
6
377.339163
635.034202
29
90蓝
7
16
5
42473.664375
53241.635625
17
5
8494.732875
10648.327125
18
5
1415.7888125
1774.721188
19
5
849.4732875
1064.8327125
20
5
653.440990
819.102087
22
5
653.440990
819.102087
23
5
653.440990
819.102087
30
90紫
7
16
4
54438.076875
71188.254375
17
4
10887.615375
14237.650875
18
4
1814.602563
2372.941812
19
4
1088.7615375
1423.7650875
20
4
837.508875
1095.203913
22
4
837.508875
1095.203913
23
4
837.508875
1095.203913
31
90橙
7
16
3
72384.695625
89134.873125
17
3
14476.939125
17826.974625
18
3
2412.8231875
2971.162437
19
3
1447.6939125
1782.6974625
20
3
1113.610702
1371.305740
22
3
1113.610702
1371.305740
23
3
1113.610702
1371.305740
32
90红
7
16
2
90331.314375
107679.7125
17
2
18066.262875
21535.9425
18
2
3011.0438125
3589.32375
19
2
1806.6262875
2153.59425
20
2
1389.712529
1656.610962
22
2
1389.712529
1656.610962
23
2
1389.712529
1656.610962
33
90高
7
16
1
107679.7125
119644.125
17
1
21535.9425
23928.825
18
1
3589.32375
3988.1375
19
1
2153.59425
2392.8825
20
1
1656.610962
1840.678846
22
1
1656.610962
1840.678846
23
1
1656.610962
1840.678846
34
60精选(HP，攻击，防御，命中，躲闪）
6
16
1
29850.435
35583.3
18
1
995.0145
1186.11
19
1
597.0087
711.666
20
1
459.237462
547.435385
22
1
459.237462
547.435385
23
1
459.237462
547.435385
35
60精选（攻击，命中）
3
18
1
995.0145
1186.11
19
1
597.0087
711.666
22
1
459.237462
547.435385
36
60精选（HP，防御，躲闪）
3
16
1
29850.435
35583.3
20
1
459.237462
547.435385
23
1
459.237462
547.435385
37
75精选(HP，攻击，防御，命中，躲闪）
6
16
1
55377.4096875
66012.806250
18
1
1845.913656
2200.426875
19
1
1107.548194
1320.256125
20
1
851.960149
1015.581635
22
1
851.960149
1015.581635
23
1
851.960149
1015.581635
38
75精选（攻击，命中）
3
18
1
1845.913656
2200.426875
19
1
1107.548194
1320.256125
22
1
851.960149
1015.581635
39
75精选（HP，防御，躲闪）
3
16
1
55377.4096875
66012.806250
20
1
851.960149
1015.581635
23
1
851.960149
1015.581635
40
90精选(HP，攻击，防御，命中，躲闪）
6
16
1
90331.314375
107679.7125
18
1
3011.0438125
3589.32375
19
1
1806.6262875
2153.59425
20
1
1389.712529
1656.610962
22
1
1389.712529
1656.610962
23
1
1389.712529
1656.610962
41
90精选（攻击，命中）
3
18
1
3011.0438125
3589.32375
19
1
1806.6262875
2153.59425
22
1
1389.712529
1656.610962
42
90精选（HP，防御，躲闪）
3
16
1
90331.314375
107679.7125
20
1
1389.712529
1656.610962
23
1
1389.712529
1656.610962
43
60精选2(HP，攻击，防御，命中，躲闪）
6
16
1
35583.3
39537
18
1
1186.11
1317.9
19
1
711.666
790.74
20
1
547.435385
608.261538
22
1
547.435385
608.261538
23
1
547.435385
608.261538
44
60精选2（攻击，命中）
3
18
1
1186.11
1317.9
19
1
711.666
790.74
22
1
547.435385
608.261538
45
60精选2（HP，防御，躲闪）
3
16
1
35583.3
39537
20
1
547.435385
608.261538
23
1
547.435385
608.261538
46
75精选2(HP，攻击，防御，命中，躲闪）
6
16
1
66012.806250
73347.5625
18
1
2200.426875
2444.91875
19
1
1320.256125
1466.95125
20
1
1015.581635
1128.424038
22
1
1015.581635
1128.424038
23
1
1015.581635
1128.424038
47
75精选2（攻击，命中）
3
18
1
2200.426875
2444.91875
19
1
1320.256125
1466.95125
22
1
1015.581635
1128.424038
48
75精选2（HP，防御，躲闪）
3
16
1
66012.806250
73347.5625
20
1
1015.581635
1128.424038
23
1
1015.581635
1128.424038
49
90精选2(HP，攻击，防御，命中，躲闪）
6
16
1
107679.7125
119644.125
18
1
3589.32375
3988.1375
19
1
2153.59425
2392.8825
20
1
1656.610962
1840.678846
22
1
1656.610962
1840.678846
23
1
1656.610962
1840.678846
50
90精选2（攻击，命中）
3
18
1
3589.32375
3988.1375
19
1
2153.59425
2392.8825
22
1
1656.610962
1840.678846
51
90精选2（HP，防御，躲闪）
3
16
1
107679.7125
119644.125
20
1
1656.610962
1840.678846
23
1
1656.610962
1840.678846
100001
30白
7
6
7
0.005017
0.0097825
8
7
0.012542
0.024456
7
7
0.005017
0.0097825
9
7
0.012542
0.024456
15
7
0.008361
0.016304
13
7
0.007525
0.014674
12
7
0.007525
0.014674
100002
30绿
7
6
6
0.010284
0.0173075
8
6
0.025710
0.043269
7
6
0.010284
0.0173075
9
6
0.025710
0.043269
15
6
0.017140
0.028846
13
6
0.015426
0.025961
12
6
0.015426
0.025961
100003
30蓝
7
6
5
0.017809
0.022324
8
5
0.044523
0.055810
7
5
0.017809
0.022324
9
5
0.044523
0.055810
15
5
0.029682
0.037207
13
5
0.026714
0.033486
12
5
0.026714
0.033486
100004
30紫
7
6
4
0.022826
0.029849
8
4
0.057065
0.074623
7
4
0.022826
0.029849
9
4
0.057065
0.074623
15
4
0.038043
0.049749
13
4
0.034239
0.044774
12
4
0.034239
0.044774
100005
30橙
7
6
3
0.030351
0.037374
8
3
0.075877
0.093435
7
3
0.030351
0.037374
9
3
0.075877
0.093435
15
3
0.050585
0.062290
13
3
0.045526
0.056061
12
3
0.045526
0.056061
100006
30高
7
6
2
0.037876
0.050167
8
2
0.094690
0.125417
7
2
0.037876
0.050167
9
2
0.094690
0.125417
15
2
0.063126
0.083611
13
2
0.056814
0.07525
12
2
0.056814
0.07525
100007
45白
7
6
7
0.00865
0.0168675
8
7
0.021625
0.042169
7
7
0.00865
0.0168675
9
7
0.021625
0.042169
15
7
0.014417
0.0281125
13
7
0.012975
0.025301
12
7
0.012975
0.025301
100008
45绿
7
6
6
0.0177325
0.0298425
8
6
0.044331
0.074606
7
6
0.0177325
0.0298425
9
6
0.044331
0.074606
15
6
0.029554
0.0497375
13
6
0.026599
0.044764
12
6
0.026599
0.044764
100009
45蓝
7
6
5
0.0307075
0.0384925
8
5
0.076769
0.096231
7
5
0.0307075
0.0384925
9
5
0.076769
0.096231
15
5
0.051179
0.064154
13
5
0.046061
0.057739
12
5
0.046061
0.057739
100010
45紫
7
6
4
0.0393575
0.0514675
8
4
0.098394
0.128669
7
4
0.0393575
0.0514675
9
4
0.098394
0.128669
15
4
0.065596
0.085779
13
4
0.059036
0.077201
12
4
0.059036
0.077201
100011
45橙
7
6
3
0.0523325
0.0644425
8
3
0.130831
0.161106
7
3
0.0523325
0.0644425
9
3
0.130831
0.161106
15
3
0.087221
0.107404
13
3
0.078499
0.096664
12
3
0.078499
0.096664
100012
45红
7
6
2
0.0653075
0.0865
8
2
0.163269
0.21625
7
2
0.0653075
0.0865
9
2
0.163269
0.21625
15
2
0.108846
0.144167
13
2
0.097961
0.12975
12
2
0.097961
0.12975
100013
60白
11
6
7
0.010383
0.0202475
8
7
0.025958
0.050619
7
7
0.010383
0.0202475
9
7
0.025958
0.050619
2
7
0.014159
0.027610
4
7
0.03115
0.0607425
3
7
0.014159
0.027610
5
7
0.03115
0.0607425
15
7
0.017306
0.033746
13
7
0.015575
0.030371
12
7
0.015575
0.030371
100014
60绿
11
6
6
0.021286
0.0358225
8
6
0.053215
0.089556
7
6
0.021286
0.0358225
9
6
0.053215
0.089556
2
6
0.029026
0.048849
4
6
0.0638575
0.1074675
3
6
0.029026
0.048849
5
6
0.0638575
0.1074675
15
6
0.035476
0.059704
13
6
0.031929
0.053734
12
6
0.031929
0.053734
100015
60蓝
11
6
5
0.036861
0.046206
8
5
0.092152
0.115515
7
5
0.036861
0.046206
9
5
0.092152
0.115515
2
5
0.050265
0.063008
4
5
0.1105825
0.1386175
3
5
0.050265
0.063008
5
5
0.1105825
0.1386175
15
5
0.061435
0.077010
13
5
0.055291
0.069309
12
5
0.055291
0.069309
100016
60紫
11
6
4
0.047244
0.061781
8
4
0.118110
0.154452
7
4
0.047244
0.061781
9
4
0.118110
0.154452
2
4
0.064424
0.084247
4
4
0.1417325
0.1853425
3
4
0.064424
0.084247
5
4
0.1417325
0.1853425
15
4
0.078740
0.102968
13
4
0.070866
0.092671
12
4
0.070866
0.092671
100017
60橙
11
6
3
0.062819
0.077356
8
3
0.157048
0.193390
7
3
0.062819
0.077356
9
3
0.157048
0.193390
2
3
0.0856625
0.105485
4
3
0.1884575
0.2320675
3
3
0.0856625
0.105485
5
3
0.1884575
0.2320675
15
3
0.104699
0.128926
13
3
0.094229
0.116034
12
3
0.094229
0.116034
100018
60红
11
6
2
0.078394
0.09345
8
2
0.195985
0.233625
7
2
0.078394
0.09345
9
2
0.195985
0.233625
2
2
0.106901
0.127432
4
2
0.2351825
0.28035
3
2
0.106901
0.127432
5
2
0.2351825
0.28035
15
2
0.130657
0.15575
13
2
0.117591
0.140175
12
2
0.117591
0.140175
100019
60高
11
6
1
0.09345
0.103833
8
1
0.233625
0.259583
7
1
0.09345
0.103833
9
1
0.233625
0.259583
2
1
0.127432
0.141591
4
1
0.28035
0.3115
3
1
0.127432
0.141591
5
1
0.28035
0.3115
15
1
0.15575
0.173056
13
1
0.140175
0.15575
12
1
0.140175
0.15575
100020
75白
11
6
7
0.013567
0.026455
8
7
0.033917
0.0661375
7
7
0.013567
0.026455
9
7
0.033917
0.0661375
2
7
0.0185
0.036075
4
7
0.0407
0.079365
3
7
0.0185
0.036075
5
7
0.0407
0.079365
15
7
0.022611
0.044092
13
7
0.02035
0.0396825
12
7
0.02035
0.0396825
100021
75绿
11
6
6
0.027812
0.046805
8
6
0.069529
0.1170125
7
6
0.027812
0.046805
9
6
0.069529
0.1170125
2
6
0.037925
0.063825
4
6
0.083435
0.140415
3
6
0.037925
0.063825
5
6
0.083435
0.140415
15
6
0.046353
0.078008
13
6
0.0417175
0.0702075
12
6
0.0417175
0.0702075
100022
75蓝
11
6
5
0.048162
0.060372
8
5
0.120404
0.150929
7
5
0.048162
0.060372
9
5
0.120404
0.150929
2
5
0.065675
0.082325
4
5
0.144485
0.181115
3
5
0.065675
0.082325
5
5
0.144485
0.181115
15
5
0.080269
0.100619
13
5
0.0722425
0.0905575
12
5
0.0722425
0.0905575
100023
75紫
11
6
4
0.061728
0.080722
8
4
0.154321
0.201804
7
4
0.061728
0.080722
9
4
0.154321
0.201804
2
4
0.084175
0.110075
4
4
0.185185
0.242165
3
4
0.084175
0.110075
5
4
0.185185
0.242165
15
4
0.102881
0.134536
13
4
0.0925925
0.1210825
12
4
0.0925925
0.1210825
100024
75橙
11
6
3
0.082078
0.101072
8
3
0.205196
0.252679
7
3
0.082078
0.101072
9
3
0.205196
0.252679
2
3
0.111925
0.137825
4
3
0.246235
0.303215
3
3
0.111925
0.137825
5
3
0.246235
0.303215
15
3
0.136797
0.168453
13
3
0.1231175
0.1516075
12
3
0.1231175
0.1516075
100025
75红
11
6
2
0.102428
0.1221
8
2
0.256071
0.30525
7
2
0.102428
0.1221
9
2
0.256071
0.30525
2
2
0.139675
0.1665
4
2
0.307285
0.3663
3
2
0.139675
0.1665
5
2
0.307285
0.3663
15
2
0.170714
0.2035
13
2
0.1536425
0.18315
12
2
0.1536425
0.18315
100026
75高
11
6
1
0.1221
0.135667
8
1
0.30525
0.339167
7
1
0.1221
0.135667
9
1
0.30525
0.339167
2
1
0.1665
0.185
4
1
0.3663
0.407
3
1
0.1665
0.185
5
1
0.3663
0.407
15
1
0.2035
0.226111
13
1
0.18315
0.2035
12
1
0.18315
0.2035
100027
90白
11
6
7
0.01575
0.0307125
8
7
0.039375
0.076781
7
7
0.01575
0.0307125
9
7
0.039375
0.076781
2
7
0.021477
0.041881
4
7
0.04725
0.0921375
3
7
0.021477
0.041881
5
7
0.04725
0.0921375
15
7
0.02625
0.0511875
13
7
0.023625
0.046069
12
7
0.023625
0.046069
100028
90绿
11
6
6
0.0322875
0.0543375
8
6
0.080719
0.135844
7
6
0.0322875
0.0543375
9
6
0.080719
0.135844
2
6
0.044028
0.074097
4
6
0.0968625
0.1630125
3
6
0.044028
0.074097
5
6
0.0968625
0.1630125
15
6
0.0538125
0.0905625
13
6
0.048431
0.081506
12
6
0.048431
0.081506
100029
90蓝
11
6
5
0.0559125
0.0700875
8
5
0.139781
0.175219
7
5
0.0559125
0.0700875
9
5
0.139781
0.175219
2
5
0.076244
0.095574
4
5
0.1677375
0.2102625
3
5
0.076244
0.095574
5
5
0.1677375
0.2102625
15
5
0.0931875
0.1168125
13
5
0.083869
0.105131
12
5
0.083869
0.105131
100030
90紫
11
6
4
0.0716625
0.0937125
8
4
0.179156
0.234281
7
4
0.0716625
0.0937125
9
4
0.179156
0.234281
2
4
0.097722
0.127790
4
4
0.2149875
0.2811375
3
4
0.097722
0.127790
5
4
0.2149875
0.2811375
15
4
0.1194375
0.1561875
13
4
0.107494
0.140569
12
4
0.107494
0.140569
100031
90橙
11
6
3
0.0952875
0.1173375
8
3
0.238219
0.293344
7
3
0.0952875
0.1173375
9
3
0.238219
0.293344
2
3
0.1299375
0.160006
4
3
0.2858625
0.3520125
3
3
0.1299375
0.160006
5
3
0.2858625
0.3520125
15
3
0.1588125
0.1955625
13
3
0.142931
0.176006
12
3
0.142931
0.176006
100032
90红
11
6
2
0.1189125
0.14175
8
2
0.297281
0.354375
7
2
0.1189125
0.14175
9
2
0.297281
0.354375
2
2
0.162153
0.193295
4
2
0.3567375
0.42525
3
2
0.162153
0.193295
5
2
0.3567375
0.42525
15
2
0.1981875
0.23625
13
2
0.178369
0.212625
12
2
0.178369
0.212625
100033
90高
11
6
1
0.14175
0.1575
8
1
0.354375
0.39375
7
1
0.14175
0.1575
9
1
0.354375
0.39375
2
1
0.193295
0.214773
4
1
0.42525
0.4725
3
1
0.193295
0.214773
5
1
0.42525
0.4725
15
1
0.23625
0.2625
13
1
0.212625
0.23625
12
1
0.212625
0.23625
100034
60精选（暴击，暴击伤害，卓越一击，卓越一击伤害）
4
6
1
0.078394
0.09345
8
1
0.195985
0.233625
2
1
0.106901
0.127432
4
1
0.2351825
0.28035
100035
60精选（韧性，暴击伤害减免，卓越一击减免，卓越一击伤害减免）
4
7
1
0.078394
0.09345
9
1
0.195985
0.233625
3
1
0.106901
0.127432
5
1
0.2351825
0.28035
100036
60精选（异常命中率，异常抵抗，幸运）
3
15
1
0.130657
0.15575
13
1
0.117591
0.140175
12
1
0.117591
0.140175
100037
75精选（暴击，暴击伤害，卓越一击，卓越一击伤害）
4
6
1
0.102428
0.1221
8
1
0.256071
0.30525
2
1
0.139675
0.1665
4
1
0.307285
0.3663
100038
75精选（韧性，暴击伤害减免，卓越一击减免，卓越一击伤害减免）
4
7
1
0.102428
0.1221
9
1
0.256071
0.30525
3
1
0.139675
0.1665
5
1
0.307285
0.3663
100039
75精选（异常命中率，异常抵抗，幸运）
3
15
1
0.170714
0.2035
13
1
0.1536425
0.18315
12
1
0.1536425
0.18315
100040
90精选（暴击，暴击伤害，卓越一击，卓越一击伤害）
4
6
1
0.1189125
0.14175
8
1
0.297281
0.354375
2
1
0.162153
0.193295
4
1
0.3567375
0.42525
100041
90精选（韧性，暴击伤害减免，卓越一击减免，卓越一击伤害减免）
4
7
1
0.1189125
0.14175
9
1
0.297281
0.354375
3
1
0.162153
0.193295
5
1
0.3567375
0.42525
100042
90精选（异常命中率，异常抵抗，幸运）
3
15
1
0.1981875
0.23625
13
1
0.178369
0.212625
12
1
0.178369
0.212625
100043
60精选2（暴击，暴击伤害，卓越一击，卓越一击伤害）
4
6
1
0.09345
0.103833
8
1
0.233625
0.259583
2
1
0.127432
0.141591
4
1
0.28035
0.3115
100044
60精选2（韧性，暴击伤害减免，卓越一击减免，卓越一击伤害减免）
4
7
1
0.09345
0.103833
9
1
0.233625
0.259583
3
1
0.127432
0.141591
5
1
0.28035
0.3115
100045
60精选2（异常命中率，异常抵抗，幸运）
3
15
1
0.15575
0.173056
13
1
0.140175
0.15575
12
1
0.140175
0.15575
100046
75精选2（暴击，暴击伤害，卓越一击，卓越一击伤害）
4
6
1
0.1221
0.135667
8
1
0.30525
0.339167
2
1
0.1665
0.185
4
1
0.3663
0.407
100047
75精选2（韧性，暴击伤害减免，卓越一击减免，卓越一击伤害减免）
4
7
1
0.1221
0.135667
9
1
0.30525
0.339167
3
1
0.1665
0.185
5
1
0.3663
0.407
100048
75精选2（异常命中率，异常抵抗，幸运）
3
15
1
0.2035
0.226111
13
1
0.18315
0.2035
12
1
0.18315
0.2035
100049
90精选2（暴击，暴击伤害，卓越一击，卓越一击伤害）
4
6
1
0.14175
0.1575
8
1
0.354375
0.39375
2
1
0.193295
0.214773
4
1
0.42525
0.4725
100050
90精选2（韧性，暴击伤害减免，卓越一击减免，卓越一击伤害减免）
4
7
1
0.14175
0.1575
9
1
0.354375
0.39375
3
1
0.193295
0.214773
5
1
0.42525
0.4725
100051
90精选2（异常命中率，异常抵抗，幸运）
3
15
1
0.23625
0.2625
13
1
0.212625
0.23625
12
1
0.212625
0.23625
200001
30白
7
16
7
136.5
266.175
17
7
27.3
53.235
18
7
4.55
8.8725
19
7
2.73
5.3235
20
7
2.1
4.095
22
7
2.1
4.095
23
7
2.1
4.095
200002
30绿
7
16
6
279.825
470.925
17
6
55.965
94.185
18
6
9.3275
15.6975
19
6
5.5965
9.4185
20
6
4.305
7.245
22
6
4.305
7.245
23
6
4.305
7.245
200003
30蓝
7
16
5
484.575
607.425
17
5
96.915
121.485
18
5
16.1525
20.2475
19
5
9.6915
12.1485
20
5
7.455
9.345
22
5
7.455
9.345
23
5
7.455
9.345
200004
30紫
7
16
4
621.075
812.175
17
4
124.215
162.435
18
4
20.7025
27.0725
19
4
12.4215
16.2435
20
4
9.555
12.495
22
4
9.555
12.495
23
4
9.555
12.495
200005
30橙
7
16
3
825.825
1016.925
17
3
165.165
203.385
18
3
27.5275
33.8975
19
3
16.5165
20.3385
20
3
12.705
15.645
22
3
12.705
15.645
23
3
12.705
15.645
200030
30红
7
16
2
1030.575
1365
17
2
206.115
273
18
2
34.3525
45.5
19
2
20.6115
27.3
20
2
15.855
21
22
2
15.855
21
23
2
15.855
21
200006
45白
7
16
7
382.2
745.29
17
7
76.44
149.058
18
7
12.74
24.843
19
7
7.644
14.9058
20
7
5.88
11.466
22
7
5.88
11.466
23
7
5.88
11.466
200007
45绿
7
16
6
783.51
1318.59
17
6
156.702
263.718
18
6
26.117
43.953
19
6
15.6702
26.3718
20
6
12.054
20.286
22
6
12.054
20.286
23
6
12.054
20.286
200008
45蓝
7
16
5
1356.81
1700.79
17
5
271.362
340.158
18
5
45.227
56.693
19
5
27.1362
34.0158
20
5
20.874
26.166
22
5
20.874
26.166
23
5
20.874
26.166
200009
45紫
7
16
4
1739.01
2274.09
17
4
347.802
454.818
18
4
57.967
75.803
19
4
34.7802
45.4818
20
4
26.754
34.986
22
4
26.754
34.986
23
4
26.754
34.986
200010
45橙
7
16
3
2312.31
2847.39
17
3
462.462
569.478
18
3
77.077
94.913
19
3
46.2462
56.9478
20
3
35.574
43.806
22
3
35.574
43.806
23
3
35.574
43.806
200029
45红
7
16
2
2885.61
3822
17
2
577.122
764.4
18
2
96.187
127.4
19
2
57.7122
76.44
20
2
44.394
58.8
22
2
44.394
58.8
23
2
44.394
58.8
200011
60白
7
16
7
790.74
1541.943
17
7
158.148
308.3886
18
7
26.358
51.3981
19
7
15.8148
30.83886
20
7
12.165231
23.7222
22
7
12.165231
23.7222
23
7
12.165231
23.7222
200012
60绿
7
16
6
1621.017
2728.053
17
6
324.2034
545.6106
18
6
54.0339
90.9351
19
6
32.42034
54.56106
20
6
24.938723
41.970046
22
6
24.938723
41.970046
23
6
24.938723
41.970046
200013
60蓝
7
16
5
2807.127
3518.793
17
5
561.4254
703.7586
18
5
93.5709
117.2931
19
5
56.14254
70.37586
20
5
43.186569
54.135277
22
5
43.186569
54.135277
23
5
43.186569
54.135277
200014
60紫
7
16
4
3597.867
4704.903
17
4
719.5734
940.9806
18
4
119.9289
156.8301
19
4
71.95734
94.09806
20
4
55.3518
72.383123
22
4
55.3518
72.383123
23
4
55.3518
72.383123
200015
60橙
7
16
3
4783.977
5891.013
17
3
956.7954
1178.2026
18
3
159.4659
196.3671
19
3
95.67954
117.82026
20
3
73.599646
90.630969
22
3
73.599646
90.630969
23
3
73.599646
90.630969
200016
60红
7
16
2
5970.087
7907.4
17
2
1194.0174
1581.48
18
2
199.0029
263.58
19
2
119.40174
158.148
20
2
91.847492
121.652308
22
2
91.847492
121.652308
23
2
91.847492
121.652308
200017
75白
7
16
7
1466.95125
2860.5549375
17
7
293.39025
572.110988
18
7
48.898375
95.351831
19
7
29.339025
57.211099
20
7
22.568481
44.0085375
22
7
22.568481
44.0085375
23
7
22.568481
44.0085375
200018
75绿
7
16
6
3007.2500625
5060.9818125
17
6
601.4500125
1012.1963625
18
6
100.241669
168.699394
19
6
60.145001
101.219636
20
6
46.265386
77.861259
22
6
46.265386
77.861259
23
6
46.265386
77.861259
200019
75蓝
7
16
5
5207.6769375
6527.9330625
17
5
1041.5353875
1305.5866125
18
5
173.589231
217.597769
19
5
104.153539
130.558661
20
5
80.118107
100.429739
22
5
80.118107
100.429739
23
5
80.118107
100.429739
200020
75紫
7
16
4
6674.6281875
8728.3599375
17
4
1334.925638
1745.671988
18
4
222.487606
290.945331
19
4
133.492564
174.567199
20
4
102.6865875
134.282461
22
4
102.6865875
134.282461
23
4
102.6865875
134.282461
200021
75橙
7
16
3
8875.0550625
10928.786813
17
3
1775.0110125
2185.757363
18
3
295.835169
364.292894
19
3
177.501101
218.575736
20
3
136.539309
168.135182
22
3
136.539309
168.135182
23
3
136.539309
168.135182
200022
75红
7
16
2
11075.4819375
14669.5125
17
2
2215.0963875
2933.9025
18
2
369.182731
488.98375
19
2
221.509639
293.39025
20
2
170.392030
225.684808
22
2
170.392030
225.684808
23
2
170.392030
225.684808
200023
90白
7
16
7
2392.8825
4666.120875
17
7
478.5765
933.224175
18
7
79.76275
155.537363
19
7
47.85765
93.3224175
20
7
36.813577
71.786475
22
7
36.813577
71.786475
23
7
36.813577
71.786475
200024
90绿
7
16
6
4905.409125
8255.444625
17
6
981.081825
1651.088925
18
6
163.513638
275.1814875
19
6
98.1081825
165.108893
20
6
75.467833
127.006840
22
6
75.467833
127.006840
23
6
75.467833
127.006840
200025
90蓝
7
16
5
8494.732875
10648.327125
17
5
1698.946575
2129.665425
18
5
283.1577625
354.944238
19
5
169.8946575
212.9665425
20
5
130.688198
163.820417
22
5
130.688198
163.820417
23
5
130.688198
163.820417
200026
90紫
7
16
4
10887.615375
14237.650875
17
4
2177.523075
2847.530175
18
4
362.920513
474.5883625
19
4
217.7523075
284.753018
20
4
167.501775
219.040783
22
4
167.501775
219.040783
23
4
167.501775
219.040783
200027
90橙
7
16
3
14476.939125
17826.974625
17
3
2895.387825
3565.394925
18
3
482.5646375
594.2324875
19
3
289.5387825
356.539493
20
3
222.722140
274.261148
22
3
222.722140
274.261148
23
3
222.722140
274.261148
200028
90红
7
16
2
18066.262875
23928.825
17
2
3613.252575
4785.765
18
2
602.2087625
797.6275
19
2
361.325258
478.5765
20
2
277.942506
368.135769
22
2
277.942506
368.135769
23
2
277.942506
368.135769
