5
25
18
16
1365
17
273
18
45.5
19
27.3
20
21
22
21
23
21
6
0.010033
8
0.025083
7
0.010033
9
0.025083
2
0.013682
4
0.0301
3
0.013682
5
0.0301
15
0.016722
13
0.01505
12
0.01505
40
18
16
3822
17
764.4
18
127.4
19
76.44
20
58.8
22
58.8
23
58.8
6
0.0173
8
0.04325
7
0.0173
9
0.04325
2
0.023591
4
0.0519
3
0.023591
5
0.0519
15
0.028833
13
0.02595
12
0.02595
55
18
16
7907.4
17
1581.48
18
263.58
19
158.148
20
121.652308
22
121.652308
23
121.652308
6
0.020767
8
0.051917
7
0.020767
9
0.051917
2
0.028318
4
0.0623
3
0.028318
5
0.0623
15
0.034611
13
0.03115
12
0.03115
70
18
16
14669.5125
17
2933.9025
18
488.98375
19
293.39025
20
225.684808
22
225.684808
23
225.684808
6
0.027133
8
0.067833
7
0.027133
9
0.067833
2
0.037
4
0.0814
3
0.037
5
0.0814
15
0.045222
13
0.0407
12
0.0407
85
18
16
23928.825
17
4785.765
18
797.6275
19
478.5765
20
368.135769
22
368.135769
23
368.135769
6
0.0315
8
0.07875
7
0.0315
9
0.07875
2
0.042955
4
0.0945
3
0.042955
5
0.0945
15
0.0525
13
0.04725
12
0.04725
