389
51110001
1级武器绿_青云门
1
5
2
18
14
19
20
51110002
1级武器蓝_青云门
1
5
2
18
19
19
26
51110003
1级武器紫_青云门
1
5
2
18
26
19
36
51110004
1级武器橙_青云门
1
5
2
18
36
19
50
51110005
15级武器绿_青云门
2
5
2
18
37
19
51
9
1
6
0.012
51110006
15级武器蓝_青云门
2
5
2
18
50
19
68
9
1
6
0.016
51110007
15级武器紫_青云门
2
5
2
18
68
19
94
9
1
6
0.022
51110008
15级武器橙_青云门
2
5
2
18
93
19
128
9
1
6
0.03
51110009
30级武器绿_青云门
3
5
2
18
38
19
53
9
1
6
0.012
11
2
18
82
19
112
51110010
30级武器蓝_青云门
3
5
2
18
51
19
71
9
1
6
0.016
11
2
18
109
19
150
51110011
30级武器紫_青云门
3
5
2
18
71
19
97
9
1
6
0.022
11
2
18
150
19
206
51110012
30级武器橙_青云门
3
5
2
18
96
19
132
9
1
6
0.03
11
2
18
205
19
281
51110013
45级武器绿_青云门
4
5
2
18
60
19
82
9
1
6
0.018
11
2
18
127
19
175
13
1
8
0.06
51110014
45级武器蓝_青云门
4
5
2
18
80
19
110
9
1
6
0.024
11
2
18
170
19
233
13
1
8
0.08
51110015
45级武器紫_青云门
4
5
2
18
110
19
151
9
1
6
0.033
11
2
18
233
19
321
13
1
8
0.11
51110016
45级武器橙_青云门
4
5
2
18
150
19
206
9
1
6
0.045
11
2
18
318
19
438
13
1
8
0.15
51110017
60级武器绿_青云门
5
5
2
18
62
19
86
9
1
6
0.018
11
2
18
132
19
182
13
1
8
0.075
15
2
18
195
19
268
51110018
60级武器蓝_青云门
5
5
2
18
83
19
114
9
1
6
0.024
11
2
18
177
19
243
13
1
8
0.1
15
2
18
260
19
357
51110019
60级武器紫_青云门
5
5
2
18
114
19
157
9
1
6
0.033
11
2
18
243
19
334
13
1
8
0.138
15
2
18
357
19
491
51110020
60级武器橙_青云门
5
5
2
18
156
19
214
9
1
6
0.045
11
2
18
331
19
455
13
1
8
0.188
15
2
18
487
19
669
51110021
60级武器红_青云门
5
5
2
18
208
19
286
9
1
6
0.06
11
2
18
441
19
607
13
1
8
0.25
15
2
18
649
19
892
51110022
75级武器绿_青云门
5
5
2
18
91
19
125
9
1
6
0.024
11
2
18
193
19
266
13
1
8
0.09
15
2
18
284
19
391
51110023
75级武器蓝_青云门
5
5
2
18
121
19
167
9
1
6
0.032
11
2
18
258
19
355
13
1
8
0.12
15
2
18
379
19
521
51110024
75级武器紫_青云门
5
5
2
18
167
19
229
9
1
6
0.044
11
2
18
355
19
488
13
1
8
0.165
15
2
18
521
19
717
51110025
75级武器橙_青云门
5
5
2
18
228
19
313
9
1
6
0.06
11
2
18
484
19
665
13
1
8
0.225
15
2
18
711
19
978
51110026
75级武器红_青云门
5
5
2
18
303
19
417
9
1
6
0.08
11
2
18
645
19
886
13
1
8
0.3
15
2
18
948
19
1304
51110027
90级武器绿_青云门
5
5
2
18
117
19
161
9
1
6
0.024
11
2
18
249
19
342
13
1
8
0.105
15
2
18
366
19
503
51110028
90级武器蓝_青云门
5
5
2
18
156
19
215
9
1
6
0.032
11
2
18
332
19
456
13
1
8
0.14
15
2
18
488
19
671
51110029
90级武器紫_青云门
5
5
2
18
215
19
295
9
1
6
0.044
11
2
18
456
19
627
13
1
8
0.193
15
2
18
671
19
922
51110030
90级武器橙_青云门
5
5
2
18
293
19
402
9
1
6
0.06
11
2
18
622
19
855
13
1
8
0.263
15
2
18
915
19
1258
51110031
90级武器红_青云门
5
5
2
18
390
19
537
9
1
6
0.08
11
2
18
829
19
1140
13
1
8
0.35
15
2
18
1220
19
1677
51210001
1级衣服绿_青云门
1
5
1
20
24
51210002
1级衣服蓝_青云门
1
5
1
20
32
51210003
1级衣服紫_青云门
1
5
1
20
44
51210004
1级衣服橙_青云门
1
5
1
20
59
51210005
15级衣服绿_青云门
2
5
1
20
28
9
1
7
0.024
51210006
15级衣服蓝_青云门
2
5
1
20
37
9
1
7
0.032
51210007
15级衣服紫_青云门
2
5
1
20
51
9
1
7
0.044
51210008
15级衣服橙_青云门
2
5
1
20
70
9
1
7
0.06
51210009
30级衣服绿_青云门
3
5
1
20
29
9
1
7
0.024
11
1
20
61
51210010
30级衣服蓝_青云门
3
5
1
20
38
9
1
7
0.032
11
1
20
82
51210011
30级衣服紫_青云门
3
5
1
20
53
9
1
7
0.044
11
1
20
112
51210012
30级衣服橙_青云门
3
5
1
20
72
9
1
7
0.06
11
1
20
153
51210013
45级衣服绿_青云门
4
5
1
20
45
9
1
7
0.036
11
1
20
96
13
1
9
0.03
51210014
45级衣服蓝_青云门
4
5
1
20
60
9
1
7
0.048
11
1
20
127
13
1
9
0.04
51210015
45级衣服紫_青云门
4
5
1
20
82
9
1
7
0.066
11
1
20
175
13
1
9
0.055
51210016
45级衣服橙_青云门
4
5
1
20
112
9
1
7
0.09
11
1
20
239
13
1
9
0.075
51210017
60级衣服绿_青云门
5
5
1
20
47
9
1
7
0.036
11
1
20
99
13
1
9
0.045
15
1
20
146
51210018
60级衣服蓝_青云门
5
5
1
20
62
9
1
7
0.048
11
1
20
132
13
1
9
0.06
15
1
20
195
51210019
60级衣服紫_青云门
5
5
1
20
86
9
1
7
0.066
11
1
20
182
13
1
9
0.083
15
1
20
268
51210020
60级衣服橙_青云门
5
5
1
20
117
9
1
7
0.09
11
1
20
248
13
1
9
0.113
15
1
20
365
51210021
60级衣服红_青云门
5
5
1
20
156
9
1
7
0.12
11
1
20
331
13
1
9
0.15
15
1
20
487
51210022
75级衣服绿_青云门
5
5
1
20
68
9
1
7
0.048
11
1
20
145
13
1
9
0.06
15
1
20
213
51210023
75级衣服蓝_青云门
5
5
1
20
91
9
1
7
0.064
11
1
20
193
13
1
9
0.08
15
1
20
284
51210024
75级衣服紫_青云门
5
5
1
20
125
9
1
7
0.088
11
1
20
266
13
1
9
0.11
15
1
20
391
51210025
75级衣服橙_青云门
5
5
1
20
171
9
1
7
0.12
11
1
20
363
13
1
9
0.15
15
1
20
533
51210026
75级衣服红_青云门
5
5
1
20
228
9
1
7
0.16
11
1
20
484
13
1
9
0.2
15
1
20
711
51210027
90级衣服绿_青云门
5
5
1
20
88
9
1
7
0.048
11
1
20
187
13
1
9
0.06
15
1
20
274
51210028
90级衣服蓝_青云门
5
5
1
20
117
9
1
7
0.064
11
1
20
249
13
1
9
0.08
15
1
20
366
51210029
90级衣服紫_青云门
5
5
1
20
161
9
1
7
0.088
11
1
20
342
13
1
9
0.11
15
1
20
503
51210030
90级衣服橙_青云门
5
5
1
20
220
9
1
7
0.12
11
1
20
466
13
1
9
0.15
15
1
20
686
51210031
90级衣服红_青云门
5
5
1
20
293
9
1
7
0.16
11
1
20
622
13
1
9
0.2
15
1
20
915
51310001
1级帽子绿_青云门
1
5
1
22
10
51310002
1级帽子蓝_青云门
1
5
1
22
13
51310003
1级帽子紫_青云门
1
5
1
22
18
51310004
1级帽子橙_青云门
1
5
1
22
25
51310005
15级帽子绿_青云门
2
5
1
22
20
9
1
22
30
51310006
15级帽子蓝_青云门
2
5
1
22
27
9
1
22
41
51310007
15级帽子紫_青云门
2
5
1
22
37
9
1
22
56
51310008
15级帽子橙_青云门
2
5
1
22
51
9
1
22
76
51310009
30级帽子绿_青云门
3
5
1
22
30
9
1
22
45
11
1
22
60
51310010
30级帽子蓝_青云门
3
5
1
22
40
9
1
22
60
11
1
22
80
51310011
30级帽子紫_青云门
3
5
1
22
55
9
1
22
82
11
1
22
109
51310012
30级帽子橙_青云门
3
5
1
22
75
9
1
22
112
11
1
22
149
51310013
45级帽子绿_青云门
4
5
1
22
38
9
1
22
57
11
1
22
76
13
1
22
95
51310014
45级帽子蓝_青云门
4
5
1
22
51
9
1
22
76
11
1
22
102
13
1
22
127
51310015
45级帽子紫_青云门
4
5
1
22
70
9
1
22
105
11
1
22
140
13
1
22
175
51310016
45级帽子橙_青云门
4
5
1
22
95
9
1
22
143
11
1
22
191
13
1
22
238
51310017
60级帽子绿_青云门
5
5
1
22
43
9
1
22
64
11
1
22
86
13
1
22
107
15
1
22
129
51310018
60级帽子蓝_青云门
5
5
1
22
57
9
1
22
86
11
1
22
114
13
1
22
143
15
1
22
172
51310019
60级帽子紫_青云门
5
5
1
22
79
9
1
22
118
11
1
22
157
13
1
22
197
15
1
22
236
51310020
60级帽子橙_青云门
5
5
1
22
107
9
1
22
161
11
1
22
215
13
1
22
268
15
1
22
322
51310021
60级帽子红_青云门
5
5
1
22
143
9
1
22
215
11
1
22
286
13
1
22
358
15
1
22
429
51310022
75级帽子绿_青云门
5
5
1
22
69
9
1
22
103
11
1
22
137
13
1
22
172
15
1
22
206
51310023
75级帽子蓝_青云门
5
5
1
22
92
9
1
22
137
11
1
22
183
13
1
22
229
15
1
22
275
51310024
75级帽子紫_青云门
5
5
1
22
126
9
1
22
189
11
1
22
252
13
1
22
315
15
1
22
378
51310025
75级帽子橙_青云门
5
5
1
22
172
9
1
22
258
11
1
22
343
13
1
22
429
15
1
22
515
51310026
75级帽子红_青云门
5
5
1
22
229
9
1
22
343
11
1
22
458
13
1
22
572
15
1
22
687
51310027
90级帽子绿_青云门
5
5
1
22
96
9
1
22
144
11
1
22
192
13
1
22
240
15
1
22
288
51310028
90级帽子蓝_青云门
5
5
1
22
128
9
1
22
192
11
1
22
256
13
1
22
320
15
1
22
384
51310029
90级帽子紫_青云门
5
5
1
22
176
9
1
22
264
11
1
22
352
13
1
22
440
15
1
22
528
51310030
90级帽子橙_青云门
5
5
1
22
240
9
1
22
360
11
1
22
480
13
1
22
600
15
1
22
720
51310031
90级帽子红_青云门
5
5
1
22
320
9
1
22
480
11
1
22
640
13
1
22
800
15
1
22
960
51410001
1级鞋子绿_青云门
1
5
1
23
10
51410002
1级鞋子蓝_青云门
1
5
1
23
13
51410003
1级鞋子紫_青云门
1
5
1
23
18
51410004
1级鞋子橙_青云门
1
5
1
23
24
51410005
15级鞋子绿_青云门
2
5
1
23
19
9
1
23
29
51410006
15级鞋子蓝_青云门
2
5
1
23
26
9
1
23
39
51410007
15级鞋子紫_青云门
2
5
1
23
35
9
1
23
53
51410008
15级鞋子橙_青云门
2
5
1
23
48
9
1
23
72
51410009
30级鞋子绿_青云门
3
5
1
23
28
9
1
23
43
11
1
23
56.81
51410010
30级鞋子蓝_青云门
3
5
1
23
38
9
1
23
57
11
1
23
75.74
51410011
30级鞋子紫_青云门
3
5
1
23
52
9
1
23
78
11
1
23
104.15
51410012
30级鞋子橙_青云门
3
5
1
23
71
9
1
23
107
11
1
23
142.02
51410013
45级鞋子绿_青云门
4
5
1
23
36
9
1
23
54
11
1
23
72.62
13
1
23
90.77
51410014
45级鞋子蓝_青云门
4
5
1
23
48
9
1
23
73
11
1
23
96.82
13
1
23
121.03
51410015
45级鞋子紫_青云门
4
5
1
23
67
9
1
23
100
11
1
23
133.13
13
1
23
166.41
51410016
45级鞋子橙_青云门
4
5
1
23
91
9
1
23
136
11
1
23
181.54
13
1
23
226.92
51410017
60级鞋子绿_青云门
5
5
1
23
41
9
1
23
61
11
1
23
81.77
13
1
23
102.22
15
1
23
122.66
51410018
60级鞋子蓝_青云门
5
5
1
23
55
9
1
23
82
11
1
23
109.03
13
1
23
136.29
15
1
23
163.55
51410019
60级鞋子紫_青云门
5
5
1
23
75
9
1
23
112
11
1
23
149.92
13
1
23
187.4
15
1
23
224.88
51410020
60级鞋子橙_青云门
5
5
1
23
102
9
1
23
153
11
1
23
204.44
13
1
23
255.54
15
1
23
306.65
51410021
60级鞋子红_青云门
5
5
1
23
136
9
1
23
204
11
1
23
272.58
13
1
23
340.73
15
1
23
408.87
51410022
75级鞋子绿_青云门
5
5
1
23
65
9
1
23
98
11
1
23
130.84
13
1
23
163.55
15
1
23
196.26
51410023
75级鞋子蓝_青云门
5
5
1
23
87
9
1
23
131
11
1
23
174.45
13
1
23
218.06
15
1
23
261.67
51410024
75级鞋子紫_青云门
5
5
1
23
120
9
1
23
180
11
1
23
239.87
13
1
23
299.84
15
1
23
359.8
51410025
75级鞋子橙_青云门
5
5
1
23
164
9
1
23
245
11
1
23
327.09
13
1
23
408.87
15
1
23
490.64
51410026
75级鞋子红_青云门
5
5
1
23
218
9
1
23
327
11
1
23
436.12
13
1
23
545.15
15
1
23
654.19
51410027
90级鞋子绿_青云门
5
5
1
23
91
9
1
23
137
11
1
23
182.94
13
1
23
228.67
15
1
23
274.41
51410028
90级鞋子蓝_青云门
5
5
1
23
122
9
1
23
183
11
1
23
243.92
13
1
23
304.9
15
1
23
365.88
51410029
90级鞋子紫_青云门
5
5
1
23
168
9
1
23
252
11
1
23
335.39
13
1
23
419.23
15
1
23
503.08
51410030
90级鞋子橙_青云门
5
5
1
23
229
9
1
23
343
11
1
23
457.34
13
1
23
571.68
15
1
23
686.02
51410031
90级鞋子红_青云门
5
5
1
23
305
9
1
23
457
11
1
23
609.79
13
1
23
762.24
15
1
23
914.69
51120001
1级武器绿_天音寺
1
5
2
18
13
19
18
51120002
1级武器蓝_天音寺
1
5
2
18
17
19
24
51120003
1级武器紫_天音寺
1
5
2
18
23
19
33
51120004
1级武器橙_天音寺
1
5
2
18
32
19
45
51120005
15级武器绿_天音寺
2
5
2
18
33
19
46
9
1
6
0.012
51120006
15级武器蓝_天音寺
2
5
2
18
43
19
62
9
1
6
0.016
51120007
15级武器紫_天音寺
2
5
2
18
60
19
85
9
1
6
0.022
51120008
15级武器橙_天音寺
2
5
2
18
81
19
116
9
1
6
0.03
51120009
30级武器绿_天音寺
3
5
2
18
34
19
48
9
1
6
0.012
11
2
18
72
19
102
51120010
30级武器蓝_天音寺
3
5
2
18
45
19
64
9
1
6
0.016
11
2
18
95
19
136
51120011
30级武器紫_天音寺
3
5
2
18
62
19
88
9
1
6
0.022
11
2
18
131
19
187
51120012
30级武器橙_天音寺
3
5
2
18
84
19
120
9
1
6
0.03
11
2
18
179
19
256
51120013
45级武器绿_天音寺
4
5
2
18
52
19
75
9
1
6
0.018
11
2
18
111
19
159
13
1
8
0.06
51120014
45级武器蓝_天音寺
4
5
2
18
70
19
100
9
1
6
0.024
11
2
18
149
19
212
13
1
8
0.08
51120015
45级武器紫_天音寺
4
5
2
18
96
19
137
9
1
6
0.033
11
2
18
204
19
292
13
1
8
0.11
51120016
45级武器橙_天音寺
4
5
2
18
131
19
187
9
1
6
0.045
11
2
18
279
19
398
13
1
8
0.15
51120017
60级武器绿_天音寺
5
5
2
18
55
19
78
9
1
6
0.018
11
2
18
116
19
165
13
1
8
0.075
15
2
18
170
19
243
51120018
60级武器蓝_天音寺
5
5
2
18
73
19
104
9
1
6
0.024
11
2
18
154
19
221
13
1
8
0.1
15
2
18
227
19
325
51120019
60级武器紫_天音寺
5
5
2
18
100
19
143
9
1
6
0.033
11
2
18
212
19
303
13
1
8
0.138
15
2
18
312
19
446
51120020
60级武器橙_天音寺
5
5
2
18
136
19
195
9
1
6
0.045
11
2
18
290
19
414
13
1
8
0.188
15
2
18
426
19
608
51120021
60级武器红_天音寺
5
5
2
18
182
19
260
9
1
6
0.06
11
2
18
386
19
552
13
1
8
0.25
15
2
18
568
19
811
51120022
75级武器绿_天音寺
5
5
2
18
80
19
114
9
1
6
0.024
11
2
18
169
19
242
13
1
8
0.09
15
2
18
249
19
356
51120023
75级武器蓝_天音寺
5
5
2
18
106
19
152
9
1
6
0.032
11
2
18
226
19
322
13
1
8
0.12
15
2
18
332
19
474
51120024
75级武器紫_天音寺
5
5
2
18
146
19
209
9
1
6
0.044
11
2
18
310
19
443
13
1
8
0.165
15
2
18
456
19
652
51120025
75级武器橙_天音寺
5
5
2
18
199
19
284
9
1
6
0.06
11
2
18
423
19
604
13
1
8
0.225
15
2
18
622
19
889
51120026
75级武器红_天音寺
5
5
2
18
265
19
379
9
1
6
0.08
11
2
18
564
19
806
13
1
8
0.3
15
2
18
830
19
1185
51120027
90级武器绿_天音寺
5
5
2
18
102
19
146
9
1
6
0.024
11
2
18
218
19
311
13
1
8
0.105
15
2
18
320
19
457
51120028
90级武器蓝_天音寺
5
5
2
18
137
19
195
9
1
6
0.032
11
2
18
290
19
415
13
1
8
0.14
15
2
18
427
19
610
51120029
90级武器紫_天音寺
5
5
2
18
188
19
268
9
1
6
0.044
11
2
18
399
19
570
13
1
8
0.193
15
2
18
587
19
838
51120030
90级武器橙_天音寺
5
5
2
18
256
19
366
9
1
6
0.06
11
2
18
544
19
777
13
1
8
0.263
15
2
18
800
19
1143
51120031
90级武器红_天音寺
5
5
2
18
341
19
488
9
1
6
0.08
11
2
18
726
19
1037
13
1
8
0.35
15
2
18
1067
19
1524
51220001
1级衣服绿_天音寺
1
5
1
20
26
51220002
1级衣服蓝_天音寺
1
5
1
20
34
51220003
1级衣服紫_天音寺
1
5
1
20
47
51220004
1级衣服橙_天音寺
1
5
1
20
64
51220005
15级衣服绿_天音寺
2
5
1
20
30
9
1
7
0.024
51220006
15级衣服蓝_天音寺
2
5
1
20
40
9
1
7
0.032
51220007
15级衣服紫_天音寺
2
5
1
20
55
9
1
7
0.044
51220008
15级衣服橙_天音寺
2
5
1
20
75
9
1
7
0.06
51220009
30级衣服绿_天音寺
3
5
1
20
31
9
1
7
0.024
11
1
20
66
51220010
30级衣服蓝_天音寺
3
5
1
20
42
9
1
7
0.032
11
1
20
89
51220011
30级衣服紫_天音寺
3
5
1
20
57
9
1
7
0.044
11
1
20
122
51220012
30级衣服橙_天音寺
3
5
1
20
78
9
1
7
0.06
11
1
20
166
51220013
45级衣服绿_天音寺
4
5
1
20
49
9
1
7
0.036
11
1
20
103
13
1
9
0.03
51220014
45级衣服蓝_天音寺
4
5
1
20
65
9
1
7
0.048
11
1
20
138
13
1
9
0.04
51220015
45级衣服紫_天音寺
4
5
1
20
89
9
1
7
0.066
11
1
20
190
13
1
9
0.055
51220016
45级衣服橙_天音寺
4
5
1
20
122
9
1
7
0.09
11
1
20
259
13
1
9
0.075
51220017
60级衣服绿_天音寺
5
5
1
20
51
9
1
7
0.036
11
1
20
108
13
1
9
0.045
15
1
20
158
51220018
60级衣服蓝_天音寺
5
5
1
20
67
9
1
7
0.048
11
1
20
143
13
1
9
0.06
15
1
20
211
51220019
60级衣服紫_天音寺
5
5
1
20
93
9
1
7
0.066
11
1
20
197
13
1
9
0.083
15
1
20
290
51220020
60级衣服橙_天音寺
5
5
1
20
127
9
1
7
0.09
11
1
20
269
13
1
9
0.113
15
1
20
395
51220021
60级衣服红_天音寺
5
5
1
20
169
9
1
7
0.12
11
1
20
359
13
1
9
0.15
15
1
20
527
51220022
75级衣服绿_天音寺
5
5
1
20
74
9
1
7
0.048
11
1
20
157
13
1
9
0.06
15
1
20
231
51220023
75级衣服蓝_天音寺
5
5
1
20
99
9
1
7
0.064
11
1
20
210
13
1
9
0.08
15
1
20
308
51220024
75级衣服紫_天音寺
5
5
1
20
136
9
1
7
0.088
11
1
20
288
13
1
9
0.11
15
1
20
424
51220025
75级衣服橙_天音寺
5
5
1
20
185
9
1
7
0.12
11
1
20
393
13
1
9
0.15
15
1
20
578
51220026
75级衣服红_天音寺
5
5
1
20
247
9
1
7
0.16
11
1
20
524
13
1
9
0.2
15
1
20
770
51220027
90级衣服绿_天音寺
5
5
1
20
95
9
1
7
0.048
11
1
20
202
13
1
9
0.06
15
1
20
297
51220028
90级衣服蓝_天音寺
5
5
1
20
127
9
1
7
0.064
11
1
20
270
13
1
9
0.08
15
1
20
396
51220029
90级衣服紫_天音寺
5
5
1
20
174
9
1
7
0.088
11
1
20
371
13
1
9
0.11
15
1
20
545
51220030
90级衣服橙_天音寺
5
5
1
20
238
9
1
7
0.12
11
1
20
505
13
1
9
0.15
15
1
20
743
51220031
90级衣服红_天音寺
5
5
1
20
317
9
1
7
0.16
11
1
20
674
13
1
9
0.2
15
1
20
991
51320001
1级帽子绿_天音寺
1
5
1
22
10
51320002
1级帽子蓝_天音寺
1
5
1
22
13
51320003
1级帽子紫_天音寺
1
5
1
22
18
51320004
1级帽子橙_天音寺
1
5
1
22
24
51320005
15级帽子绿_天音寺
2
5
1
22
19
9
1
22
29
51320006
15级帽子蓝_天音寺
2
5
1
22
26
9
1
22
39
51320007
15级帽子紫_天音寺
2
5
1
22
35
9
1
22
53
51320008
15级帽子橙_天音寺
2
5
1
22
48
9
1
22
72
51320009
30级帽子绿_天音寺
3
5
1
22
28
9
1
22
43
11
1
22
57
51320010
30级帽子蓝_天音寺
3
5
1
22
38
9
1
22
57
11
1
22
76
51320011
30级帽子紫_天音寺
3
5
1
22
52
9
1
22
78
11
1
22
104
51320012
30级帽子橙_天音寺
3
5
1
22
71
9
1
22
107
11
1
22
142
51320013
45级帽子绿_天音寺
4
5
1
22
36
9
1
22
54
11
1
22
73
13
1
22
91
51320014
45级帽子蓝_天音寺
4
5
1
22
48
9
1
22
73
11
1
22
97
13
1
22
121
51320015
45级帽子紫_天音寺
4
5
1
22
67
9
1
22
100
11
1
22
133
13
1
22
166
51320016
45级帽子橙_天音寺
4
5
1
22
91
9
1
22
136
11
1
22
182
13
1
22
227
51320017
60级帽子绿_天音寺
5
5
1
22
41
9
1
22
61
11
1
22
82
13
1
22
102
15
1
22
123
51320018
60级帽子蓝_天音寺
5
5
1
22
55
9
1
22
82
11
1
22
109
13
1
22
136
15
1
22
164
51320019
60级帽子紫_天音寺
5
5
1
22
75
9
1
22
112
11
1
22
150
13
1
22
187
15
1
22
225
51320020
60级帽子橙_天音寺
5
5
1
22
102
9
1
22
153
11
1
22
204
13
1
22
256
15
1
22
307
51320021
60级帽子红_天音寺
5
5
1
22
136
9
1
22
204
11
1
22
273
13
1
22
341
15
1
22
409
51320022
75级帽子绿_天音寺
5
5
1
22
65
9
1
22
98
11
1
22
131
13
1
22
164
15
1
22
196
51320023
75级帽子蓝_天音寺
5
5
1
22
87
9
1
22
131
11
1
22
174
13
1
22
218
15
1
22
262
51320024
75级帽子紫_天音寺
5
5
1
22
120
9
1
22
180
11
1
22
240
13
1
22
300
15
1
22
360
51320025
75级帽子橙_天音寺
5
5
1
22
164
9
1
22
245
11
1
22
327
13
1
22
409
15
1
22
491
51320026
75级帽子红_天音寺
5
5
1
22
218
9
1
22
327
11
1
22
436
13
1
22
545
15
1
22
654
51320027
90级帽子绿_天音寺
5
5
1
22
91
9
1
22
137
11
1
22
183
13
1
22
229
15
1
22
274
51320028
90级帽子蓝_天音寺
5
5
1
22
122
9
1
22
183
11
1
22
244
13
1
22
305
15
1
22
366
51320029
90级帽子紫_天音寺
5
5
1
22
168
9
1
22
252
11
1
22
335
13
1
22
419
15
1
22
503
51320030
90级帽子橙_天音寺
5
5
1
22
229
9
1
22
343
11
1
22
457
13
1
22
572
15
1
22
686
51320031
90级帽子红_天音寺
5
5
1
22
305
9
1
22
457
11
1
22
610
13
1
22
762
15
1
22
915
51420001
1级鞋子绿_天音寺
1
5
1
23
10
51420002
1级鞋子蓝_天音寺
1
5
1
23
13
51420003
1级鞋子紫_天音寺
1
5
1
23
18
51420004
1级鞋子橙_天音寺
1
5
1
23
25
51420005
15级鞋子绿_天音寺
2
5
1
23
20
9
1
23
30
51420006
15级鞋子蓝_天音寺
2
5
1
23
27
9
1
23
41
51420007
15级鞋子紫_天音寺
2
5
1
23
37
9
1
23
56
51420008
15级鞋子橙_天音寺
2
5
1
23
51
9
1
23
76
51420009
30级鞋子绿_天音寺
3
5
1
23
30
9
1
23
45
11
1
23
59.65
51420010
30级鞋子蓝_天音寺
3
5
1
23
40
9
1
23
60
11
1
23
79.53
51420011
30级鞋子紫_天音寺
3
5
1
23
55
9
1
23
82
11
1
23
109.36
51420012
30级鞋子橙_天音寺
3
5
1
23
75
9
1
23
112
11
1
23
149.12
51420013
45级鞋子绿_天音寺
4
5
1
23
38
9
1
23
57
11
1
23
76.25
13
1
23
95.31
51420014
45级鞋子蓝_天音寺
4
5
1
23
51
9
1
23
76
11
1
23
101.66
13
1
23
127.08
51420015
45级鞋子紫_天音寺
4
5
1
23
70
9
1
23
105
11
1
23
139.78
13
1
23
174.73
51420016
45级鞋子橙_天音寺
4
5
1
23
95
9
1
23
143
11
1
23
190.61
13
1
23
238.27
51420017
60级鞋子绿_天音寺
5
5
1
23
43
9
1
23
64
11
1
23
85.86
13
1
23
107.33
15
1
23
128.79
51420018
60级鞋子蓝_天音寺
5
5
1
23
57
9
1
23
86
11
1
23
114.48
13
1
23
143.1
15
1
23
171.73
51420019
60级鞋子紫_天音寺
5
5
1
23
79
9
1
23
118
11
1
23
157.41
13
1
23
196.77
15
1
23
236.12
51420020
60级鞋子橙_天音寺
5
5
1
23
107
9
1
23
161
11
1
23
214.66
13
1
23
268.32
15
1
23
321.99
51420021
60级鞋子红_天音寺
5
5
1
23
143
9
1
23
215
11
1
23
286.21
13
1
23
357.76
15
1
23
429.31
51420022
75级鞋子绿_天音寺
5
5
1
23
69
9
1
23
103
11
1
23
137.38
13
1
23
171.72
15
1
23
206.07
51420023
75级鞋子蓝_天音寺
5
5
1
23
92
9
1
23
137
11
1
23
183.17
13
1
23
228.97
15
1
23
274.76
51420024
75级鞋子紫_天音寺
5
5
1
23
126
9
1
23
189
11
1
23
251.86
13
1
23
314.83
15
1
23
377.79
51420025
75级鞋子橙_天音寺
5
5
1
23
172
9
1
23
258
11
1
23
343.45
13
1
23
429.31
15
1
23
515.17
51420026
75级鞋子红_天音寺
5
5
1
23
229
9
1
23
343
11
1
23
457.93
13
1
23
572.41
15
1
23
686.9
51420027
90级鞋子绿_天音寺
5
5
1
23
96
9
1
23
144
11
1
23
192.08
13
1
23
240.11
15
1
23
288.13
51420028
90级鞋子蓝_天音寺
5
5
1
23
128
9
1
23
192
11
1
23
256.11
13
1
23
320.14
15
1
23
384.17
51420029
90级鞋子紫_天音寺
5
5
1
23
176
9
1
23
264
11
1
23
352.15
13
1
23
440.19
15
1
23
528.23
51420030
90级鞋子橙_天音寺
5
5
1
23
240
9
1
23
360
11
1
23
480.21
13
1
23
600.26
15
1
23
720.32
51420031
90级鞋子红_天音寺
5
5
1
23
320
9
1
23
480
11
1
23
640.28
13
1
23
800.35
15
1
23
960.42
51130001
1级武器绿_鬼王宗
1
5
2
18
15
19
21
51130002
1级武器蓝_鬼王宗
1
5
2
18
20
19
28
51130003
1级武器紫_鬼王宗
1
5
2
18
28
19
38
51130004
1级武器橙_鬼王宗
1
5
2
18
38
19
52
51130005
15级武器绿_鬼王宗
2
5
2
18
39
19
53
9
1
6
0.012
51130006
15级武器蓝_鬼王宗
2
5
2
18
53
19
71
9
1
6
0.016
51130007
15级武器紫_鬼王宗
2
5
2
18
72
19
98
9
1
6
0.022
51130008
15级武器橙_鬼王宗
2
5
2
18
99
19
134
9
1
6
0.03
51130009
30级武器绿_鬼王宗
3
5
2
18
41
19
55
9
1
6
0.012
11
2
18
87
19
118
51130010
30级武器蓝_鬼王宗
3
5
2
18
55
19
74
9
1
6
0.016
11
2
18
116
19
157
51130011
30级武器紫_鬼王宗
3
5
2
18
75
19
101
9
1
6
0.022
11
2
18
159
19
216
51130012
30级武器橙_鬼王宗
3
5
2
18
102
19
138
9
1
6
0.03
11
2
18
217
19
294
51130013
45级武器绿_鬼王宗
4
5
2
18
64
19
86
9
1
6
0.018
11
2
18
135
19
183
13
1
8
0.06
51130014
45级武器蓝_鬼王宗
4
5
2
18
85
19
115
9
1
6
0.024
11
2
18
180
19
244
13
1
8
0.08
51130015
45级武器紫_鬼王宗
4
5
2
18
117
19
158
9
1
6
0.033
11
2
18
248
19
336
13
1
8
0.11
51130016
45级武器橙_鬼王宗
4
5
2
18
159
19
215
9
1
6
0.045
11
2
18
338
19
458
13
1
8
0.15
51130017
60级武器绿_鬼王宗
5
5
2
18
66
19
90
9
1
6
0.018
11
2
18
141
19
190
13
1
8
0.075
15
2
18
207
19
280
51130018
60级武器蓝_鬼王宗
5
5
2
18
88
19
119
9
1
6
0.024
11
2
18
188
19
254
13
1
8
0.1
15
2
18
276
19
373
51130019
60级武器紫_鬼王宗
5
5
2
18
121
19
164
9
1
6
0.033
11
2
18
258
19
349
13
1
8
0.138
15
2
18
379
19
513
51130020
60级武器橙_鬼王宗
5
5
2
18
165
19
224
9
1
6
0.045
11
2
18
352
19
476
13
1
8
0.188
15
2
18
517
19
700
51130021
60级武器红_鬼王宗
5
5
2
18
221
19
299
9
1
6
0.06
11
2
18
469
19
634
13
1
8
0.25
15
2
18
690
19
933
51130022
75级武器绿_鬼王宗
5
5
2
18
97
19
131
9
1
6
0.024
11
2
18
205
19
278
13
1
8
0.09
15
2
18
302
19
409
51130023
75级武器蓝_鬼王宗
5
5
2
18
129
19
174
9
1
6
0.032
11
2
18
274
19
371
13
1
8
0.12
15
2
18
403
19
545
51130024
75级武器紫_鬼王宗
5
5
2
18
177
19
240
9
1
6
0.044
11
2
18
377
19
510
13
1
8
0.165
15
2
18
554
19
750
51130025
75级武器橙_鬼王宗
5
5
2
18
242
19
327
9
1
6
0.06
11
2
18
514
19
695
13
1
8
0.225
15
2
18
756
19
1022
51130026
75级武器红_鬼王宗
5
5
2
18
322
19
436
9
1
6
0.08
11
2
18
685
19
927
13
1
8
0.3
15
2
18
1007
19
1363
51130027
90级武器绿_鬼王宗
5
5
2
18
124
19
168
9
1
6
0.024
11
2
18
264
19
358
13
1
8
0.105
15
2
18
389
19
526
51130028
90级武器蓝_鬼王宗
5
5
2
18
166
19
224
9
1
6
0.032
11
2
18
352
19
477
13
1
8
0.14
15
2
18
518
19
701
51130029
90级武器紫_鬼王宗
5
5
2
18
228
19
309
9
1
6
0.044
11
2
18
485
19
656
13
1
8
0.193
15
2
18
713
19
964
51130030
90级武器橙_鬼王宗
5
5
2
18
311
19
421
9
1
6
0.06
11
2
18
661
19
894
13
1
8
0.263
15
2
18
972
19
1315
51130031
90级武器红_鬼王宗
5
5
2
18
415
19
561
9
1
6
0.08
11
2
18
881
19
1192
13
1
8
0.35
15
2
18
1296
19
1753
51230001
1级衣服绿_鬼王宗
1
5
1
20
22
51230002
1级衣服蓝_鬼王宗
1
5
1
20
29
51230003
1级衣服紫_鬼王宗
1
5
1
20
40
51230004
1级衣服橙_鬼王宗
1
5
1
20
54
51230005
15级衣服绿_鬼王宗
2
5
1
20
26
9
1
7
0.024
51230006
15级衣服蓝_鬼王宗
2
5
1
20
34
9
1
7
0.032
51230007
15级衣服紫_鬼王宗
2
5
1
20
47
9
1
7
0.044
51230008
15级衣服橙_鬼王宗
2
5
1
20
64
9
1
7
0.06
51230009
30级衣服绿_鬼王宗
3
5
1
20
26
9
1
7
0.024
11
1
20
56
51230010
30级衣服蓝_鬼王宗
3
5
1
20
35
9
1
7
0.032
11
1
20
75
51230011
30级衣服紫_鬼王宗
3
5
1
20
49
9
1
7
0.044
11
1
20
103
51230012
30级衣服橙_鬼王宗
3
5
1
20
66
9
1
7
0.06
11
1
20
141
51230013
45级衣服绿_鬼王宗
4
5
1
20
41
9
1
7
0.036
11
1
20
88
13
1
9
0.03
51230014
45级衣服蓝_鬼王宗
4
5
1
20
55
9
1
7
0.048
11
1
20
117
13
1
9
0.04
51230015
45级衣服紫_鬼王宗
4
5
1
20
76
9
1
7
0.066
11
1
20
161
13
1
9
0.055
51230016
45级衣服橙_鬼王宗
4
5
1
20
103
9
1
7
0.09
11
1
20
219
13
1
9
0.075
51230017
60级衣服绿_鬼王宗
5
5
1
20
43
9
1
7
0.036
11
1
20
91
13
1
9
0.045
15
1
20
134
51230018
60级衣服蓝_鬼王宗
5
5
1
20
57
9
1
7
0.048
11
1
20
121
13
1
9
0.06
15
1
20
178
51230019
60级衣服紫_鬼王宗
5
5
1
20
79
9
1
7
0.066
11
1
20
167
13
1
9
0.083
15
1
20
245
51230020
60级衣服橙_鬼王宗
5
5
1
20
107
9
1
7
0.09
11
1
20
228
13
1
9
0.113
15
1
20
335
51230021
60级衣服红_鬼王宗
5
5
1
20
143
9
1
7
0.12
11
1
20
303
13
1
9
0.15
15
1
20
446
51230022
75级衣服绿_鬼王宗
5
5
1
20
63
9
1
7
0.048
11
1
20
133
13
1
9
0.06
15
1
20
196
51230023
75级衣服蓝_鬼王宗
5
5
1
20
83
9
1
7
0.064
11
1
20
177
13
1
9
0.08
15
1
20
261
51230024
75级衣服紫_鬼王宗
5
5
1
20
115
9
1
7
0.088
11
1
20
244
13
1
9
0.11
15
1
20
358
51230025
75级衣服橙_鬼王宗
5
5
1
20
156
9
1
7
0.12
11
1
20
332
13
1
9
0.15
15
1
20
489
51230026
75级衣服红_鬼王宗
5
5
1
20
209
9
1
7
0.16
11
1
20
443
13
1
9
0.2
15
1
20
652
51230027
90级衣服绿_鬼王宗
5
5
1
20
80
9
1
7
0.048
11
1
20
171
13
1
9
0.06
15
1
20
252
51230028
90级衣服蓝_鬼王宗
5
5
1
20
107
9
1
7
0.064
11
1
20
228
13
1
9
0.08
15
1
20
335
51230029
90级衣服紫_鬼王宗
5
5
1
20
148
9
1
7
0.088
11
1
20
314
13
1
9
0.11
15
1
20
461
51230030
90级衣服橙_鬼王宗
5
5
1
20
201
9
1
7
0.12
11
1
20
428
13
1
9
0.15
15
1
20
629
51230031
90级衣服红_鬼王宗
5
5
1
20
268
9
1
7
0.16
11
1
20
570
13
1
9
0.2
15
1
20
838
51330001
1级帽子绿_鬼王宗
1
5
1
22
11
51330002
1级帽子蓝_鬼王宗
1
5
1
22
14
51330003
1级帽子紫_鬼王宗
1
5
1
22
20
51330004
1级帽子橙_鬼王宗
1
5
1
22
27
51330005
15级帽子绿_鬼王宗
2
5
1
22
22
9
1
22
33
51330006
15级帽子蓝_鬼王宗
2
5
1
22
29
9
1
22
43
51330007
15级帽子紫_鬼王宗
2
5
1
22
40
9
1
22
60
51330008
15级帽子橙_鬼王宗
2
5
1
22
54
9
1
22
82
51330009
30级帽子绿_鬼王宗
3
5
1
22
32
9
1
22
48
11
1
22
64
51330010
30级帽子蓝_鬼王宗
3
5
1
22
43
9
1
22
64
11
1
22
85
51330011
30级帽子紫_鬼王宗
3
5
1
22
59
9
1
22
88
11
1
22
117
51330012
30级帽子橙_鬼王宗
3
5
1
22
80
9
1
22
120
11
1
22
160
51330013
45级帽子绿_鬼王宗
4
5
1
22
41
9
1
22
61
11
1
22
82
13
1
22
102
51330014
45级帽子蓝_鬼王宗
4
5
1
22
54
9
1
22
82
11
1
22
109
13
1
22
136
51330015
45级帽子紫_鬼王宗
4
5
1
22
75
9
1
22
112
11
1
22
150
13
1
22
187
51330016
45级帽子橙_鬼王宗
4
5
1
22
102
9
1
22
153
11
1
22
204
13
1
22
255
51330017
60级帽子绿_鬼王宗
5
5
1
22
46
9
1
22
69
11
1
22
92
13
1
22
115
15
1
22
138
51330018
60级帽子蓝_鬼王宗
5
5
1
22
61
9
1
22
92
11
1
22
123
13
1
22
153
15
1
22
184
51330019
60级帽子紫_鬼王宗
5
5
1
22
84
9
1
22
126
11
1
22
169
13
1
22
211
15
1
22
253
51330020
60级帽子橙_鬼王宗
5
5
1
22
115
9
1
22
172
11
1
22
230
13
1
22
287
15
1
22
345
51330021
60级帽子红_鬼王宗
5
5
1
22
153
9
1
22
230
11
1
22
307
13
1
22
383
15
1
22
460
51330022
75级帽子绿_鬼王宗
5
5
1
22
74
9
1
22
110
11
1
22
147
13
1
22
184
15
1
22
221
51330023
75级帽子蓝_鬼王宗
5
5
1
22
98
9
1
22
147
11
1
22
196
13
1
22
245
15
1
22
294
51330024
75级帽子紫_鬼王宗
5
5
1
22
135
9
1
22
202
11
1
22
270
13
1
22
337
15
1
22
405
51330025
75级帽子橙_鬼王宗
5
5
1
22
184
9
1
22
276
11
1
22
368
13
1
22
460
15
1
22
552
51330026
75级帽子红_鬼王宗
5
5
1
22
245
9
1
22
368
11
1
22
491
13
1
22
613
15
1
22
736
51330027
90级帽子绿_鬼王宗
5
5
1
22
103
9
1
22
154
11
1
22
206
13
1
22
257
15
1
22
309
51330028
90级帽子蓝_鬼王宗
5
5
1
22
137
9
1
22
206
11
1
22
274
13
1
22
343
15
1
22
412
51330029
90级帽子紫_鬼王宗
5
5
1
22
189
9
1
22
283
11
1
22
377
13
1
22
472
15
1
22
566
51330030
90级帽子橙_鬼王宗
5
5
1
22
257
9
1
22
386
11
1
22
515
13
1
22
643
15
1
22
772
51330031
90级帽子红_鬼王宗
5
5
1
22
343
9
1
22
515
11
1
22
686
13
1
22
858
15
1
22
1029
51430001
1级鞋子绿_鬼王宗
1
5
1
23
10
51430002
1级鞋子蓝_鬼王宗
1
5
1
23
13
51430003
1级鞋子紫_鬼王宗
1
5
1
23
18
51430004
1级鞋子橙_鬼王宗
1
5
1
23
24
51430005
15级鞋子绿_鬼王宗
2
5
1
23
19
9
1
23
29
51430006
15级鞋子蓝_鬼王宗
2
5
1
23
26
9
1
23
39
51430007
15级鞋子紫_鬼王宗
2
5
1
23
35
9
1
23
53
51430008
15级鞋子橙_鬼王宗
2
5
1
23
48
9
1
23
72
51430009
30级鞋子绿_鬼王宗
3
5
1
23
28
9
1
23
43
11
1
23
56.81
51430010
30级鞋子蓝_鬼王宗
3
5
1
23
38
9
1
23
57
11
1
23
75.74
51430011
30级鞋子紫_鬼王宗
3
5
1
23
52
9
1
23
78
11
1
23
104.15
51430012
30级鞋子橙_鬼王宗
3
5
1
23
71
9
1
23
107
11
1
23
142.02
51430013
45级鞋子绿_鬼王宗
4
5
1
23
36
9
1
23
54
11
1
23
72.62
13
1
23
90.77
51430014
45级鞋子蓝_鬼王宗
4
5
1
23
48
9
1
23
73
11
1
23
96.82
13
1
23
121.03
51430015
45级鞋子紫_鬼王宗
4
5
1
23
67
9
1
23
100
11
1
23
133.13
13
1
23
166.41
51430016
45级鞋子橙_鬼王宗
4
5
1
23
91
9
1
23
136
11
1
23
181.54
13
1
23
226.92
51430017
60级鞋子绿_鬼王宗
5
5
1
23
41
9
1
23
61
11
1
23
81.77
13
1
23
102.22
15
1
23
122.66
51430018
60级鞋子蓝_鬼王宗
5
5
1
23
55
9
1
23
82
11
1
23
109.03
13
1
23
136.29
15
1
23
163.55
51430019
60级鞋子紫_鬼王宗
5
5
1
23
75
9
1
23
112
11
1
23
149.92
13
1
23
187.4
15
1
23
224.88
51430020
60级鞋子橙_鬼王宗
5
5
1
23
102
9
1
23
153
11
1
23
204.44
13
1
23
255.54
15
1
23
306.65
51430021
60级鞋子红_鬼王宗
5
5
1
23
136
9
1
23
204
11
1
23
272.58
13
1
23
340.73
15
1
23
408.87
51430022
75级鞋子绿_鬼王宗
5
5
1
23
65
9
1
23
98
11
1
23
130.84
13
1
23
163.55
15
1
23
196.26
51430023
75级鞋子蓝_鬼王宗
5
5
1
23
87
9
1
23
131
11
1
23
174.45
13
1
23
218.06
15
1
23
261.67
51430024
75级鞋子紫_鬼王宗
5
5
1
23
120
9
1
23
180
11
1
23
239.87
13
1
23
299.84
15
1
23
359.8
51430025
75级鞋子橙_鬼王宗
5
5
1
23
164
9
1
23
245
11
1
23
327.09
13
1
23
408.87
15
1
23
490.64
51430026
75级鞋子红_鬼王宗
5
5
1
23
218
9
1
23
327
11
1
23
436.12
13
1
23
545.15
15
1
23
654.19
51430027
90级鞋子绿_鬼王宗
5
5
1
23
91
9
1
23
137
11
1
23
182.94
13
1
23
228.67
15
1
23
274.41
51430028
90级鞋子蓝_鬼王宗
5
5
1
23
122
9
1
23
183
11
1
23
243.92
13
1
23
304.9
15
1
23
365.88
51430029
90级鞋子紫_鬼王宗
5
5
1
23
168
9
1
23
252
11
1
23
335.39
13
1
23
419.23
15
1
23
503.08
51430030
90级鞋子橙_鬼王宗
5
5
1
23
229
9
1
23
343
11
1
23
457.34
13
1
23
571.68
15
1
23
686.02
51430031
90级鞋子红_鬼王宗
5
5
1
23
305
9
1
23
457
11
1
23
609.79
13
1
23
762.24
15
1
23
914.69
51900001
测试用装备_武器
0
51900002
测试用装备_衣服
0
51900003
测试用装备_帽子
0
51900004
测试用装备_鞋
0
51900005
测试用装备_武器
0
51900006
测试用装备_衣服
0
51900007
测试用装备_帽子
0
51900008
测试用装备_鞋
0
51900009
15级非R
0
51900010
15级小R
0
51900011
30级非R
0
51900012
30级小R
0
51900013
30级大R
0
51900014
首充武器
3
5
2
18
125
19
172
9
1
6
0.03
11
2
18
175
19
241
51900015
首充武器
3
5
2
18
110
19
157
9
1
6
0.03
11
2
18
154
19
219
51900016
首充武器
3
5
2
18
133
19
180
9
1
6
0.03
11
2
18
186
19
252
51900017
首充武器
3
5
2
18
133
19
180
9
1
6
0.03
11
2
18
186
19
252
