4
21
20
1
2
3
4
5
7
9
12
15
20
30
45
60
80
100
120
150
200
300
500
20
10000
20000
30000
40000
50000
70000
90000
120000
150000
200000
300000
450000
600000
800000
1000000
1200000
1500000
2000000
3000000
5000000
22
20
1
2
3
4
5
7
9
12
15
20
30
45
60
80
100
120
150
200
300
500
20
10000
20000
30000
40000
50000
70000
90000
120000
150000
200000
300000
450000
600000
800000
1000000
1200000
1500000
2000000
3000000
5000000
23
20
1
2
3
4
5
7
9
12
15
20
30
45
60
80
100
120
150
200
300
500
20
10000
20000
30000
40000
50000
70000
90000
120000
150000
200000
300000
450000
600000
800000
1000000
1200000
1500000
2000000
3000000
5000000
24
20
1
2
3
4
5
7
9
12
15
20
30
45
60
80
100
120
150
200
300
500
20
10000
20000
30000
40000
50000
70000
90000
120000
150000
200000
300000
450000
600000
800000
1000000
1200000
1500000
2000000
3000000
5000000
