4
21
90
2
2
4
4
6
6
8
8
10
10
12
12
14
14
16
16
18
18
20
20
22
22
24
24
26
26
28
28
30
30
32
34
36
38
40
42
44
46
48
50
52
54
56
58
60
62
64
66
68
70
72
74
76
78
80
82
84
86
88
90
94
98
102
106
110
114
118
122
126
130
134
138
142
146
150
156
162
168
174
180
186
192
198
204
210
216
222
228
234
240
90
20000
20000
40000
40000
60000
60000
80000
80000
100000
100000
120000
120000
140000
140000
160000
160000
180000
180000
200000
200000
220000
220000
240000
240000
260000
260000
280000
280000
300000
300000
320000
320000
340000
340000
360000
360000
380000
380000
400000
400000
420000
420000
440000
440000
460000
460000
480000
480000
500000
500000
520000
520000
540000
540000
560000
560000
580000
580000
600000
600000
620000
620000
640000
640000
660000
660000
680000
680000
700000
700000
720000
720000
740000
740000
760000
760000
780000
780000
800000
800000
820000
820000
840000
840000
860000
860000
880000
880000
900000
900000
22
90
1
1
2
2
3
3
4
4
5
5
6
6
7
7
8
8
9
9
10
10
11
11
12
12
13
13
14
14
15
15
16
17
18
19
20
21
22
23
24
25
26
27
28
29
30
31
32
33
34
35
36
37
38
39
40
41
42
43
44
45
47
49
51
53
55
57
59
61
63
65
67
69
71
73
75
78
81
84
87
90
93
96
99
102
105
108
111
114
117
120
90
10000
10000
20000
20000
30000
30000
40000
40000
50000
50000
60000
60000
70000
70000
80000
80000
90000
90000
100000
100000
110000
110000
120000
120000
130000
130000
140000
140000
150000
150000
160000
160000
170000
170000
180000
180000
190000
190000
200000
200000
210000
210000
220000
220000
230000
230000
240000
240000
250000
250000
260000
260000
270000
270000
280000
280000
290000
290000
300000
300000
310000
310000
320000
320000
330000
330000
340000
340000
350000
350000
360000
360000
370000
370000
380000
380000
390000
390000
400000
400000
410000
410000
420000
420000
430000
430000
440000
440000
450000
450000
23
90
1
1
1
1
2
2
2
2
3
3
3
3
4
4
4
4
5
5
5
5
6
6
6
6
7
7
7
7
8
8
8
9
9
10
10
11
11
12
12
13
13
14
14
15
15
16
16
17
17
18
18
19
19
20
20
21
21
22
22
23
24
25
26
27
28
29
30
31
32
33
34
35
36
37
38
39
41
42
44
45
47
48
50
51
53
54
56
57
59
60
90
5000
5000
10000
10000
15000
15000
20000
20000
25000
25000
30000
30000
35000
35000
40000
40000
45000
45000
50000
50000
55000
55000
60000
60000
65000
65000
70000
70000
75000
75000
80000
80000
85000
85000
90000
90000
95000
95000
100000
100000
105000
105000
110000
110000
115000
115000
120000
120000
125000
125000
130000
130000
135000
135000
140000
140000
145000
145000
150000
150000
155000
155000
160000
160000
165000
165000
170000
170000
175000
175000
180000
180000
185000
185000
190000
190000
195000
195000
200000
200000
205000
205000
210000
210000
215000
215000
220000
220000
225000
225000
24
90
1
1
1
1
2
2
2
2
3
3
3
3
4
4
4
4
5
5
5
5
6
6
6
6
7
7
7
7
8
8
8
9
9
10
10
11
11
12
12
13
13
14
14
15
15
16
16
17
17
18
18
19
19
20
20
21
21
22
22
23
24
25
26
27
28
29
30
31
32
33
34
35
36
37
38
39
41
42
44
45
47
48
50
51
53
54
56
57
59
60
90
5000
5000
10000
10000
15000
15000
20000
20000
25000
25000
30000
30000
35000
35000
40000
40000
45000
45000
50000
50000
55000
55000
60000
60000
65000
65000
70000
70000
75000
75000
80000
80000
85000
85000
90000
90000
95000
95000
100000
100000
105000
105000
110000
110000
115000
115000
120000
120000
125000
125000
130000
130000
135000
135000
140000
140000
145000
145000
150000
150000
155000
155000
160000
160000
165000
165000
170000
170000
175000
175000
180000
180000
185000
185000
190000
190000
195000
195000
200000
200000
205000
205000
210000
210000
215000
215000
220000
220000
225000
225000
