389
51110001
1级武器绿_青云门
2
18
21
0
2
4
9
13
22
30
43
56
69
91
117
147
181
220
259
311
367
432
497
562
19
21
0
3
6
12
18
30
42
59
77
95
125
160
202
249
303
356
428
505
594
683
772
51110002
1级武器蓝_青云门
2
18
21
0
3
6
12
17
29
40
58
75
92
121
156
196
242
294
346
415
490
576
662
749
19
21
0
4
8
16
24
40
55
79
103
127
166
214
269
333
404
475
570
673
792
911
1030
51110003
1级武器紫_青云门
2
18
21
0
4
8
16
24
40
55
79
103
127
166
214
269
333
404
475
570
673
792
911
1030
19
21
0
5
11
22
33
54
76
109
142
174
229
294
370
457
555
653
784
926
1089
1252
1416
51110004
1级武器橙_青云门
2
18
21
0
5
11
22
32
54
76
108
140
173
227
292
367
454
551
648
778
918
1080
1242
1404
19
21
0
7
15
30
45
74
104
149
193
238
312
401
505
624
757
891
1069
1262
1485
1708
1931
51110005
15级武器绿_青云门
2
18
21
0
3
6
12
18
30
42
60
78
97
127
163
205
254
308
362
435
513
604
694
785
19
21
0
4
8
17
25
42
58
83
108
133
174
224
282
349
423
498
598
706
830
955
1079
51110006
15级武器蓝_青云门
2
18
21
0
4
8
16
24
40
56
81
105
129
169
217
274
338
411
483
580
684
805
926
1047
19
21
0
6
11
22
33
55
77
111
144
177
232
299
376
465
565
664
797
941
1107
1273
1439
51110007
15级武器紫_青云门
2
18
21
0
6
11
22
33
55
77
111
144
177
232
299
376
465
565
664
797
941
1107
1273
1439
19
21
0
8
15
30
46
76
107
152
198
244
320
411
517
639
776
913
1096
1294
1522
1750
1979
51110008
15级武器橙_青云门
2
18
21
0
8
15
30
45
75
106
151
196
242
317
408
513
634
770
906
1087
1283
1509
1736
1962
19
21
0
10
21
42
62
104
145
208
270
332
436
560
706
872
1058
1245
1494
1764
2075
2387
2698
51110009
30级武器绿_青云门
2
18
21
0
4
8
16
23
39
55
78
101
125
164
211
265
327
398
468
561
663
780
897
1014
19
21
0
5
11
21
32
54
75
107
139
172
225
289
365
450
547
643
772
911
1072
1233
1394
51110010
30级武器蓝_青云门
2
18
21
0
5
10
21
31
52
73
104
135
166
218
281
353
437
530
624
749
884
1040
1196
1352
19
21
0
7
14
29
43
71
100
143
186
229
300
386
486
600
729
858
1029
1215
1429
1644
1858
51110011
30级武器紫_青云门
2
18
21
0
7
14
29
43
71
100
143
186
229
300
386
486
600
729
858
1029
1215
1429
1644
1858
19
21
0
10
20
39
59
98
138
197
256
314
413
531
668
826
1002
1179
1415
1671
1966
2260
2555
51110012
30级武器橙_青云门
2
18
21
0
10
19
39
58
97
136
195
253
312
409
526
663
819
994
1170
1404
1657
1949
2242
2534
19
21
0
13
27
54
80
134
188
268
348
429
563
724
911
1126
1367
1608
1930
2278
2680
3082
3484
51110013
45级武器绿_青云门
2
18
21
0
5
9
18
28
46
65
92
120
148
194
249
314
388
471
554
665
785
924
1062
1201
19
21
0
6
13
25
38
63
89
127
165
203
267
343
432
533
648
762
914
1079
1270
1460
1651
51110014
45级武器蓝_青云门
2
18
21
0
6
12
25
37
62
86
123
160
197
259
333
419
517
628
739
887
1047
1231
1416
1601
19
21
0
8
17
34
51
85
119
169
220
271
356
457
576
711
864
1016
1219
1439
1693
1947
2201
51110015
45级武器紫_青云门
2
18
21
0
8
17
34
51
85
119
169
220
271
356
457
576
711
864
1016
1219
1439
1693
1947
2201
19
21
0
12
23
47
70
116
163
233
303
373
489
629
792
978
1187
1397
1676
1979
2328
2678
3027
51110016
45级武器橙_青云门
2
18
21
0
12
23
46
69
115
162
231
300
369
485
623
785
970
1178
1385
1663
1963
2309
2655
3002
19
21
0
16
32
63
95
159
222
317
413
508
667
857
1079
1333
1619
1905
2286
2699
3175
3651
4127
51110017
60级武器绿_青云门
2
18
21
0
5
11
22
33
54
76
109
141
174
228
293
369
456
554
652
782
923
1086
1249
1412
19
21
0
7
15
30
45
75
105
149
194
239
314
403
508
627
762
896
1076
1270
1494
1718
1942
51110018
60级武器蓝_青云门
2
18
21
0
7
14
29
43
72
101
145
188
232
304
391
493
608
739
869
1043
1231
1449
1666
1883
19
21
0
10
20
40
60
100
139
199
259
319
418
538
677
837
1016
1195
1434
1693
1992
2291
2589
51110019
60级武器紫_青云门
2
18
21
0
10
20
40
60
100
139
199
259
319
418
538
677
837
1016
1195
1434
1693
1992
2291
2589
19
21
0
14
27
55
82
137
192
274
356
438
575
739
931
1150
1397
1643
1972
2328
2739
3150
3560
51110020
60级武器橙_青云门
2
18
21
0
14
27
54
81
136
190
272
353
435
570
733
923
1141
1385
1630
1956
2309
2716
3123
3531
19
21
0
19
37
75
112
187
261
373
485
598
784
1008
1270
1569
1905
2241
2689
3174
3735
4295
4855
51110021
60级武器红_青云门
2
18
21
0
18
36
72
109
181
253
362
471
579
760
978
1231
1521
1847
2173
2607
3078
3621
4165
4708
19
21
0
25
50
100
149
249
349
498
647
797
1046
1344
1693
2091
2540
2988
3585
4233
4979
5726
6473
51110022
75级武器绿_青云门
2
18
21
0
7
13
26
40
66
92
132
172
211
277
356
449
554
673
792
950
1122
1320
1518
1716
19
21
0
9
18
36
54
91
127
181
236
290
381
490
617
762
925
1089
1307
1542
1815
2087
2359
51110023
75级武器蓝_青云门
2
18
21
0
9
18
35
53
88
123
176
229
282
370
475
598
739
897
1056
1267
1496
1760
2024
2288
19
21
0
12
24
48
73
121
169
242
315
387
508
653
823
1016
1234
1452
1742
2057
2420
2782
3145
51110024
75级武器紫_青云门
2
18
21
0
12
24
48
73
121
169
242
315
387
508
653
823
1016
1234
1452
1742
2057
2420
2782
3145
19
21
0
17
33
67
100
166
233
333
432
532
699
898
1131
1397
1697
1996
2395
2828
3327
3826
4325
51110025
75级武器橙_青云门
2
18
21
0
16
33
66
99
165
231
330
429
528
693
891
1122
1386
1683
1980
2376
2804
3299
3794
4289
19
21
0
23
45
91
136
227
318
454
590
726
953
1225
1542
1905
2314
2722
3266
3856
4537
5217
5898
51110026
75级武器红_青云门
2
18
21
0
22
44
88
132
220
308
440
572
704
924
1188
1496
1848
2244
2639
3167
3739
4399
5059
5719
19
21
0
30
60
121
181
302
423
605
786
968
1270
1633
2057
2541
3085
3629
4355
5142
6049
6956
7864
51110027
90级武器绿_青云门
2
18
21
0
8
15
30
45
75
105
150
195
240
315
405
510
630
765
900
1080
1275
1500
1725
1950
19
21
0
10
21
41
62
103
144
206
268
330
433
557
701
866
1052
1238
1485
1753
2063
2372
2681
51110028
90级武器蓝_青云门
2
18
21
0
10
20
40
60
100
140
200
260
320
420
540
680
840
1020
1200
1440
1700
2000
2300
2600
19
21
0
14
28
55
83
138
193
275
358
440
578
743
935
1155
1403
1650
1980
2338
2750
3163
3575
51110029
90级武器紫_青云门
2
18
21
0
14
28
55
83
138
193
275
358
440
578
743
935
1155
1403
1650
1980
2338
2750
3163
3575
19
21
0
19
38
76
113
189
265
378
492
605
794
1021
1286
1588
1929
2269
2723
3214
3781
4349
4916
51110030
90级武器橙_青云门
2
18
21
0
19
38
75
113
188
263
375
488
600
788
1013
1275
1575
1913
2250
2700
3188
3750
4313
4875
19
21
0
26
52
103
155
258
361
516
670
825
1083
1392
1753
2166
2630
3094
3713
4383
5157
5930
6704
51110031
90级武器红_青云门
2
18
21
0
25
50
100
150
250
350
500
650
800
1050
1350
1700
2100
2550
3000
3600
4250
5000
5750
6500
19
21
0
34
69
138
206
344
481
688
894
1100
1444
1856
2338
2888
3506
4125
4950
5844
6875
7907
8938
51210001
1级衣服绿_青云门
1
20
21
0
2
3
6
10
16
23
32
42
52
68
87
110
136
165
194
233
275
324
373
421
51210002
1级衣服蓝_青云门
1
20
21
0
2
4
9
13
22
30
43
56
69
91
117
147
181
220
259
311
367
432
497
562
51210003
1级衣服紫_青云门
1
20
21
0
3
6
12
18
30
42
59
77
95
125
160
202
249
303
356
428
505
594
683
772
51210004
1级衣服橙_青云门
1
20
21
0
4
8
16
24
41
57
81
105
130
170
219
275
340
413
486
583
689
810
932
1053
51210005
15级衣服绿_青云门
1
20
21
0
2
5
9
14
23
32
45
59
72
95
122
154
190
231
272
326
385
453
521
589
51210006
15级衣服蓝_青云门
1
20
21
0
3
6
12
18
30
42
60
78
97
127
163
205
254
308
362
435
513
604
694
785
51210007
15级衣服紫_青云门
1
20
21
0
4
8
17
25
42
58
83
108
133
174
224
282
349
423
498
598
706
830
955
1079
51210008
15级衣服橙_青云门
1
20
21
0
6
11
23
34
57
79
113
147
181
238
306
385
475
577
679
815
962
1132
1302
1472
51210009
30级衣服绿_青云门
1
20
21
0
3
6
12
18
29
41
58
76
94
123
158
199
246
298
351
421
497
585
673
760
51210010
30级衣服蓝_青云门
1
20
21
0
4
8
16
23
39
55
78
101
125
164
211
265
327
398
468
561
663
780
897
1014
51210011
30级衣服紫_青云门
1
20
21
0
5
11
21
32
54
75
107
139
172
225
289
365
450
547
643
772
911
1072
1233
1394
51210012
30级衣服橙_青云门
1
20
21
0
7
15
29
44
73
102
146
190
234
307
395
497
614
746
877
1053
1243
1462
1681
1901
51210013
45级衣服绿_青云门
1
20
21
0
3
7
14
21
35
48
69
90
111
145
187
236
291
353
416
499
589
693
797
901
51210014
45级衣服蓝_青云门
1
20
21
0
5
9
18
28
46
65
92
120
148
194
249
314
388
471
554
665
785
924
1062
1201
51210015
45级衣服紫_青云门
1
20
21
0
6
13
25
38
63
89
127
165
203
267
343
432
533
648
762
914
1079
1270
1460
1651
51210016
45级衣服橙_青云门
1
20
21
0
9
17
35
52
87
121
173
225
277
364
468
589
727
883
1039
1247
1472
1732
1992
2251
51210017
60级衣服绿_青云门
1
20
21
0
4
8
16
24
41
57
81
106
130
171
220
277
342
416
489
587
693
815
937
1059
51210018
60级衣服蓝_青云门
1
20
21
0
5
11
22
33
54
76
109
141
174
228
293
369
456
554
652
782
923
1086
1249
1412
51210019
60级衣服紫_青云门
1
20
21
0
7
15
30
45
75
105
149
194
239
314
403
508
627
762
896
1076
1270
1494
1718
1942
51210020
60级衣服橙_青云门
1
20
21
0
10
20
41
61
102
143
204
265
326
428
550
693
856
1039
1222
1467
1731
2037
2343
2648
51210021
60级衣服红_青云门
1
20
21
0
14
27
54
81
136
190
272
353
435
570
733
923
1141
1385
1630
1956
2309
2716
3123
3531
51210022
75级衣服绿_青云门
1
20
21
0
5
10
20
30
49
69
99
129
158
208
267
337
416
505
594
713
841
990
1138
1287
51210023
75级衣服蓝_青云门
1
20
21
0
7
13
26
40
66
92
132
172
211
277
356
449
554
673
792
950
1122
1320
1518
1716
51210024
75级衣服紫_青云门
1
20
21
0
9
18
36
54
91
127
181
236
290
381
490
617
762
925
1089
1307
1542
1815
2087
2359
51210025
75级衣服橙_青云门
1
20
21
0
12
25
49
74
124
173
247
322
396
520
668
841
1039
1262
1485
1782
2103
2475
2846
3217
51210026
75级衣服红_青云门
1
20
21
0
16
33
66
99
165
231
330
429
528
693
891
1122
1386
1683
1980
2376
2804
3299
3794
4289
51210027
90级衣服绿_青云门
1
20
21
0
6
11
23
34
56
79
113
146
180
236
304
383
473
574
675
810
956
1125
1294
1463
51210028
90级衣服蓝_青云门
1
20
21
0
8
15
30
45
75
105
150
195
240
315
405
510
630
765
900
1080
1275
1500
1725
1950
51210029
90级衣服紫_青云门
1
20
21
0
10
21
41
62
103
144
206
268
330
433
557
701
866
1052
1238
1485
1753
2063
2372
2681
51210030
90级衣服橙_青云门
1
20
21
0
14
28
56
84
141
197
281
366
450
591
759
956
1181
1434
1688
2025
2391
2813
3235
3656
51210031
90级衣服红_青云门
1
20
21
0
19
38
75
113
188
263
375
488
600
788
1013
1275
1575
1913
2250
2700
3188
3750
4313
4875
51310001
1级帽子绿_青云门
1
16
21
0
72
144
288
432
720
1008
1440
1872
2304
3024
3888
4896
6048
7344
8640
10368
12240
14400
16560
18720
51310002
1级帽子蓝_青云门
1
16
21
0
96
192
384
576
960
1344
1920
2496
3072
4032
5184
6528
8064
9792
11520
13824
16320
19200
22080
24960
51310003
1级帽子紫_青云门
1
16
21
0
132
264
528
792
1320
1848
2640
3432
4224
5544
7128
8976
11088
13464
15840
19008
22440
26400
30360
34320
51310004
1级帽子橙_青云门
1
16
21
0
180
360
720
1080
1800
2520
3600
4680
5760
7560
9720
12240
15120
18360
21600
25920
30600
36000
41400
46800
51310005
15级帽子绿_青云门
1
16
21
0
84
167
334
502
836
1170
1672
2174
2675
3511
4514
5685
7022
8527
10032
12038
14211
16719
19227
21735
51310006
15级帽子蓝_青云门
1
16
21
0
111
223
446
669
1115
1560
2229
2898
3567
4681
6019
7579
9363
11369
13375
16050
18948
22292
25636
28980
51310007
15级帽子紫_青云门
1
16
21
0
153
307
613
920
1533
2146
3065
3985
4904
6437
8276
10422
12874
15632
18391
22069
26054
30652
35250
39848
51310008
15级帽子橙_青云门
1
16
21
0
209
418
836
1254
2090
2926
4180
5434
6688
8778
11285
14211
17555
21317
25079
30095
35528
41798
48068
54338
51310009
30级帽子绿_青云门
1
16
21
0
114
228
457
685
1142
1598
2283
2969
3654
4795
6165
7764
9591
11646
13701
16441
19410
22835
26260
29685
51310010
30级帽子蓝_青云门
1
16
21
0
152
304
609
913
1522
2131
3045
3958
4871
6394
8221
10352
12787
15528
18268
21921
25879
30446
35013
39580
51310011
30级帽子紫_青云门
1
16
21
0
209
419
837
1256
2093
2930
4186
5442
6698
8791
11303
14234
17583
21350
25118
30142
35584
41864
48143
54423
51310012
30级帽子橙_青云门
1
16
21
0
285
571
1142
1713
2854
3996
5709
7421
9134
11988
15413
19410
23976
29114
34252
41103
48524
57087
65650
74213
51310013
45级帽子绿_青云门
1
16
21
0
140
280
561
841
1401
1962
2803
3643
4484
5886
7567
9529
11771
14294
16816
20179
23823
28027
32231
36435
51310014
45级帽子蓝_青云门
1
16
21
0
187
374
747
1121
1868
2616
3737
4858
5979
7848
10090
12706
15695
19058
22422
26906
31764
37369
42975
48580
51310015
45级帽子紫_青云门
1
16
21
0
257
514
1028
1541
2569
3597
5138
6680
8221
10790
13873
17470
21581
26205
30830
36995
43675
51383
59090
66797
51310016
45级帽子橙_青云门
1
16
21
0
350
701
1401
2102
3503
4905
7007
9109
11211
14714
18918
23823
29428
35734
42040
50448
59557
70067
80577
91087
51310017
60级帽子绿_青云门
1
16
21
0
189
378
756
1134
1891
2647
3782
4916
6051
7941
10210
12858
15883
19286
22690
27228
32144
37816
43489
49161
51310018
60级帽子蓝_青云门
1
16
21
0
252
504
1008
1513
2521
3530
5042
6555
8067
10589
13614
17143
21177
25715
30253
36304
42858
50422
57985
65548
51310019
60级帽子紫_青云门
1
16
21
0
347
693
1387
2080
3466
4853
6933
9013
11093
14559
18719
23572
29118
35358
41598
49917
58930
69330
79729
90129
51310020
60级帽子橙_青云门
1
16
21
0
473
945
1891
2836
4727
6618
9454
12290
15126
19854
25526
32144
39707
48216
56724
68069
80359
94541
108722
122903
51310021
60级帽子红_青云门
1
16
21
0
630
1261
2521
3782
6303
8824
12605
16387
20169
26471
34035
42858
52943
64288
75632
90759
107146
126054
144962
163870
51310022
75级帽子绿_青云门
1
16
21
0
295
589
1178
1768
2946
4124
5892
7660
9427
12373
15909
20033
24747
30050
35352
42423
50083
58921
67759
76597
51310023
75级帽子蓝_青云门
1
16
21
0
393
786
1571
2357
3928
5499
7856
10213
12570
16498
21211
26711
32996
40066
47137
56564
66777
78561
90345
102129
51310024
75级帽子紫_青云门
1
16
21
0
540
1080
2160
3241
5401
7561
10802
14043
17283
22684
29166
36727
45369
55091
64813
77775
91818
108021
124224
140428
51310025
75级帽子橙_青云门
1
16
21
0
737
1473
2946
4419
7365
10311
14730
19149
23568
30933
39771
50083
61867
75124
88381
106057
125206
147302
169397
191492
51310026
75级帽子红_青云门
1
16
21
0
982
1964
3928
5892
9820
13748
19640
25532
31424
41244
53029
66777
82489
100165
117841
141410
166942
196402
225862
255323
51310027
90级帽子绿_青云门
1
16
21
0
375
750
1501
2251
3752
5252
7503
9754
12005
15757
20259
25511
31514
38267
45020
54024
63778
75033
86288
97543
51310028
90级帽子蓝_青云门
1
16
21
0
500
1000
2001
3001
5002
7003
10004
13006
16007
21009
27012
34015
42019
51023
60027
72032
85038
100045
115051
130058
51310029
90级帽子紫_青云门
1
16
21
0
688
1376
2751
4127
6878
9629
13756
17883
22010
28888
37142
46771
57776
70156
82537
99044
116927
137561
158195
178830
51310030
90级帽子橙_青云门
1
16
21
0
938
1876
3752
5628
9379
13131
18758
24386
30013
39393
50648
63778
78785
95668
112550
135060
159446
187583
215721
243858
51310031
90级帽子红_青云门
1
16
21
0
1251
2501
5002
7503
12506
17508
25011
32514
40018
52523
67530
85038
105047
127557
150067
180080
212595
250111
287628
325145
51410001
1级鞋子绿_青云门
1
16
21
0
72
144
288
432
720
1008
1440
1872
2304
3024
3888
4896
6048
7344
8640
10368
12240
14400
16560
18720
51410002
1级鞋子蓝_青云门
1
16
21
0
96
192
384
576
960
1344
1920
2496
3072
4032
5184
6528
8064
9792
11520
13824
16320
19200
22080
24960
51410003
1级鞋子紫_青云门
1
16
21
0
132
264
528
792
1320
1848
2640
3432
4224
5544
7128
8976
11088
13464
15840
19008
22440
26400
30360
34320
51410004
1级鞋子橙_青云门
1
16
21
0
180
360
720
1080
1800
2520
3600
4680
5760
7560
9720
12240
15120
18360
21600
25920
30600
36000
41400
46800
51410005
15级鞋子绿_青云门
1
16
21
0
84
167
334
502
836
1170
1672
2174
2675
3511
4514
5685
7022
8527
10032
12038
14211
16719
19227
21735
51410006
15级鞋子蓝_青云门
1
16
21
0
111
223
446
669
1115
1560
2229
2898
3567
4681
6019
7579
9363
11369
13375
16050
18948
22292
25636
28980
51410007
15级鞋子紫_青云门
1
16
21
0
153
307
613
920
1533
2146
3065
3985
4904
6437
8276
10422
12874
15632
18391
22069
26054
30652
35250
39848
51410008
15级鞋子橙_青云门
1
16
21
0
209
418
836
1254
2090
2926
4180
5434
6688
8778
11285
14211
17555
21317
25079
30095
35528
41798
48068
54338
51410009
30级鞋子绿_青云门
1
16
21
0
114
228
457
685
1142
1598
2283
2969
3654
4795
6165
7764
9591
11646
13701
16441
19410
22835
26260
29685
51410010
30级鞋子蓝_青云门
1
16
21
0
152
304
609
913
1522
2131
3045
3958
4871
6394
8221
10352
12787
15528
18268
21921
25879
30446
35013
39580
51410011
30级鞋子紫_青云门
1
16
21
0
209
419
837
1256
2093
2930
4186
5442
6698
8791
11303
14234
17583
21350
25118
30142
35584
41864
48143
54423
51410012
30级鞋子橙_青云门
1
16
21
0
285
571
1142
1713
2854
3996
5709
7421
9134
11988
15413
19410
23976
29114
34252
41103
48524
57087
65650
74213
51410013
45级鞋子绿_青云门
1
16
21
0
140
280
561
841
1401
1962
2803
3643
4484
5886
7567
9529
11771
14294
16816
20179
23823
28027
32231
36435
51410014
45级鞋子蓝_青云门
1
16
21
0
187
374
747
1121
1868
2616
3737
4858
5979
7848
10090
12706
15695
19058
22422
26906
31764
37369
42975
48580
51410015
45级鞋子紫_青云门
1
16
21
0
257
514
1028
1541
2569
3597
5138
6680
8221
10790
13873
17470
21581
26205
30830
36995
43675
51383
59090
66797
51410016
45级鞋子橙_青云门
1
16
21
0
350
701
1401
2102
3503
4905
7007
9109
11211
14714
18918
23823
29428
35734
42040
50448
59557
70067
80577
91087
51410017
60级鞋子绿_青云门
1
16
21
0
189
378
756
1134
1891
2647
3782
4916
6051
7941
10210
12858
15883
19286
22690
27228
32144
37816
43489
49161
51410018
60级鞋子蓝_青云门
1
16
21
0
252
504
1008
1513
2521
3530
5042
6555
8067
10589
13614
17143
21177
25715
30253
36304
42858
50422
57985
65548
51410019
60级鞋子紫_青云门
1
16
21
0
347
693
1387
2080
3466
4853
6933
9013
11093
14559
18719
23572
29118
35358
41598
49917
58930
69330
79729
90129
51410020
60级鞋子橙_青云门
1
16
21
0
473
945
1891
2836
4727
6618
9454
12290
15126
19854
25526
32144
39707
48216
56724
68069
80359
94541
108722
122903
51410021
60级鞋子红_青云门
1
16
21
0
630
1261
2521
3782
6303
8824
12605
16387
20169
26471
34035
42858
52943
64288
75632
90759
107146
126054
144962
163870
51410022
75级鞋子绿_青云门
1
16
21
0
295
589
1178
1768
2946
4124
5892
7660
9427
12373
15909
20033
24747
30050
35352
42423
50083
58921
67759
76597
51410023
75级鞋子蓝_青云门
1
16
21
0
393
786
1571
2357
3928
5499
7856
10213
12570
16498
21211
26711
32996
40066
47137
56564
66777
78561
90345
102129
51410024
75级鞋子紫_青云门
1
16
21
0
540
1080
2160
3241
5401
7561
10802
14043
17283
22684
29166
36727
45369
55091
64813
77775
91818
108021
124224
140428
51410025
75级鞋子橙_青云门
1
16
21
0
737
1473
2946
4419
7365
10311
14730
19149
23568
30933
39771
50083
61867
75124
88381
106057
125206
147302
169397
191492
51410026
75级鞋子红_青云门
1
16
21
0
982
1964
3928
5892
9820
13748
19640
25532
31424
41244
53029
66777
82489
100165
117841
141410
166942
196402
225862
255323
51410027
90级鞋子绿_青云门
1
16
21
0
375
750
1501
2251
3752
5252
7503
9754
12005
15757
20259
25511
31514
38267
45020
54024
63778
75033
86288
97543
51410028
90级鞋子蓝_青云门
1
16
21
0
500
1000
2001
3001
5002
7003
10004
13006
16007
21009
27012
34015
42019
51023
60027
72032
85038
100045
115051
130058
51410029
90级鞋子紫_青云门
1
16
21
0
688
1376
2751
4127
6878
9629
13756
17883
22010
28888
37142
46771
57776
70156
82537
99044
116927
137561
158195
178830
51410030
90级鞋子橙_青云门
1
16
21
0
938
1876
3752
5628
9379
13131
18758
24386
30013
39393
50648
63778
78785
95668
112550
135060
159446
187583
215721
243858
51410031
90级鞋子红_青云门
1
16
21
0
1251
2501
5002
7503
12506
17508
25011
32514
40018
52523
67530
85038
105047
127557
150067
180080
212595
250111
287628
325145
51120001
1级武器绿_天音寺
2
18
21
0
2
4
8
11
19
26
38
49
60
79
102
129
159
193
227
272
321
378
435
491
19
21
0
3
5
11
16
27
38
54
70
86
113
146
184
227
275
324
389
459
540
621
702
51120002
1级武器蓝_天音寺
2
18
21
0
3
5
10
15
25
35
50
66
81
106
136
171
212
257
302
363
428
504
580
655
19
21
0
4
7
14
22
36
50
72
94
115
151
194
245
302
367
432
518
612
720
828
936
51120003
1级武器紫_天音寺
2
18
21
0
3
7
14
21
35
49
69
90
111
146
187
236
291
353
416
499
589
693
797
901
19
21
0
5
10
20
30
50
69
99
129
158
208
267
337
416
505
594
713
842
990
1139
1287
51120004
1级武器橙_天音寺
2
18
21
0
5
9
19
28
47
66
95
123
151
198
255
321
397
482
567
680
803
945
1087
1229
19
21
0
7
14
27
41
68
95
135
176
216
284
365
459
567
689
810
972
1148
1350
1553
1755
51120005
15级武器绿_天音寺
2
18
21
0
3
5
11
16
26
37
53
69
85
111
143
180
222
269
317
380
449
528
608
687
19
21
0
4
8
15
23
38
53
75
98
121
158
204
257
317
385
453
543
641
755
868
981
51120006
15级武器蓝_天音寺
2
18
21
0
4
7
14
21
35
49
70
92
113
148
190
239
296
359
423
507
599
704
810
916
19
21
0
5
10
20
30
50
70
101
131
161
211
272
342
423
513
604
725
855
1006
1157
1308
51120007
15级武器紫_天音寺
2
18
21
0
5
10
19
29
48
68
97
126
155
203
261
329
407
494
581
697
823
969
1114
1259
19
21
0
7
14
28
42
69
97
138
180
221
291
374
470
581
706
830
996
1176
1384
1591
1799
51120008
15级武器橙_天音寺
2
18
21
0
7
13
26
40
66
92
132
172
211
277
357
449
555
674
792
951
1123
1321
1519
1717
19
21
0
9
19
38
57
94
132
189
245
302
396
509
641
792
962
1132
1358
1604
1887
2170
2453
51120009
30级武器绿_天音寺
2
18
21
0
3
7
14
20
34
48
68
89
109
143
184
232
287
348
409
491
580
682
785
887
19
21
0
5
10
19
29
49
68
97
127
156
205
263
331
409
497
585
702
828
975
1121
1267
51120010
30级武器蓝_天音寺
2
18
21
0
5
9
18
27
45
64
91
118
146
191
246
309
382
464
546
655
773
910
1046
1183
19
21
0
6
13
26
39
65
91
130
169
208
273
351
442
546
663
780
936
1105
1300
1494
1689
51120011
30级武器紫_天音寺
2
18
21
0
6
13
25
38
63
88
125
163
200
263
338
425
525
638
750
901
1063
1251
1438
1626
19
21
0
9
18
36
54
89
125
179
232
286
375
482
608
750
911
1072
1287
1519
1787
2055
2323
51120012
30级武器橙_天音寺
2
18
21
0
9
17
34
51
85
119
171
222
273
358
461
580
716
870
1023
1228
1450
1706
1961
2217
19
21
0
12
24
49
73
122
171
244
317
390
512
658
828
1023
1243
1462
1754
2071
2437
2802
3168
51120013
45级武器绿_天音寺
2
18
21
0
4
8
16
24
40
57
81
105
129
170
218
275
339
412
485
582
687
808
929
1051
19
21
0
6
12
23
35
58
81
115
150
185
242
312
393
485
589
693
831
981
1155
1328
1501
51120014
45级武器蓝_天音寺
2
18
21
0
5
11
22
32
54
75
108
140
172
226
291
366
453
550
647
776
916
1078
1239
1401
19
21
0
8
15
31
46
77
108
154
200
246
323
416
523
647
785
924
1108
1308
1539
1770
2001
51120015
45级武器紫_天音寺
2
18
21
0
7
15
30
44
74
104
148
193
237
311
400
504
622
756
889
1067
1259
1482
1704
1926
19
21
0
11
21
42
63
106
148
212
275
339
444
571
720
889
1079
1270
1524
1799
2117
2434
2752
51120016
45级武器橙_天音寺
2
18
21
0
10
20
40
61
101
141
202
263
323
424
546
687
849
1030
1212
1455
1717
2020
2323
2627
19
21
0
14
29
58
87
144
202
289
375
462
606
779
981
1212
1472
1732
2078
2453
2886
3319
3752
51120017
60级武器绿_天音寺
2
18
21
0
5
10
19
29
48
67
95
124
152
200
257
323
399
485
570
684
808
951
1093
1236
19
21
0
7
14
27
41
68
95
136
177
217
285
367
462
570
693
815
978
1154
1358
1562
1765
51120018
60级武器蓝_天音寺
2
18
21
0
6
13
25
38
63
89
127
165
203
266
342
431
532
646
760
913
1077
1267
1458
1648
19
21
0
9
18
36
54
91
127
181
235
290
380
489
616
760
923
1086
1304
1539
1811
2082
2354
51120019
60级武器紫_天音寺
2
18
21
0
9
17
35
52
87
122
174
227
279
366
471
593
732
889
1046
1255
1481
1743
2004
2266
19
21
0
12
25
50
75
124
174
249
324
398
523
672
847
1046
1270
1494
1793
2116
2490
2863
3237
51120020
60级武器橙_天音寺
2
18
21
0
12
24
48
71
119
166
238
309
380
499
642
808
998
1212
1426
1711
2020
2377
2733
3090
19
21
0
17
34
68
102
170
238
340
441
543
713
917
1154
1426
1731
2037
2444
2886
3395
3904
4414
51120021
60级武器红_天音寺
2
18
21
0
16
32
63
95
158
222
317
412
507
665
856
1077
1331
1616
1901
2281
2693
3169
3644
4119
19
21
0
23
45
91
136
226
317
453
588
724
951
1222
1539
1901
2309
2716
3259
3848
4527
5206
5885
51120022
75级武器绿_天音寺
2
18
21
0
6
12
23
35
58
81
115
150
185
243
312
393
485
589
693
831
982
1155
1328
1501
19
21
0
8
16
33
49
82
115
165
214
264
346
445
561
693
841
990
1188
1402
1650
1897
2145
51120023
75级武器蓝_天音寺
2
18
21
0
8
15
31
46
77
108
154
200
246
323
416
524
647
785
924
1109
1309
1540
1771
2002
19
21
0
11
22
44
66
110
154
220
286
352
462
594
748
924
1122
1320
1584
1870
2200
2530
2859
51120024
75级武器紫_天音寺
2
18
21
0
11
21
42
64
106
148
212
275
339
445
572
720
889
1080
1270
1524
1800
2117
2435
2752
19
21
0
15
30
60
91
151
212
302
393
484
635
817
1028
1270
1542
1815
2178
2571
3024
3478
3932
51120025
75级武器橙_天音寺
2
18
21
0
14
29
58
87
144
202
289
375
462
606
779
982
1213
1472
1732
2079
2454
2887
3320
3753
19
21
0
21
41
82
124
206
289
412
536
660
866
1114
1402
1732
2103
2475
2969
3506
4124
4743
5361
51120026
75级武器红_天音寺
2
18
21
0
19
38
77
115
192
269
385
500
616
808
1039
1309
1617
1963
2310
2771
3272
3849
4427
5004
19
21
0
27
55
110
165
275
385
550
715
880
1155
1485
1870
2310
2804
3299
3959
4674
5499
6324
7149
51120027
90级武器绿_天音寺
2
18
21
0
7
13
26
39
66
92
131
171
210
276
354
446
551
669
788
945
1116
1313
1509
1706
19
21
0
9
19
38
56
94
131
188
244
300
394
506
638
788
956
1125
1350
1594
1875
2156
2438
51120028
90级武器蓝_天音寺
2
18
21
0
9
18
35
53
88
123
175
228
280
368
473
595
735
893
1050
1260
1488
1750
2013
2275
19
21
0
13
25
50
75
125
175
250
325
400
525
675
850
1050
1275
1500
1800
2125
2500
2875
3250
51120029
90级武器紫_天音寺
2
18
21
0
12
24
48
72
120
168
241
313
385
505
650
818
1011
1227
1444
1733
2045
2406
2767
3128
19
21
0
17
34
69
103
172
241
344
447
550
722
928
1169
1444
1753
2063
2475
2922
3438
3953
4469
51120030
90级武器橙_天音寺
2
18
21
0
16
33
66
98
164
230
328
427
525
689
886
1116
1378
1674
1969
2363
2789
3281
3774
4266
19
21
0
23
47
94
141
234
328
469
609
750
984
1266
1594
1969
2391
2813
3375
3985
4688
5391
6094
51120031
90级武器红_天音寺
2
18
21
0
22
44
88
131
219
306
438
569
700
919
1181
1488
1838
2231
2625
3150
3719
4375
5032
5688
19
21
0
31
63
125
188
313
438
625
813
1000
1313
1688
2125
2625
3188
3750
4500
5313
6250
7188
8125
51220001
1级衣服绿_天音寺
1
20
21
0
2
4
7
11
18
25
35
46
56
74
95
119
147
179
211
253
298
351
404
456
51220002
1级衣服蓝_天音寺
1
20
21
0
2
5
9
14
23
33
47
61
75
98
126
159
197
239
281
337
398
468
538
608
51220003
1级衣服紫_天音寺
1
20
21
0
3
6
13
19
32
45
64
84
103
135
174
219
270
328
386
463
547
644
740
837
51220004
1级衣服橙_天音寺
1
20
21
0
4
9
18
26
44
61
88
114
140
184
237
298
369
448
527
632
746
878
1009
1141
51220005
15级衣服绿_天音寺
1
20
21
0
2
5
10
15
25
34
49
64
78
103
132
167
206
250
294
353
417
491
564
638
51220006
15级衣服蓝_天音寺
1
20
21
0
3
7
13
20
33
46
65
85
105
137
177
222
275
334
392
471
556
654
752
850
51220007
15级衣服紫_天音寺
1
20
21
0
4
9
18
27
45
63
90
117
144
189
243
306
378
459
540
648
764
899
1034
1169
51220008
15级衣服橙_天音寺
1
20
21
0
6
12
25
37
61
86
123
159
196
258
331
417
515
625
736
883
1042
1226
1410
1594
51220009
30级衣服绿_天音寺
1
20
21
0
3
6
13
19
32
44
63
82
101
133
171
215
266
323
380
456
538
634
729
824
51220010
30级衣服蓝_天音寺
1
20
21
0
4
8
17
25
42
59
84
110
135
177
228
287
355
431
507
608
718
845
971
1098
51220011
30级衣服紫_天音寺
1
20
21
0
6
12
23
35
58
81
116
151
186
244
314
395
488
592
697
836
987
1161
1336
1510
51220012
30级衣服橙_天音寺
1
20
21
0
8
16
32
48
79
111
158
206
253
333
428
538
665
808
950
1140
1346
1584
1821
2059
51220013
45级衣服绿_天音寺
1
20
21
0
4
8
15
23
38
53
75
98
120
158
203
255
315
383
450
540
638
750
863
976
51220014
45级衣服蓝_天音寺
1
20
21
0
5
10
20
30
50
70
100
130
160
210
270
340
420
510
600
720
850
1001
1151
1301
51220015
45级衣服紫_天音寺
1
20
21
0
7
14
28
41
69
96
138
179
220
289
371
468
578
702
825
991
1169
1376
1582
1789
51220016
45级衣服橙_天音寺
1
20
21
0
9
19
38
56
94
131
188
244
300
394
507
638
788
957
1126
1351
1595
1876
2158
2439
51220017
60级衣服绿_天音寺
1
20
21
0
4
9
18
26
44
62
88
115
141
185
238
300
371
450
530
636
750
883
1015
1148
51220018
60级衣服蓝_天音寺
1
20
21
0
6
12
24
35
59
82
118
153
188
247
318
400
494
600
706
847
1000
1177
1354
1530
51220019
60级衣服紫_天音寺
1
20
21
0
8
16
32
49
81
113
162
210
259
340
437
550
680
825
971
1165
1376
1618
1861
2104
51220020
60级衣服橙_天音寺
1
20
21
0
11
22
44
66
110
154
221
287
353
463
596
750
927
1125
1324
1589
1876
2207
2538
2869
51220021
60级衣服红_天音寺
1
20
21
0
15
29
59
88
147
206
294
383
471
618
794
1000
1236
1501
1765
2119
2501
2942
3384
3825
51220022
75级衣服绿_天音寺
1
20
21
0
5
11
21
32
54
75
107
139
172
225
290
365
450
547
643
772
911
1072
1233
1394
51220023
75级衣服蓝_天音寺
1
20
21
0
7
14
29
43
71
100
143
186
229
300
386
486
600
729
858
1029
1215
1430
1644
1859
51220024
75级衣服紫_天音寺
1
20
21
0
10
20
39
59
98
138
197
256
315
413
531
668
826
1003
1180
1415
1671
1966
2261
2556
51220025
75级衣服橙_天音寺
1
20
21
0
13
27
54
80
134
188
268
348
429
563
724
911
1126
1367
1608
1930
2279
2681
3083
3485
51220026
75级衣服红_天音寺
1
20
21
0
18
36
71
107
179
250
357
465
572
751
965
1215
1501
1823
2145
2574
3038
3574
4110
4647
51220027
90级衣服绿_天音寺
1
20
21
0
6
12
24
37
61
85
122
158
195
256
329
414
512
622
731
878
1036
1219
1402
1584
51220028
90级衣服蓝_天音寺
1
20
21
0
8
16
33
49
81
114
163
211
260
341
439
553
683
829
975
1170
1381
1625
1869
2113
51220029
90级衣服紫_天音寺
1
20
21
0
11
22
45
67
112
156
223
290
358
469
603
760
938
1140
1341
1609
1899
2235
2570
2905
51220030
90级衣服橙_天音寺
1
20
21
0
15
30
61
91
152
213
305
396
488
640
823
1036
1280
1554
1828
2194
2590
3047
3504
3961
51220031
90级衣服红_天音寺
1
20
21
0
20
41
81
122
203
284
406
528
650
853
1097
1381
1706
2072
2438
2925
3453
4063
4672
5282
51320001
1级帽子绿_天音寺
1
16
21
0
81
162
324
486
810
1134
1620
2106
2592
3402
4374
5508
6804
8262
9720
11664
13770
16200
18630
21060
51320002
1级帽子蓝_天音寺
1
16
21
0
108
216
432
648
1080
1512
2160
2808
3456
4536
5832
7344
9072
11016
12960
15552
18360
21600
24840
28080
51320003
1级帽子紫_天音寺
1
16
21
0
149
297
594
891
1485
2079
2970
3861
4752
6237
8019
10098
12474
15147
17820
21384
25245
29700
34155
38610
51320004
1级帽子橙_天音寺
1
16
21
0
203
405
810
1215
2025
2835
4050
5265
6480
8505
10935
13770
17010
20655
24300
29160
34425
40500
46575
52650
51320005
15级帽子绿_天音寺
1
16
21
0
94
188
376
564
940
1317
1881
2445
3009
3950
5078
6395
7900
9593
11285
13543
15988
18809
21631
24452
51320006
15级帽子蓝_天音寺
1
16
21
0
125
251
502
752
1254
1756
2508
3260
4013
5267
6771
8527
10533
12790
15047
18057
21317
25079
28841
32603
51320007
15级帽子紫_天音寺
1
16
21
0
172
345
690
1035
1724
2414
3448
4483
5517
7242
9311
11724
14483
17587
20690
24828
29311
34483
39656
44828
51320008
15级帽子橙_天音寺
1
16
21
0
235
470
940
1411
2351
3292
4702
6113
7524
9875
12696
15988
19750
23982
28214
33856
39969
47023
54076
61130
51320009
30级帽子绿_天音寺
1
16
21
0
128
257
514
771
1284
1798
2569
3340
4110
5395
6936
8734
10789
13101
15413
18496
21836
25689
29542
33396
51320010
30级帽子蓝_天音寺
1
16
21
0
171
343
685
1028
1713
2398
3425
4453
5480
7193
9248
11646
14386
17469
20551
24662
29114
34252
39390
44528
51320011
30级帽子紫_天音寺
1
16
21
0
235
471
942
1413
2355
3297
4710
6123
7535
9890
12716
16013
19781
24019
28258
33910
40032
47097
54161
61226
51320012
30级帽子橙_天音寺
1
16
21
0
321
642
1284
1927
3211
4496
6422
8349
10276
13487
17340
21836
26974
32754
38534
46240
54589
64223
73856
83489
51320013
45级帽子绿_天音寺
1
16
21
0
158
315
631
946
1577
2207
3153
4099
5045
6621
8513
10720
13243
16080
18918
22702
26801
31530
36260
40989
51320014
45级帽子蓝_天音寺
1
16
21
0
210
420
841
1261
2102
2943
4204
5465
6726
8828
11351
14294
17657
21441
25224
30269
35734
42040
48346
54652
51320015
45级帽子紫_天音寺
1
16
21
0
289
578
1156
1734
2890
4046
5781
7515
9249
12139
15607
19654
24278
29481
34683
41620
49135
57805
66476
75147
51320016
45级帽子橙_天音寺
1
16
21
0
394
788
1577
2365
3941
5518
7883
10247
12612
16553
21283
26801
33107
40201
47295
56754
67002
78826
90649
102473
51320017
60级帽子绿_天音寺
1
16
21
0
213
425
851
1276
2127
2978
4254
5531
6807
8934
11487
14465
17868
21697
25526
30631
36162
42543
48925
55306
51320018
60级帽子蓝_天音寺
1
16
21
0
284
567
1134
1702
2836
3971
5672
7374
9076
11912
15316
19286
23824
28929
34035
40841
48216
56724
65233
73742
51320019
60级帽子紫_天音寺
1
16
21
0
390
780
1560
2340
3900
5460
7800
10139
12479
16379
21059
26519
32758
39778
46798
56157
66297
77996
89695
101395
51320020
60级帽子橙_天音寺
1
16
21
0
532
1064
2127
3191
5318
7445
10636
13827
17017
22335
28717
36162
44670
54243
63815
76578
90404
106358
122312
138265
51320021
60级帽子红_天音寺
1
16
21
0
709
1418
2836
4254
7091
9927
14181
18435
22690
29780
38289
48216
59561
72323
85086
102104
120539
141811
163082
184354
51320022
75级帽子绿_天音寺
1
16
21
0
331
663
1326
1989
3314
4640
6629
8617
10606
13920
17897
22537
27840
33806
39771
47726
56343
66286
76229
86171
51320023
75级帽子蓝_天音寺
1
16
21
0
442
884
1768
2651
4419
6187
8838
11490
14141
18560
23863
30050
37120
45074
53029
63634
75124
88381
101638
114895
51320024
75级帽子紫_天音寺
1
16
21
0
608
1215
2430
3646
6076
8507
12152
15798
19444
25520
32811
41318
51040
61977
72914
87497
103295
121524
139752
157981
51320025
75级帽子橙_天音寺
1
16
21
0
829
1657
3314
4971
8286
11600
16571
21543
26514
34800
44743
56343
69600
84514
99429
119314
140857
165714
190571
215429
51320026
75级帽子红_天音寺
1
16
21
0
1105
2210
4419
6629
11048
15467
22095
28724
35352
46400
59657
75124
92800
112686
132571
159086
187810
220952
254095
287238
51320027
90级帽子绿_天音寺
1
16
21
0
422
844
1688
2532
4221
5909
8441
10974
13506
17727
22791
28700
35453
43050
50648
60777
71751
84413
97074
109736
51320028
90级帽子蓝_天音寺
1
16
21
0
563
1126
2251
3377
5628
7879
11255
14632
18008
23636
30389
38267
47271
57401
67530
81036
95668
112550
129433
146315
51320029
90级帽子紫_天音寺
1
16
21
0
774
1548
3095
4643
7738
10833
15476
20118
24761
32499
41784
52617
64998
78926
92854
111425
131543
154756
177970
201183
51320030
90级帽子橙_天音寺
1
16
21
0
1055
2110
4221
6331
10552
14772
21103
27434
33765
44317
56978
71751
88633
107626
126619
151943
179377
211031
242686
274341
51320031
90级帽子红_天音寺
1
16
21
0
1407
2814
5628
8441
14069
19696
28138
36579
45020
59089
75971
95668
118178
143501
168825
202590
239169
281375
323581
365788
51420001
1级鞋子绿_天音寺
1
16
21
0
81
162
324
486
810
1134
1620
2106
2592
3402
4374
5508
6804
8262
9720
11664
13770
16200
18630
21060
51420002
1级鞋子蓝_天音寺
1
16
21
0
108
216
432
648
1080
1512
2160
2808
3456
4536
5832
7344
9072
11016
12960
15552
18360
21600
24840
28080
51420003
1级鞋子紫_天音寺
1
16
21
0
149
297
594
891
1485
2079
2970
3861
4752
6237
8019
10098
12474
15147
17820
21384
25245
29700
34155
38610
51420004
1级鞋子橙_天音寺
1
16
21
0
203
405
810
1215
2025
2835
4050
5265
6480
8505
10935
13770
17010
20655
24300
29160
34425
40500
46575
52650
51420005
15级鞋子绿_天音寺
1
16
21
0
94
188
376
564
940
1317
1881
2445
3009
3950
5078
6395
7900
9593
11285
13543
15988
18809
21631
24452
51420006
15级鞋子蓝_天音寺
1
16
21
0
125
251
502
752
1254
1756
2508
3260
4013
5267
6771
8527
10533
12790
15047
18057
21317
25079
28841
32603
51420007
15级鞋子紫_天音寺
1
16
21
0
172
345
690
1035
1724
2414
3448
4483
5517
7242
9311
11724
14483
17587
20690
24828
29311
34483
39656
44828
51420008
15级鞋子橙_天音寺
1
16
21
0
235
470
940
1411
2351
3292
4702
6113
7524
9875
12696
15988
19750
23982
28214
33856
39969
47023
54076
61130
51420009
30级鞋子绿_天音寺
1
16
21
0
128
257
514
771
1284
1798
2569
3340
4110
5395
6936
8734
10789
13101
15413
18496
21836
25689
29542
33396
51420010
30级鞋子蓝_天音寺
1
16
21
0
171
343
685
1028
1713
2398
3425
4453
5480
7193
9248
11646
14386
17469
20551
24662
29114
34252
39390
44528
51420011
30级鞋子紫_天音寺
1
16
21
0
235
471
942
1413
2355
3297
4710
6123
7535
9890
12716
16013
19781
24019
28258
33910
40032
47097
54161
61226
51420012
30级鞋子橙_天音寺
1
16
21
0
321
642
1284
1927
3211
4496
6422
8349
10276
13487
17340
21836
26974
32754
38534
46240
54589
64223
73856
83489
51420013
45级鞋子绿_天音寺
1
16
21
0
158
315
631
946
1577
2207
3153
4099
5045
6621
8513
10720
13243
16080
18918
22702
26801
31530
36260
40989
51420014
45级鞋子蓝_天音寺
1
16
21
0
210
420
841
1261
2102
2943
4204
5465
6726
8828
11351
14294
17657
21441
25224
30269
35734
42040
48346
54652
51420015
45级鞋子紫_天音寺
1
16
21
0
289
578
1156
1734
2890
4046
5781
7515
9249
12139
15607
19654
24278
29481
34683
41620
49135
57805
66476
75147
51420016
45级鞋子橙_天音寺
1
16
21
0
394
788
1577
2365
3941
5518
7883
10247
12612
16553
21283
26801
33107
40201
47295
56754
67002
78826
90649
102473
51420017
60级鞋子绿_天音寺
1
16
21
0
213
425
851
1276
2127
2978
4254
5531
6807
8934
11487
14465
17868
21697
25526
30631
36162
42543
48925
55306
51420018
60级鞋子蓝_天音寺
1
16
21
0
284
567
1134
1702
2836
3971
5672
7374
9076
11912
15316
19286
23824
28929
34035
40841
48216
56724
65233
73742
51420019
60级鞋子紫_天音寺
1
16
21
0
390
780
1560
2340
3900
5460
7800
10139
12479
16379
21059
26519
32758
39778
46798
56157
66297
77996
89695
101395
51420020
60级鞋子橙_天音寺
1
16
21
0
532
1064
2127
3191
5318
7445
10636
13827
17017
22335
28717
36162
44670
54243
63815
76578
90404
106358
122312
138265
51420021
60级鞋子红_天音寺
1
16
21
0
709
1418
2836
4254
7091
9927
14181
18435
22690
29780
38289
48216
59561
72323
85086
102104
120539
141811
163082
184354
51420022
75级鞋子绿_天音寺
1
16
21
0
331
663
1326
1989
3314
4640
6629
8617
10606
13920
17897
22537
27840
33806
39771
47726
56343
66286
76229
86171
51420023
75级鞋子蓝_天音寺
1
16
21
0
442
884
1768
2651
4419
6187
8838
11490
14141
18560
23863
30050
37120
45074
53029
63634
75124
88381
101638
114895
51420024
75级鞋子紫_天音寺
1
16
21
0
608
1215
2430
3646
6076
8507
12152
15798
19444
25520
32811
41318
51040
61977
72914
87497
103295
121524
139752
157981
51420025
75级鞋子橙_天音寺
1
16
21
0
829
1657
3314
4971
8286
11600
16571
21543
26514
34800
44743
56343
69600
84514
99429
119314
140857
165714
190571
215429
51420026
75级鞋子红_天音寺
1
16
21
0
1105
2210
4419
6629
11048
15467
22095
28724
35352
46400
59657
75124
92800
112686
132571
159086
187810
220952
254095
287238
51420027
90级鞋子绿_天音寺
1
16
21
0
422
844
1688
2532
4221
5909
8441
10974
13506
17727
22791
28700
35453
43050
50648
60777
71751
84413
97074
109736
51420028
90级鞋子蓝_天音寺
1
16
21
0
563
1126
2251
3377
5628
7879
11255
14632
18008
23636
30389
38267
47271
57401
67530
81036
95668
112550
129433
146315
51420029
90级鞋子紫_天音寺
1
16
21
0
774
1548
3095
4643
7738
10833
15476
20118
24761
32499
41784
52617
64998
78926
92854
111425
131543
154756
177970
201183
51420030
90级鞋子橙_天音寺
1
16
21
0
1055
2110
4221
6331
10552
14772
21103
27434
33765
44317
56978
71751
88633
107626
126619
151943
179377
211031
242686
274341
51420031
90级鞋子红_天音寺
1
16
21
0
1407
2814
5628
8441
14069
19696
28138
36579
45020
59089
75971
95668
118178
143501
168825
202590
239169
281375
323581
365788
51130001
1级武器绿_鬼王宗
2
18
21
0
2
5
9
14
23
32
46
60
73
96
124
156
193
234
275
330
390
459
528
597
19
21
0
3
6
12
19
31
43
62
81
99
130
168
211
261
317
373
447
528
621
714
807
51130002
1级武器蓝_鬼王宗
2
18
21
0
3
6
12
18
31
43
61
80
98
129
165
208
257
312
367
441
520
612
704
796
19
21
0
4
8
17
25
41
58
83
108
132
174
224
282
348
422
497
596
704
828
952
1076
51130003
1级武器紫_鬼王宗
2
18
21
0
4
8
17
25
42
59
84
109
135
177
227
286
353
429
505
606
715
842
968
1094
19
21
0
6
11
23
34
57
80
114
148
182
239
307
387
478
581
683
820
968
1139
1309
1480
51130004
1级武器橙_鬼王宗
2
18
21
0
6
11
23
34
57
80
115
149
184
241
310
390
482
585
689
826
975
1148
1320
1492
19
21
0
8
16
31
47
78
109
155
202
248
326
419
528
652
792
932
1118
1320
1553
1785
2018
51130005
15级武器绿_鬼王宗
2
18
21
0
3
6
13
19
32
45
64
83
103
135
173
218
269
327
385
462
545
641
738
834
19
21
0
4
9
17
26
43
61
87
113
139
182
234
295
365
443
521
625
738
868
998
1128
51130006
15级武器蓝_鬼王宗
2
18
21
0
4
9
17
26
43
60
86
111
137
180
231
291
359
436
513
616
727
855
984
1112
19
21
0
6
12
23
35
58
81
116
150
185
243
312
393
486
590
694
833
984
1157
1331
1504
51130007
15级武器紫_鬼王宗
2
18
21
0
6
12
24
35
59
82
118
153
188
247
318
400
494
600
706
847
1000
1176
1352
1529
19
21
0
8
16
32
48
80
111
159
207
255
334
430
541
668
811
955
1146
1352
1591
1830
2068
51130008
15级武器橙_鬼王宗
2
18
21
0
8
16
32
48
80
112
160
208
257
337
433
545
674
818
962
1155
1363
1604
1844
2085
19
21
0
11
22
43
65
108
152
217
282
347
456
586
738
911
1107
1302
1562
1844
2170
2495
2821
51130009
30级武器绿_鬼王宗
2
18
21
0
4
8
17
25
41
58
83
108
133
174
224
282
348
423
497
596
704
828
953
1077
19
21
0
6
11
22
34
56
78
112
146
179
235
303
381
471
572
673
807
953
1121
1289
1457
51130010
30级武器蓝_鬼王宗
2
18
21
0
6
11
22
33
55
77
110
144
177
232
298
376
464
563
663
795
939
1105
1270
1436
19
21
0
7
15
30
45
75
105
149
194
239
314
404
508
628
762
897
1076
1270
1494
1719
1943
51130011
30级武器紫_鬼王宗
2
18
21
0
8
15
30
46
76
106
152
197
243
319
410
516
638
775
911
1094
1291
1519
1747
1974
19
21
0
10
21
41
62
103
144
205
267
329
432
555
699
863
1048
1233
1480
1747
2055
2363
2671
51130012
30级武器橙_鬼王宗
2
18
21
0
10
21
41
62
104
145
207
269
331
435
559
704
870
1056
1243
1491
1760
2071
2382
2692
19
21
0
14
28
56
84
140
196
280
364
448
588
757
953
1177
1429
1681
2018
2382
2802
3222
3643
51130013
45级武器绿_鬼王宗
2
18
21
0
5
10
20
29
49
69
98
128
157
206
265
334
412
500
589
707
834
981
1129
1276
19
21
0
7
13
27
40
66
93
133
173
212
279
358
451
558
677
797
956
1129
1328
1527
1726
51130014
45级武器蓝_鬼王宗
2
18
21
0
7
13
26
39
65
92
131
170
209
275
353
445
550
667
785
942
1112
1308
1505
1701
19
21
0
9
18
35
53
89
124
177
230
283
372
478
602
744
903
1062
1275
1505
1770
2036
2301
51130015
45级武器紫_鬼王宗
2
18
21
0
9
18
36
54
90
126
180
234
288
378
486
612
756
918
1079
1295
1529
1799
2069
2339
19
21
0
12
24
49
73
122
170
243
316
389
511
657
828
1022
1241
1460
1753
2069
2434
2799
3164
51130016
45级武器橙_鬼王宗
2
18
21
0
12
25
49
74
123
172
245
319
393
515
662
834
1030
1251
1472
1766
2085
2453
2821
3189
19
21
0
17
33
66
100
166
232
332
432
531
697
896
1129
1394
1693
1992
2390
2821
3319
3817
4315
51130017
60级武器绿_鬼王宗
2
18
21
0
6
12
23
35
58
81
115
150
185
242
312
392
485
589
693
831
981
1154
1327
1501
19
21
0
8
16
31
47
78
109
156
203
250
328
422
531
656
796
937
1124
1327
1562
1796
2030
51130018
60级武器蓝_鬼王宗
2
18
21
0
8
15
31
46
77
108
154
200
246
323
416
523
646
785
923
1108
1308
1539
1770
2001
19
21
0
10
21
42
62
104
146
208
271
333
437
562
708
875
1062
1249
1499
1770
2082
2395
2707
51130019
60级武器紫_鬼王宗
2
18
21
0
11
21
42
63
106
148
212
275
339
444
571
720
889
1079
1270
1524
1799
2116
2434
2751
19
21
0
14
29
57
86
143
200
286
372
458
601
773
973
1203
1460
1718
2061
2434
2863
3293
3722
51130020
60级武器橙_鬼王宗
2
18
21
0
14
29
58
87
144
202
289
375
462
606
779
981
1212
1472
1731
2078
2453
2886
3319
3752
19
21
0
20
39
78
117
195
273
390
508
625
820
1054
1327
1640
1991
2343
2811
3319
3904
4490
5076
51130021
60级武器红_鬼王宗
2
18
21
0
19
38
77
115
192
269
385
500
616
808
1039
1308
1616
1962
2309
2770
3271
3848
4425
5002
19
21
0
26
52
104
156
260
364
521
677
833
1093
1406
1770
2186
2655
3123
3748
4425
5206
5987
6768
51130022
75级武器绿_鬼王宗
2
18
21
0
7
14
28
42
70
98
140
182
224
294
379
477
589
715
841
1010
1192
1402
1613
1823
19
21
0
9
19
38
57
95
133
190
247
304
398
512
645
797
968
1138
1366
1613
1897
2182
2466
51130023
75级武器蓝_鬼王宗
2
18
21
0
9
19
37
56
93
131
187
243
299
393
505
636
785
954
1122
1346
1589
1870
2150
2431
19
21
0
13
25
51
76
126
177
253
329
405
531
683
860
1062
1290
1518
1821
2150
2530
2909
3288
51130024
75级武器紫_鬼王宗
2
18
21
0
13
26
51
77
129
180
257
334
411
540
694
874
1080
1311
1542
1851
2185
2571
2956
3342
19
21
0
17
35
70
104
174
243
348
452
556
730
939
1183
1461
1774
2087
2504
2956
3478
4000
4522
51130025
75级武器橙_鬼王宗
2
18
21
0
18
35
70
105
175
245
351
456
561
736
947
1192
1472
1788
2103
2524
2980
3506
4031
4557
19
21
0
24
47
95
142
237
332
474
617
759
996
1281
1613
1992
2419
2846
3415
4031
4743
5454
6166
51130026
75级武器红_鬼王宗
2
18
21
0
23
47
93
140
234
327
467
608
748
982
1262
1589
1963
2384
2804
3365
3973
4674
5375
6076
19
21
0
32
63
126
190
316
443
632
822
1012
1328
1707
2150
2656
3225
3794
4553
5375
6324
7272
8221
51130027
90级武器绿_鬼王宗
2
18
21
0
8
16
32
48
80
112
159
207
255
335
430
542
669
813
956
1148
1355
1594
1833
2072
19
21
0
11
22
43
65
108
151
216
280
345
453
582
733
906
1100
1294
1553
1833
2156
2480
2803
51130028
90级武器蓝_鬼王宗
2
18
21
0
11
21
43
64
106
149
213
276
340
446
574
723
893
1084
1275
1530
1806
2125
2444
2763
19
21
0
14
29
58
86
144
201
288
374
460
604
776
978
1208
1466
1725
2070
2444
2875
3306
3738
51130029
90级武器紫_鬼王宗
2
18
21
0
15
29
58
88
146
205
292
380
468
614
789
993
1227
1490
1753
2104
2484
2922
3360
3799
19
21
0
20
40
79
119
198
277
395
514
633
830
1067
1344
1660
2016
2372
2846
3360
3953
4546
5139
51130030
90级武器橙_鬼王宗
2
18
21
0
20
40
80
120
199
279
398
518
638
837
1076
1355
1674
2032
2391
2869
3387
3985
4582
5180
19
21
0
27
54
108
162
270
377
539
701
863
1132
1456
1833
2264
2749
3235
3881
4582
5391
6200
7008
51130031
90级武器红_鬼王宗
2
18
21
0
27
53
106
159
266
372
531
691
850
1116
1434
1806
2231
2710
3188
3825
4516
5313
6110
6907
19
21
0
36
72
144
216
359
503
719
934
1150
1509
1941
2444
3019
3666
4313
5175
6110
7188
8266
9344
51230001
1级衣服绿_鬼王宗
1
20
21
0
1
3
6
9
15
21
30
39
48
62
80
101
125
151
178
214
252
297
342
386
51230002
1级衣服蓝_鬼王宗
1
20
21
0
2
4
8
12
20
28
40
51
63
83
107
135
166
202
238
285
337
396
455
515
51230003
1级衣服紫_鬼王宗
1
20
21
0
3
5
11
16
27
38
54
71
87
114
147
185
229
278
327
392
463
545
626
708
51230004
1级衣服橙_鬼王宗
1
20
21
0
4
7
15
22
37
52
74
97
119
156
200
252
312
379
446
535
631
743
854
965
51230005
15级衣服绿_鬼王宗
1
20
21
0
2
4
8
12
21
29
42
54
66
87
112
141
174
212
249
299
353
415
477
540
51230006
15级衣服蓝_鬼王宗
1
20
21
0
3
6
11
17
28
39
55
72
89
116
149
188
232
282
332
398
470
553
636
719
51230007
15级衣服紫_鬼王宗
1
20
21
0
4
8
15
23
38
53
76
99
122
160
205
259
320
388
457
548
647
761
875
989
51230008
15级衣服橙_鬼王宗
1
20
21
0
5
10
21
31
52
73
104
135
166
218
280
353
436
529
623
747
882
1038
1193
1349
51230009
30级衣服绿_鬼王宗
1
20
21
0
3
5
11
16
27
38
54
70
86
113
145
182
225
273
322
386
456
536
616
697
51230010
30级衣服蓝_鬼王宗
1
20
21
0
4
7
14
21
36
50
71
93
114
150
193
243
300
365
429
515
608
715
822
929
51230011
30级衣服紫_鬼王宗
1
20
21
0
5
10
20
29
49
69
98
128
157
206
265
334
413
501
590
708
835
983
1130
1278
51230012
30级衣服橙_鬼王宗
1
20
21
0
7
13
27
40
67
94
134
174
214
281
362
456
563
683
804
965
1139
1340
1541
1742
51230013
45级衣服绿_鬼王宗
1
20
21
0
3
6
13
19
32
44
63
83
102
133
171
216
267
324
381
457
540
635
730
825
51230014
45级衣服蓝_鬼王宗
1
20
21
0
4
8
17
25
42
59
85
110
135
178
229
288
356
432
508
610
720
847
974
1101
51230015
45级衣服紫_鬼王宗
1
20
21
0
6
12
23
35
58
81
116
151
186
244
314
396
489
594
698
838
990
1164
1339
1513
51230016
45级衣服橙_鬼王宗
1
20
21
0
8
16
32
48
79
111
159
206
254
333
429
540
667
810
952
1143
1349
1587
1826
2064
51230017
60级衣服绿_鬼王宗
1
20
21
0
4
7
15
22
37
52
75
97
120
157
202
254
314
381
448
538
635
747
859
971
51230018
60级衣服蓝_鬼王宗
1
20
21
0
5
10
20
30
50
70
100
129
159
209
269
339
418
508
598
717
847
996
1145
1295
51230019
60级衣服紫_鬼王宗
1
20
21
0
7
14
27
41
68
96
137
178
219
288
370
466
575
698
822
986
1164
1369
1575
1780
51230020
60级衣服橙_鬼王宗
1
20
21
0
9
19
37
56
93
131
187
243
299
392
504
635
784
952
1120
1344
1587
1867
2147
2427
51230021
60级衣服红_鬼王宗
1
20
21
0
12
25
50
75
124
174
249
324
398
523
672
847
1046
1270
1494
1793
2116
2490
2863
3237
51230022
75级衣服绿_鬼王宗
1
20
21
0
5
9
18
27
45
64
91
118
145
191
245
308
381
463
544
653
771
907
1043
1180
51230023
75级衣服蓝_鬼王宗
1
20
21
0
6
12
24
36
60
85
121
157
194
254
327
411
508
617
726
871
1028
1210
1391
1573
51230024
75级衣服紫_鬼王宗
1
20
21
0
8
17
33
50
83
116
166
216
266
349
449
566
699
848
998
1198
1414
1663
1913
2162
51230025
75级衣服橙_鬼王宗
1
20
21
0
11
23
45
68
113
159
227
295
363
476
612
771
953
1157
1361
1633
1928
2268
2609
2949
51230026
75级衣服红_鬼王宗
1
20
21
0
15
30
60
91
151
212
302
393
484
635
817
1028
1270
1542
1815
2178
2571
3024
3478
3932
51230027
90级衣服绿_鬼王宗
1
20
21
0
5
10
21
31
52
72
103
134
165
217
278
351
433
526
619
743
877
1031
1186
1341
51230028
90级衣服蓝_鬼王宗
1
20
21
0
7
14
28
41
69
96
138
179
220
289
371
468
578
701
825
990
1169
1375
1581
1788
51230029
90级衣服紫_鬼王宗
1
20
21
0
9
19
38
57
95
132
189
246
303
397
510
643
794
964
1134
1361
1607
1891
2174
2458
51230030
90级衣服橙_鬼王宗
1
20
21
0
13
26
52
77
129
180
258
335
413
541
696
877
1083
1315
1547
1856
2192
2578
2965
3352
51230031
90级衣服红_鬼王宗
1
20
21
0
17
34
69
103
172
241
344
447
550
722
928
1169
1444
1753
2063
2475
2922
3438
3953
4469
51330001
1级帽子绿_鬼王宗
1
16
21
0
68
135
270
405
675
945
1350
1755
2160
2835
3645
4590
5670
6885
8100
9720
11475
13500
15525
17550
51330002
1级帽子蓝_鬼王宗
1
16
21
0
90
180
360
540
900
1260
1800
2340
2880
3780
4860
6120
7560
9180
10800
12960
15300
18000
20700
23400
51330003
1级帽子紫_鬼王宗
1
16
21
0
124
248
495
743
1238
1733
2475
3218
3960
5198
6683
8415
10395
12623
14850
17820
21038
24750
28463
32175
51330004
1级帽子橙_鬼王宗
1
16
21
0
169
338
675
1013
1688
2363
3375
4388
5400
7088
9113
11475
14175
17213
20250
24300
28688
33750
38813
43875
51330005
15级帽子绿_鬼王宗
1
16
21
0
78
157
313
470
784
1097
1567
2038
2508
3292
4232
5329
6583
7994
9405
11285
13323
15674
18025
20377
51330006
15级帽子蓝_鬼王宗
1
16
21
0
104
209
418
627
1045
1463
2090
2717
3344
4389
5643
7106
8778
10659
12539
15047
17764
20899
24034
27169
51330007
15级帽子紫_鬼王宗
1
16
21
0
144
287
575
862
1437
2012
2874
3736
4598
6035
7759
9770
12069
14655
17242
20690
24426
28736
33047
37357
51330008
15级帽子橙_鬼王宗
1
16
21
0
196
392
784
1176
1959
2743
3919
5094
6270
8229
10580
13323
16458
19985
23511
28214
33308
39186
45064
50941
51330009
30级帽子绿_鬼王宗
1
16
21
0
107
214
428
642
1070
1499
2141
2783
3425
4496
5780
7279
8991
10918
12845
15413
18196
21408
24619
27830
51330010
30级帽子蓝_鬼王宗
1
16
21
0
143
285
571
856
1427
1998
2854
3711
4567
5994
7707
9705
11988
14557
17126
20551
24262
28543
32825
37106
51330011
30级帽子紫_鬼王宗
1
16
21
0
196
392
785
1177
1962
2747
3925
5102
6280
8242
10597
13344
16484
20016
23548
28258
33360
39247
45134
51021
51330012
30级帽子橙_鬼王宗
1
16
21
0
268
535
1070
1606
2676
3746
5352
6957
8563
11239
14450
18196
22478
27295
32111
38534
45491
53519
61547
69575
51330013
45级帽子绿_鬼王宗
1
16
21
0
131
263
526
788
1314
1839
2628
3416
4204
5518
7094
8934
11036
13400
15765
18918
22334
26275
30216
34158
51330014
45级帽子蓝_鬼王宗
1
16
21
0
175
350
701
1051
1752
2452
3503
4554
5605
7357
9459
11911
14714
17867
21020
25224
29779
35034
40289
45544
51330015
45级帽子紫_鬼王宗
1
16
21
0
241
482
963
1445
2409
3372
4817
6262
7707
10116
13006
16378
20232
24567
28903
34683
40946
48171
55397
62623
51330016
45级帽子橙_鬼王宗
1
16
21
0
328
657
1314
1971
3284
4598
6569
8539
10510
13794
17736
22334
27589
33501
39413
47295
55835
65688
75541
85394
51330017
60级帽子绿_鬼王宗
1
16
21
0
177
355
709
1064
1773
2482
3545
4609
5672
7445
9572
12054
14890
18081
21272
25526
30135
35453
40771
46088
51330018
60级帽子蓝_鬼王宗
1
16
21
0
236
473
945
1418
2364
3309
4727
6145
7563
9927
12763
16072
19854
24108
28362
34035
40180
47270
54361
61451
51330019
60级帽子紫_鬼王宗
1
16
21
0
325
650
1300
1950
3250
4550
6500
8450
10399
13649
17549
22099
27299
33148
38998
46798
55247
64997
74746
84496
51330020
60级帽子橙_鬼王宗
1
16
21
0
443
886
1773
2659
4432
6204
8863
11522
14181
18613
23931
30135
37225
45202
53179
63815
75337
88632
101926
115221
51330021
60级帽子红_鬼王宗
1
16
21
0
591
1182
2364
3545
5909
8272
11818
15363
18908
24817
31907
40180
49634
60270
70905
85086
100449
118176
135902
153628
51330022
75级帽子绿_鬼王宗
1
16
21
0
276
552
1105
1657
2762
3867
5524
7181
8838
11600
14914
18781
23200
28171
33143
39771
46952
55238
63524
71810
51330023
75级帽子蓝_鬼王宗
1
16
21
0
368
737
1473
2210
3683
5156
7365
9575
11784
15467
19886
25041
30933
37562
44190
53029
62603
73651
84698
95746
51330024
75级帽子紫_鬼王宗
1
16
21
0
506
1013
2025
3038
5063
7089
10127
13165
16203
21267
27343
34432
42533
51648
60762
72914
86079
101270
116460
131651
51330025
75级帽子橙_鬼王宗
1
16
21
0
690
1381
2762
4143
6905
9667
13810
17952
22095
29000
37286
46952
58000
70429
82857
99429
117381
138095
158810
179524
51330026
75级帽子红_鬼王宗
1
16
21
0
921
1841
3683
5524
9206
12889
18413
23937
29460
38667
49714
62603
77333
93905
110476
132571
156508
184127
211746
239365
51330027
90级帽子绿_鬼王宗
1
16
21
0
352
703
1407
2110
3517
4924
7034
9145
11255
14772
18993
23917
29544
35875
42206
50648
59792
70344
80895
91447
51330028
90级帽子蓝_鬼王宗
1
16
21
0
469
938
1876
2814
4690
6565
9379
12193
15007
19696
25324
31889
39393
47834
56275
67530
79723
93792
107860
121929
51330029
90级帽子紫_鬼王宗
1
16
21
0
645
1290
2579
3869
6448
9027
12896
16765
20634
27082
34820
43848
54165
65771
77378
92854
109619
128964
148308
167653
51330030
90级帽子橙_鬼王宗
1
16
21
0
879
1759
3517
5276
8793
12310
17586
22862
28138
36930
47482
59792
73861
89688
105516
126619
149481
175859
202238
228617
51330031
90级帽子红_鬼王宗
1
16
21
0
1172
2345
4690
7034
11724
16414
23448
30482
37517
49241
63309
79723
98481
119584
140688
168825
199307
234479
269651
304823
51430001
1级鞋子绿_鬼王宗
1
16
21
0
68
135
270
405
675
945
1350
1755
2160
2835
3645
4590
5670
6885
8100
9720
11475
13500
15525
17550
51430002
1级鞋子蓝_鬼王宗
1
16
21
0
90
180
360
540
900
1260
1800
2340
2880
3780
4860
6120
7560
9180
10800
12960
15300
18000
20700
23400
51430003
1级鞋子紫_鬼王宗
1
16
21
0
124
248
495
743
1238
1733
2475
3218
3960
5198
6683
8415
10395
12623
14850
17820
21038
24750
28463
32175
51430004
1级鞋子橙_鬼王宗
1
16
21
0
169
338
675
1013
1688
2363
3375
4388
5400
7088
9113
11475
14175
17213
20250
24300
28688
33750
38813
43875
51430005
15级鞋子绿_鬼王宗
1
16
21
0
78
157
313
470
784
1097
1567
2038
2508
3292
4232
5329
6583
7994
9405
11285
13323
15674
18025
20377
51430006
15级鞋子蓝_鬼王宗
1
16
21
0
104
209
418
627
1045
1463
2090
2717
3344
4389
5643
7106
8778
10659
12539
15047
17764
20899
24034
27169
51430007
15级鞋子紫_鬼王宗
1
16
21
0
144
287
575
862
1437
2012
2874
3736
4598
6035
7759
9770
12069
14655
17242
20690
24426
28736
33047
37357
51430008
15级鞋子橙_鬼王宗
1
16
21
0
196
392
784
1176
1959
2743
3919
5094
6270
8229
10580
13323
16458
19985
23511
28214
33308
39186
45064
50941
51430009
30级鞋子绿_鬼王宗
1
16
21
0
107
214
428
642
1070
1499
2141
2783
3425
4496
5780
7279
8991
10918
12845
15413
18196
21408
24619
27830
51430010
30级鞋子蓝_鬼王宗
1
16
21
0
143
285
571
856
1427
1998
2854
3711
4567
5994
7707
9705
11988
14557
17126
20551
24262
28543
32825
37106
51430011
30级鞋子紫_鬼王宗
1
16
21
0
196
392
785
1177
1962
2747
3925
5102
6280
8242
10597
13344
16484
20016
23548
28258
33360
39247
45134
51021
51430012
30级鞋子橙_鬼王宗
1
16
21
0
268
535
1070
1606
2676
3746
5352
6957
8563
11239
14450
18196
22478
27295
32111
38534
45491
53519
61547
69575
51430013
45级鞋子绿_鬼王宗
1
16
21
0
131
263
526
788
1314
1839
2628
3416
4204
5518
7094
8934
11036
13400
15765
18918
22334
26275
30216
34158
51430014
45级鞋子蓝_鬼王宗
1
16
21
0
175
350
701
1051
1752
2452
3503
4554
5605
7357
9459
11911
14714
17867
21020
25224
29779
35034
40289
45544
51430015
45级鞋子紫_鬼王宗
1
16
21
0
241
482
963
1445
2409
3372
4817
6262
7707
10116
13006
16378
20232
24567
28903
34683
40946
48171
55397
62623
51430016
45级鞋子橙_鬼王宗
1
16
21
0
328
657
1314
1971
3284
4598
6569
8539
10510
13794
17736
22334
27589
33501
39413
47295
55835
65688
75541
85394
51430017
60级鞋子绿_鬼王宗
1
16
21
0
177
355
709
1064
1773
2482
3545
4609
5672
7445
9572
12054
14890
18081
21272
25526
30135
35453
40771
46088
51430018
60级鞋子蓝_鬼王宗
1
16
21
0
236
473
945
1418
2364
3309
4727
6145
7563
9927
12763
16072
19854
24108
28362
34035
40180
47270
54361
61451
51430019
60级鞋子紫_鬼王宗
1
16
21
0
325
650
1300
1950
3250
4550
6500
8450
10399
13649
17549
22099
27299
33148
38998
46798
55247
64997
74746
84496
51430020
60级鞋子橙_鬼王宗
1
16
21
0
443
886
1773
2659
4432
6204
8863
11522
14181
18613
23931
30135
37225
45202
53179
63815
75337
88632
101926
115221
51430021
60级鞋子红_鬼王宗
1
16
21
0
591
1182
2364
3545
5909
8272
11818
15363
18908
24817
31907
40180
49634
60270
70905
85086
100449
118176
135902
153628
51430022
75级鞋子绿_鬼王宗
1
16
21
0
276
552
1105
1657
2762
3867
5524
7181
8838
11600
14914
18781
23200
28171
33143
39771
46952
55238
63524
71810
51430023
75级鞋子蓝_鬼王宗
1
16
21
0
368
737
1473
2210
3683
5156
7365
9575
11784
15467
19886
25041
30933
37562
44190
53029
62603
73651
84698
95746
51430024
75级鞋子紫_鬼王宗
1
16
21
0
506
1013
2025
3038
5063
7089
10127
13165
16203
21267
27343
34432
42533
51648
60762
72914
86079
101270
116460
131651
51430025
75级鞋子橙_鬼王宗
1
16
21
0
690
1381
2762
4143
6905
9667
13810
17952
22095
29000
37286
46952
58000
70429
82857
99429
117381
138095
158810
179524
51430026
75级鞋子红_鬼王宗
1
16
21
0
921
1841
3683
5524
9206
12889
18413
23937
29460
38667
49714
62603
77333
93905
110476
132571
156508
184127
211746
239365
51430027
90级鞋子绿_鬼王宗
1
16
21
0
352
703
1407
2110
3517
4924
7034
9145
11255
14772
18993
23917
29544
35875
42206
50648
59792
70344
80895
91447
51430028
90级鞋子蓝_鬼王宗
1
16
21
0
469
938
1876
2814
4690
6565
9379
12193
15007
19696
25324
31889
39393
47834
56275
67530
79723
93792
107860
121929
51430029
90级鞋子紫_鬼王宗
1
16
21
0
645
1290
2579
3869
6448
9027
12896
16765
20634
27082
34820
43848
54165
65771
77378
92854
109619
128964
148308
167653
51430030
90级鞋子橙_鬼王宗
1
16
21
0
879
1759
3517
5276
8793
12310
17586
22862
28138
36930
47482
59792
73861
89688
105516
126619
149481
175859
202238
228617
51430031
90级鞋子红_鬼王宗
1
16
21
0
1172
2345
4690
7034
11724
16414
23448
30482
37517
49241
63309
79723
98481
119584
140688
168825
199307
234479
269651
304823
51900001
测试用装备_武器
1
16
21
0
0
0
0
0
0
0
0
0
0
0
0
0
0
0
0
0
0
0
0
0
51900002
测试用装备_衣服
1
16
21
0
0
0
0
0
0
0
0
0
0
0
0
0
0
0
0
0
0
0
0
0
51900003
测试用装备_帽子
1
16
21
0
0
0
0
0
0
0
0
0
0
0
0
0
0
0
0
0
0
0
0
0
51900004
测试用装备_鞋
1
16
21
0
0
0
0
0
0
0
0
0
0
0
0
0
0
0
0
0
0
0
0
0
51900005
测试用装备_武器
1
16
21
0
0
0
0
0
0
0
0
0
0
0
0
0
0
0
0
0
0
0
0
0
51900006
测试用装备_衣服
1
16
21
0
0
0
0
0
0
0
0
0
0
0
0
0
0
0
0
0
0
0
0
0
51900007
测试用装备_帽子
1
16
21
0
0
0
0
0
0
0
0
0
0
0
0
0
0
0
0
0
0
0
0
0
51900008
测试用装备_鞋
1
16
21
0
0
0
0
0
0
0
0
0
0
0
0
0
0
0
0
0
0
0
0
0
51900009
15级非R
1
16
21
0
0
0
0
0
0
0
0
0
0
0
0
0
0
0
0
0
0
0
0
0
51900010
15级小R
1
16
21
0
0
0
0
0
0
0
0
0
0
0
0
0
0
0
0
0
0
0
0
0
51900011
30级非R
1
16
21
0
0
0
0
0
0
0
0
0
0
0
0
0
0
0
0
0
0
0
0
0
51900012
30级小R
1
16
21
0
0
0
0
0
0
0
0
0
0
0
0
0
0
0
0
0
0
0
0
0
51900013
30级大R
1
16
21
0
0
0
0
0
0
0
0
0
0
0
0
0
0
0
0
0
0
0
0
0
51900014
首充武器
2
18
21
0
10
20
41
61
91
122
163
203
254
305
366
427
488
549
630
732
854
976
1098
1220
19
21
0
14
28
56
84
126
167
223
279
349
418
502
586
669
753
865
1004
1172
1339
1506
1674
51900015
首充武器
2
18
21
0
13
26
51
77
115
154
205
256
320
384
461
537
614
691
793
921
1075
1228
1382
1535
19
21
0
18
37
73
110
164
219
292
365
457
548
658
768
877
987
1133
1316
1535
1754
1974
2193
51900016
首充武器
2
18
21
0
16
31
62
93
140
186
249
311
388
466
559
652
746
839
963
1118
1305
1491
1678
1864
19
21
0
21
42
84
126
189
252
336
420
525
630
757
883
1009
1135
1303
1513
1765
2018
2270
2522
51900017
首充武器
2
18
21
0
16
31
62
93
140
186
249
311
388
466
559
652
746
839
963
1118
1305
1491
1678
1864
19
21
0
21
42
84
126
189
252
336
420
525
630
757
883
1009
1135
1303
1513
1765
2018
2270
2522
