27
4
15级橙色青云门套装
4
51110008
51210008
51310008
51410008
3
23
60
2
22
63
3
6
0.03
4
8
30级橙色青云门套装
4
51110012
51210012
51310012
51410012
3
23
141
2
22
148
3
6
0.03
4
12
45级橙色青云门套装
4
51110016
51210016
51310016
51410016
3
23
284
2
22
298
3
6
0.045
4
16
60级橙色青云门套装
4
51110020
51210020
51310020
51410020
3
23
462
2
22
486
3
6
0.045
4
17
60级红色青云门套装
4
51110021
51210021
51310021
51410021
3
23
617
2
22
647
3
6
0.06
4
21
75级橙色青云门套装
4
51110025
51210025
51310025
51410025
3
23
747
2
22
784
3
6
0.06
4
22
75级红色青云门套装
4
51110026
51210026
51310026
51410026
3
23
996
2
22
1045
3
6
0.08
4
26
90级橙色青云门套装
4
51110030
51210030
51310030
51410030
3
23
1052
2
22
1104
3
6
0.06
4
27
90级红色青云门套装
4
51110031
51210031
51310031
51410031
3
23
1403
2
22
1473
3
6
0.08
4
31
15级橙色天音寺套装
4
51120008
51220008
51320008
51420008
3
23
63
2
22
60
3
6
0.03
4
35
30级橙色天音寺套装
4
51120012
51220012
51320012
51420012
3
23
148
2
22
141
3
6
0.03
4
39
45级橙色天音寺套装
4
51120016
51220016
51320016
51420016
3
23
298
2
22
284
3
6
0.045
4
43
60级橙色天音寺套装
4
51120020
51220020
51320020
51420020
3
23
486
2
22
462
3
6
0.045
4
44
60级红色天音寺套装
4
51120021
51220021
51320021
51420021
3
23
647
2
22
617
3
6
0.06
4
48
75级橙色天音寺套装
4
51120025
51220025
51320025
51420025
3
23
784
2
22
747
3
6
0.06
4
49
75级红色天音寺套装
4
51120026
51220026
51320026
51420026
3
23
1045
2
22
996
3
6
0.08
4
53
90级橙色天音寺套装
4
51120030
51220030
51320030
51420030
3
23
1104
2
22
1052
3
6
0.06
4
54
90级红色天音寺套装
4
51120031
51220031
51320031
51420031
3
23
1473
2
22
1403
3
6
0.08
4
58
15级橙色鬼王宗套装
4
51130008
51230008
51330008
51430008
3
23
60
2
22
68
3
6
0.03
4
62
30级橙色鬼王宗套装
4
51130012
51230012
51330012
51430012
3
23
141
2
22
159
3
6
0.03
4
66
45级橙色鬼王宗套装
4
51130016
51230016
51330016
51430016
3
23
284
2
22
320
3
6
0.045
4
70
60级橙色鬼王宗套装
4
51130020
51230020
51330020
51430020
3
23
462
2
22
520
3
6
0.045
4
71
60级红色鬼王宗套装
4
51130021
51230021
51330021
51430021
3
23
617
2
22
694
3
6
0.06
4
75
75级橙色鬼王宗套装
4
51130025
51230025
51330025
51430025
3
23
747
2
22
840
3
6
0.06
4
76
75级红色鬼王宗套装
4
51130026
51230026
51330026
51430026
3
23
996
2
22
1120
3
6
0.08
4
80
90级橙色鬼王宗套装
4
51130030
51230030
51330030
51430030
3
23
1052
2
22
1183
3
6
0.06
4
81
90级红色鬼王宗套装
4
51130031
51230031
51330031
51430031
3
23
1403
2
22
1578
3
6
0.08
4
