17
1
ICON_Jade_01
75
10400011
30
0
10000
2
ICON_Jade_01
76
10400011
60
0.005
20000
3
ICON_Jade_01
77
10400011
90
0.01
30000
4
ICON_Jade_01
78
10400011
120
0.015
40000
5
ICON_Jade_01
79
10400011
150
0.02
50000
6
ICON_Jade_01
80
10400011
180
0.025
60000
7
ICON_Jade_01
81
10400011
210
0.03
70000
8
ICON_Jade_01
82
10400011
240
0.035
80000
9
ICON_Jade_01
83
10400011
270
0.04
90000
10
ICON_Jade_01
84
10400011
300
0.045
100000
11
ICON_Jade_02
85
10400011
330
0.05
110000
12
ICON_Jade_02
86
10400011
360
0.055
120000
13
ICON_Jade_02
87
10400011
390
0.06
130000
14
ICON_Jade_02
88
10400011
420
0.065
140000
15
ICON_Jade_02
89
10400011
450
0.07
150000
16
ICON_Jade_02
90
10400011
480
0.075
160000
17
ICON_Jade_02
90
10400011
510
0.08
170000
