11
56000007
水麒麟坐骑
ICON_Riding_03
11
水麒麟坐骑
吾镇守青云山数千年，你，可以唤吾“灵尊”。真是想念当年与青叶把酒言欢的日子啊。
无

true
0
2888
2
5
120
2
0.5
100
10
10
11
16.5
0
7
Bip001/Bip001 Pelvis/Bip001 Spine/bindingpoint
180
135
-320
false
3
0
-90
-90
56000009
敖蒙
ICON_Riding_10
10
敖蒙
吾凌绝九霄，潜渊深海，苍茫天地间，只为与你相逢。哦，差点忘了，吾名敖蒙。
无

true
0
2688
2
5
100
2
0.5
100
10
10
10
15
0
7
Bip001/Bone002/Bone003/bindingpoint
180
145
-280
false
3
0
-90
-90
56000006
空瑞
ICON_Riding_12
9
空瑞
清音一曲，三千痴缠，千里惊弦傲云天。曲终人散君莫问，明日天涯，缘聚缘散。
无

true
0
2688
1
5
100
2
0.5
100
10
10
10
15
0
7
Bip001/bindingpoint
150
120
-170
false
3
64.81
-85.89
-88.62
56000005
锦鳞
ICON_Riding_06
8
锦鳞
带我踏遍江山万里，还你一场生死相依，你只管安心修行就好，愿望交给锦鲤。
无

true
0
2688
2
5
100
2
0.5
100
10
10
10
15
0
7
Bip001/Bone036/bindingpoint
100
170
-220
false
3
0
-90
-90
56000008
熊猫
ICON_Riding_02
7
熊猫
每当来到大竹峰，我都会想起家乡那片漫山竹林的山城，哦，还有城里那两个小小少年，不知他们长大了没。
无

true
0
1888
2
4
80
2
0.5
100
10
10
9
13.5
0
7
Bip001/Bip001 Pelvis/Bip001 Spine/Bip001 Spine1/bindingpoint
180
150
-270
false
3
0
-90
-90
56000004
独角兽
ICON_Riding_07
6
独角兽
我遗世独立，只为带你踏遍六界天地。我呼风唤雨，只为替你抵挡腥风血雨。
无

true
0
1888
2
4
80
2
0.5
100
10
10
9
13.5
0
7
Bip001/Bip001 Pelvis/Bip001 Spine/bindingpoint
180
125
-270
false
3
0
-90
-90
56000003
飞剑龙骧
ICON_Riding_11
5
飞剑龙骧
飞龙在天，幻剑御空，你在风中追梦，我在云里守望，你在梦中见过我，前世与你相遇。
无

true
0
1688
1
4
70
2
0.5
100
10
10
8.5
12.75
0
7
Bip001/bindingpoint
180
120
-240
false
3
64.81
-85.89
-88.62
56000002
孤云白鹤
ICON_Riding_09
4
孤云白鹤
孤云远上长空，鹤羽仙韵临风。携一叶翎羽，与我并肩而行，我将带你一路向东。
无

true
0
1688
2
4
70
2
0.5
100
10
10
8.5
12.75
0
7
Bip001/Bip001 Pelvis/Bip001 Spine/bindingpoint
100
140
-280
true
3
0
-90
-90
56000010
灵狐
ICON_Riding_05
3
灵狐
还记得草庙村的小七吗？他是我哥哥，我找不到他了，你能带我去找他吗？
结婚后结婚礼包中奉送

false
0
0
2
3
60
2
0.5
100
10
10
8
12
0
7
Bip001/Bip001 Pelvis/Bip001 Spine/bindingpoint
180
145
-280
false
3
0
-90
-90
56000001
云马
ICON_Riding_01
2
云马
千年夙愿，驰骋在云之彼岸。万里云纱，只影牵挂，与你踏碎一场盛世烟花。
无

true
0
688
2
3
50
2
0.5
100
10
10
7.5
11.25
0
7
Bip001/Bip001 Pelvis/Bip001 Spine/bindingpoint
180
130
-260
false
3
0
-90
-90
56000011
六道
ICON_Riding_13
1
新手飞剑
与谁纵横千年，凌绝青云之巅，六道轮回之前，只为再看你一眼。
完成主线任务“青云首徒”后获得

false
0
0
1
3
40
2
0.5
100
10
10
7.5
11.75
0
7
Bip001/bindingpoint
180
135
-250
false
3
64.81
-85.89
-88.62
