25
1
10400004
1
10400003
20
cfg.cmd.action.OneItem
10400004
2
10400005
1
10400004
10
cfg.cmd.action.OneItem
10400005
3
10100131
1
10400048
1
cfg.cmd.action.OneItem
10100131
4
10100132
1
10400048
1
cfg.cmd.action.OneItem
10100132
5
10100133
1
10400048
2
cfg.cmd.action.OneItem
10100133
6
10100134
1
10400048
2
cfg.cmd.action.OneItem
10100134
7
10100135
1
10400048
3
cfg.cmd.action.OneItem
10100135
8
10300003
1
10300001
6
cfg.cmd.action.OneItem
10300003
9
10300022
1
10300003
4
cfg.cmd.action.OneItem
10300022
10
10300024
1
10300022
4
cfg.cmd.action.OneItem
10300024
11
10300026
1
10300024
5
cfg.cmd.action.OneItem
10300026
12
10300005
1
10300004
3
cfg.cmd.action.OneItem
10300005
13
10300006
1
10300005
2
cfg.cmd.action.OneItem
10300006
14
10300016
1
10300006
3
cfg.cmd.action.OneItem
10300016
15
10300017
1
10300016
5
cfg.cmd.action.OneItem
10300017
16
10400027
2
10400026
1
10400013
1
cfg.cmd.action.OneItem
10400027
17
10400028
2
10400027
1
10400013
1
cfg.cmd.action.OneItem
10400028
18
10400029
2
10400028
1
10400013
1
cfg.cmd.action.OneItem
10400029
19
10400030
2
10400029
1
10400013
1
cfg.cmd.action.OneItem
10400030
20
10400032
2
10400031
1
10400013
1
cfg.cmd.action.OneItem
10400032
21
10400033
2
10400032
1
10400013
1
cfg.cmd.action.OneItem
10400033
22
10400034
2
10400033
1
10400013
1
cfg.cmd.action.OneItem
10400034
23
10400035
2
10400034
1
10400013
1
cfg.cmd.action.OneItem
10400035
24
51110002
1
51110001
2
cfg.cmd.action.OneItem
51110002
25
10100266
1
10400048
5
cfg.cmd.action.OneItem
10100266
