43
22100001
张小凡
10
1
增加角色命中10。
0
1
22
10
20
11
增加角色气血1248。
0
1
16
1248
30
21
增加角色真气562。
0
1
17
562
50
31
增加角色防御91。
0
1
20
91
100
41
增加角色命中144。
0
1
22
144
160
51
增加角色气血14842。
0
1
16
14842
240
61
增加角色攻击273。
0
1
71
273
360
71
增加角色防御456。
0
1
20
456
480
81
增加角色防御592。
0
1
20
592
960
91
增加角色躲闪749。
0
1
23
749
1440
22100002
陆雪琪
10
1
增加角色躲闪10。
0
1
23
10
20
11
增加角色真气250。
0
1
17
250
30
21
增加角色攻击35。
0
1
71
35
50
31
增加角色命中91。
0
1
22
91
100
41
增加角色躲闪144。
0
1
23
144
160
51
增加角色真气2968。
0
1
17
2968
240
61
增加角色防御336。
0
1
20
336
360
71
增加角色命中456。
0
1
22
456
480
81
增加角色命中592。
0
1
22
592
960
91
增加角色气血48659。
0
1
16
48659
1440
22100003
林惊羽
10
1
增加角色气血624。
0
1
16
624
20
11
增加角色攻击16。
0
1
71
16
30
21
增加角色防御43。
0
1
20
43
50
31
增加角色躲闪91。
0
1
23
91
100
41
增加角色气血9360。
0
1
16
9360
160
51
增加角色攻击186。
0
1
71
186
240
61
增加角色命中336。
0
1
22
336
360
71
增加角色躲闪456。
0
1
23
456
480
81
增加角色躲闪592。
0
1
23
592
960
91
增加角色真气9732。
0
1
17
9732
1440
22100004
碧瑶
10
1
增加角色真气125。
0
1
17
125
20
11
增加角色防御19。
0
1
20
19
30
21
增加角色命中43。
0
1
22
43
50
31
增加角色气血5928。
0
1
16
5928
100
41
增加角色真气1872。
0
1
17
1872
160
51
增加角色防御228。
0
1
20
228
240
61
增加角色躲闪336。
0
1
23
336
360
71
增加角色气血29657。
0
1
16
29657
480
81
增加角色气血38485。
0
1
16
38485
960
91
增加角色攻击608。
0
1
71
608
1440
22100005
普智
10
1
增加角色攻击3。
0
1
71
3
20
11
增加角色命中8。
0
1
22
8
30
21
增加角色躲闪17。
0
1
23
17
50
31
增加角色真气474。
0
1
17
474
100
41
增加角色攻击47。
0
1
71
47
160
51
增加角色命中91。
0
1
22
91
240
61
增加角色气血8738。
0
1
16
8738
360
71
增加角色真气2373。
0
1
17
2373
480
81
增加角色真气3079。
0
1
17
3079
960
91
增加角色防御299。
0
1
20
299
1440
22100006
小七
10
1
增加角色防御10。
0
1
20
10
20
11
增加角色躲闪19。
0
1
23
19
30
21
增加角色气血2808。
0
1
16
2808
50
31
增加角色攻击74。
0
1
71
74
100
41
增加角色防御144。
0
1
20
144
160
51
增加角色躲闪228。
0
1
23
228
240
61
增加角色真气4369。
0
1
17
4369
360
71
增加角色攻击371。
0
1
71
371
480
81
增加角色攻击481。
0
1
71
481
960
91
增加角色命中749。
0
1
22
749
1440
22100007
宋大仁
10
1
增加角色命中2。
0
1
22
2
20
11
增加角色气血250。
0
1
16
250
30
21
增加角色真气112。
0
1
17
112
50
31
增加角色防御18。
0
1
20
18
100
41
增加角色命中29。
0
1
22
29
160
51
增加角色气血2968。
0
1
16
2968
240
61
增加角色攻击55。
0
1
71
55
360
71
增加角色防御91。
0
1
20
91
480
81
增加角色防御118。
0
1
20
118
960
91
增加角色躲闪150。
0
1
23
150
1440
22100008
法相
10
1
增加角色躲闪4。
0
1
23
4
20
11
增加角色真气100。
0
1
17
100
30
21
增加角色攻击14。
0
1
71
14
50
31
增加角色命中36。
0
1
22
36
100
41
增加角色躲闪58。
0
1
23
58
160
51
增加角色真气1187。
0
1
17
1187
240
61
增加角色防御134。
0
1
20
134
360
71
增加角色命中183。
0
1
22
183
480
81
增加角色命中237。
0
1
22
237
960
91
增加角色气血19464。
0
1
16
19464
1440
22100009
齐昊
10
1
增加角色气血250。
0
1
16
250
20
11
增加角色攻击6。
0
1
71
6
30
21
增加角色防御17。
0
1
20
17
50
31
增加角色躲闪36。
0
1
23
36
100
41
增加角色气血3744。
0
1
16
3744
160
51
增加角色攻击74。
0
1
71
74
240
61
增加角色命中134。
0
1
22
134
360
71
增加角色躲闪183。
0
1
23
183
480
81
增加角色躲闪237。
0
1
23
237
960
91
增加角色真气3893。
0
1
17
3893
1440
22100010
苍松
10
1
增加角色真气50。
0
1
17
50
20
11
增加角色防御8。
0
1
20
8
30
21
增加角色命中17。
0
1
22
17
50
31
增加角色气血2371。
0
1
16
2371
100
41
增加角色真气749。
0
1
17
749
160
51
增加角色防御91。
0
1
20
91
240
61
增加角色躲闪134。
0
1
23
134
360
71
增加角色气血11863。
0
1
16
11863
480
81
增加角色气血15394。
0
1
16
15394
960
91
增加角色攻击243。
0
1
71
243
1440
22100011
曾书书
10
1
增加角色攻击8。
0
1
71
8
20
11
增加角色命中19。
0
1
22
19
30
21
增加角色躲闪43。
0
1
23
43
50
31
增加角色真气1186。
0
1
17
1186
100
41
增加角色攻击117。
0
1
71
117
160
51
增加角色命中228。
0
1
22
228
240
61
增加角色气血21844。
0
1
16
21844
360
71
增加角色真气5931。
0
1
17
5931
480
81
增加角色真气7697。
0
1
17
7697
960
91
增加角色防御749。
0
1
20
749
1440
22100014
水月
10
1
增加角色防御4。
0
1
20
4
20
11
增加角色躲闪8。
0
1
23
8
30
21
增加角色气血1123。
0
1
16
1123
50
31
增加角色攻击30。
0
1
71
30
100
41
增加角色防御58。
0
1
20
58
160
51
增加角色躲闪91。
0
1
23
91
240
61
增加角色真气1748。
0
1
17
1748
360
71
增加角色攻击148。
0
1
71
148
480
81
增加角色攻击192。
0
1
71
192
960
91
增加角色命中299。
0
1
22
299
1440
22100015
金瓶儿
10
1
增加角色命中4。
0
1
22
4
20
11
增加角色气血499。
0
1
16
499
30
21
增加角色真气225。
0
1
17
225
50
31
增加角色防御36。
0
1
20
36
100
41
增加角色命中58。
0
1
22
58
160
51
增加角色气血5937。
0
1
16
5937
240
61
增加角色攻击109。
0
1
71
109
360
71
增加角色防御183。
0
1
20
183
480
81
增加角色防御237。
0
1
20
237
960
91
增加角色躲闪299。
0
1
23
299
1440
22100016
李洵
10
1
增加角色躲闪2。
0
1
23
2
20
11
增加角色真气50。
0
1
17
50
30
21
增加角色攻击7。
0
1
71
7
50
31
增加角色命中18。
0
1
22
18
100
41
增加角色躲闪29。
0
1
23
29
160
51
增加角色真气594。
0
1
17
594
240
61
增加角色防御67。
0
1
20
67
360
71
增加角色命中91。
0
1
22
91
480
81
增加角色命中118。
0
1
22
118
960
91
增加角色气血9732。
0
1
16
9732
1440
22100017
青龙
10
1
增加角色气血250。
0
1
16
250
20
11
增加角色攻击6。
0
1
71
6
30
21
增加角色防御17。
0
1
20
17
50
31
增加角色躲闪36。
0
1
23
36
100
41
增加角色气血3744。
0
1
16
3744
160
51
增加角色攻击74。
0
1
71
74
240
61
增加角色命中134。
0
1
22
134
360
71
增加角色躲闪183。
0
1
23
183
480
81
增加角色躲闪237。
0
1
23
237
960
91
增加角色真气3893。
0
1
17
3893
1440
22100018
苏茹
10
1
增加角色真气50。
0
1
17
50
20
11
增加角色防御8。
0
1
20
8
30
21
增加角色命中17。
0
1
22
17
50
31
增加角色气血2371。
0
1
16
2371
100
41
增加角色真气749。
0
1
17
749
160
51
增加角色防御91。
0
1
20
91
240
61
增加角色躲闪134。
0
1
23
134
360
71
增加角色气血11863。
0
1
16
11863
480
81
增加角色气血15394。
0
1
16
15394
960
91
增加角色攻击243。
0
1
71
243
1440
22100019
田不易
10
1
增加角色攻击3。
0
1
71
3
20
11
增加角色命中8。
0
1
22
8
30
21
增加角色躲闪17。
0
1
23
17
50
31
增加角色真气474。
0
1
17
474
100
41
增加角色攻击47。
0
1
71
47
160
51
增加角色命中91。
0
1
22
91
240
61
增加角色气血8738。
0
1
16
8738
360
71
增加角色真气2373。
0
1
17
2373
480
81
增加角色真气3079。
0
1
17
3079
960
91
增加角色防御299。
0
1
20
299
1440
22100020
萧逸才
10
1
增加角色防御4。
0
1
20
4
20
11
增加角色命中8。
0
1
22
8
30
21
增加角色躲闪17。
0
1
23
17
50
31
增加角色真气474。
0
1
17
474
100
41
增加角色攻击47。
0
1
71
47
160
51
增加角色攻击74。
0
1
71
74
240
61
增加角色躲闪134。
0
1
23
134
360
71
增加角色真气2373。
0
1
17
2373
480
81
增加角色防御237。
0
1
20
237
960
91
增加角色攻击243。
0
1
71
243
1440
22100021
周一仙
10
1
增加角色命中4。
0
1
22
4
20
11
增加角色躲闪8。
0
1
23
8
30
21
增加角色气血1123。
0
1
16
1123
50
31
增加角色攻击30。
0
1
71
30
100
41
增加角色防御58。
0
1
20
58
160
51
增加角色防御91。
0
1
20
91
240
61
增加角色气血8738。
0
1
16
8738
360
71
增加角色攻击148。
0
1
71
148
480
81
增加角色命中237。
0
1
22
237
960
91
增加角色防御299。
0
1
20
299
1440
22100022
野狗道人
10
1
增加角色躲闪2。
0
1
23
2
20
11
增加角色气血250。
0
1
16
250
30
21
增加角色真气112。
0
1
17
112
50
31
增加角色防御18。
0
1
20
18
100
41
增加角色命中29。
0
1
22
29
160
51
增加角色命中46。
0
1
22
46
240
61
增加角色真气874。
0
1
17
874
360
71
增加角色防御91。
0
1
20
91
480
81
增加角色躲闪118。
0
1
23
118
960
91
增加角色命中150。
0
1
22
150
1440
22100023
大黄
10
1
增加角色气血125。
0
1
16
125
20
11
增加角色真气50。
0
1
17
50
30
21
增加角色攻击7。
0
1
71
7
50
31
增加角色命中18。
0
1
22
18
100
41
增加角色躲闪29。
0
1
23
29
160
51
增加角色躲闪46。
0
1
23
46
240
61
增加角色攻击55。
0
1
71
55
360
71
增加角色命中91。
0
1
22
91
480
81
增加角色气血7697。
0
1
16
7697
960
91
增加角色躲闪150。
0
1
23
150
1440
22100024
燕虹
10
1
增加角色真气25。
0
1
17
25
20
11
增加角色攻击3。
0
1
71
3
30
21
增加角色防御9。
0
1
20
9
50
31
增加角色躲闪18。
0
1
23
18
100
41
增加角色气血1872。
0
1
16
1872
160
51
增加角色气血2968。
0
1
16
2968
240
61
增加角色防御67。
0
1
20
67
360
71
增加角色躲闪91。
0
1
23
91
480
81
增加角色真气1539。
0
1
17
1539
960
91
增加角色气血9732。
0
1
16
9732
1440
22100026
秦无炎
10
1
增加角色攻击3。
0
1
71
3
20
11
增加角色防御8。
0
1
20
8
30
21
增加角色命中17。
0
1
22
17
50
31
增加角色气血2371。
0
1
16
2371
100
41
增加角色真气749。
0
1
17
749
160
51
增加角色真气1187。
0
1
17
1187
240
61
增加角色命中134。
0
1
22
134
360
71
增加角色气血11863。
0
1
16
11863
480
81
增加角色攻击192。
0
1
71
192
960
91
增加角色真气3893。
0
1
17
3893
1440
22100027
田灵儿
10
1
增加角色防御4。
0
1
20
4
20
11
增加角色命中8。
0
1
22
8
30
21
增加角色躲闪17。
0
1
23
17
50
31
增加角色真气474。
0
1
17
474
100
41
增加角色攻击47。
0
1
71
47
160
51
增加角色攻击74。
0
1
71
74
240
61
增加角色躲闪134。
0
1
23
134
360
71
增加角色真气2373。
0
1
17
2373
480
81
增加角色防御237。
0
1
20
237
960
91
增加角色攻击243。
0
1
71
243
1440
22100028
三尾
10
1
增加角色命中2。
0
1
22
2
20
11
增加角色躲闪4。
0
1
23
4
30
21
增加角色气血562。
0
1
16
562
50
31
增加角色攻击15。
0
1
71
15
100
41
增加角色防御29。
0
1
20
29
160
51
增加角色防御46。
0
1
20
46
240
61
增加角色气血4369。
0
1
16
4369
360
71
增加角色攻击74。
0
1
71
74
480
81
增加角色命中118。
0
1
22
118
960
91
增加角色防御150。
0
1
20
150
1440
22100029
小环
10
1
增加角色躲闪4。
0
1
23
4
20
11
增加角色气血499。
0
1
16
499
30
21
增加角色真气225。
0
1
17
225
50
31
增加角色防御36。
0
1
20
36
100
41
增加角色命中58。
0
1
22
58
160
51
增加角色命中91。
0
1
22
91
240
61
增加角色真气1748。
0
1
17
1748
360
71
增加角色防御183。
0
1
20
183
480
81
增加角色躲闪237。
0
1
23
237
960
91
增加角色命中299。
0
1
22
299
1440
22100030
鬼先生
10
1
增加角色气血624。
0
1
16
624
20
11
增加角色真气250。
0
1
17
250
30
21
增加角色攻击35。
0
1
71
35
50
31
增加角色命中91。
0
1
22
91
100
41
增加角色躲闪144。
0
1
23
144
160
51
增加角色躲闪228。
0
1
23
228
240
61
增加角色攻击273。
0
1
71
273
360
71
增加角色命中456。
0
1
22
456
480
81
增加角色气血38485。
0
1
16
38485
960
91
增加角色躲闪749。
0
1
23
749
1440
22100031
幽姬
10
1
增加角色真气50。
0
1
17
50
20
11
增加角色攻击6。
0
1
71
6
30
21
增加角色防御17。
0
1
20
17
50
31
增加角色躲闪36。
0
1
23
36
100
41
增加角色气血3744。
0
1
16
3744
160
51
增加角色气血5937。
0
1
16
5937
240
61
增加角色防御134。
0
1
20
134
360
71
增加角色躲闪183。
0
1
23
183
480
81
增加角色真气3079。
0
1
17
3079
960
91
增加角色气血19464。
0
1
16
19464
1440
22100032
文敏
10
1
增加角色攻击2。
0
1
71
2
20
11
增加角色防御4。
0
1
20
4
30
21
增加角色命中9。
0
1
22
9
50
31
增加角色气血1186。
0
1
16
1186
100
41
增加角色真气374。
0
1
17
374
160
51
增加角色真气594。
0
1
17
594
240
61
增加角色命中67。
0
1
22
67
360
71
增加角色气血5931。
0
1
16
5931
480
81
增加角色攻击96。
0
1
71
96
960
91
增加角色真气1946。
0
1
17
1946
1440
22100033
年老大
10
1
增加角色防御2。
0
1
20
2
20
11
增加角色命中4。
0
1
22
4
30
21
增加角色躲闪9。
0
1
23
9
50
31
增加角色真气237。
0
1
17
237
100
41
增加角色攻击23。
0
1
71
23
160
51
增加角色攻击37。
0
1
71
37
240
61
增加角色躲闪67。
0
1
23
67
360
71
增加角色真气1186。
0
1
17
1186
480
81
增加角色防御118。
0
1
20
118
960
91
增加角色攻击122。
0
1
71
122
1440
22100034
血鲲
10
1
增加角色命中2。
0
1
22
2
20
11
增加角色躲闪4。
0
1
23
4
30
21
增加角色气血562。
0
1
16
562
50
31
增加角色攻击15。
0
1
71
15
100
41
增加角色防御29。
0
1
20
29
160
51
增加角色防御46。
0
1
20
46
240
61
增加角色气血4369。
0
1
16
4369
360
71
增加角色攻击74。
0
1
71
74
480
81
增加角色命中118。
0
1
22
118
960
91
增加角色防御150。
0
1
20
150
1440
22100035
毒神
10
1
增加角色躲闪2。
0
1
23
2
20
11
增加角色气血250。
0
1
16
250
30
21
增加角色真气112。
0
1
17
112
50
31
增加角色防御18。
0
1
20
18
100
41
增加角色命中29。
0
1
22
29
160
51
增加角色命中46。
0
1
22
46
240
61
增加角色真气874。
0
1
17
874
360
71
增加角色防御91。
0
1
20
91
480
81
增加角色躲闪118。
0
1
23
118
960
91
增加角色命中150。
0
1
22
150
1440
22100036
百毒子
10
1
增加角色气血125。
0
1
16
125
20
11
增加角色真气50。
0
1
17
50
30
21
增加角色攻击7。
0
1
71
7
50
31
增加角色命中18。
0
1
22
18
100
41
增加角色躲闪29。
0
1
23
29
160
51
增加角色躲闪46。
0
1
23
46
240
61
增加角色攻击55。
0
1
71
55
360
71
增加角色命中91。
0
1
22
91
480
81
增加角色气血7697。
0
1
16
7697
960
91
增加角色躲闪150。
0
1
23
150
1440
22100037
吸血老祖
10
1
增加角色真气25。
0
1
17
25
20
11
增加角色攻击3。
0
1
71
3
30
21
增加角色防御9。
0
1
20
9
50
31
增加角色躲闪18。
0
1
23
18
100
41
增加角色气血1872。
0
1
16
1872
160
51
增加角色气血2968。
0
1
16
2968
240
61
增加角色防御67。
0
1
20
67
360
71
增加角色躲闪91。
0
1
23
91
480
81
增加角色真气1539。
0
1
17
1539
960
91
增加角色气血9732。
0
1
16
9732
1440
22100038
孟骥
10
1
增加角色攻击2。
0
1
71
2
20
11
增加角色防御4。
0
1
20
4
30
21
增加角色命中9。
0
1
22
9
50
31
增加角色气血1186。
0
1
16
1186
100
41
增加角色真气374。
0
1
17
374
160
51
增加角色真气594。
0
1
17
594
240
61
增加角色命中67。
0
1
22
67
360
71
增加角色气血5931。
0
1
16
5931
480
81
增加角色攻击96。
0
1
71
96
960
91
增加角色真气1946。
0
1
17
1946
1440
22100039
玉阳子
10
1
增加角色攻击2。
0
1
71
2
20
11
增加角色命中4。
0
1
22
4
30
21
增加角色躲闪9。
0
1
23
9
50
31
增加角色气血1186。
0
1
16
1186
100
41
增加角色真气374。
0
1
17
374
160
51
增加角色攻击37。
0
1
71
37
240
61
增加角色真气874。
0
1
17
874
360
71
增加角色躲闪91。
0
1
23
91
480
81
增加角色气血7697。
0
1
16
7697
960
91
增加角色攻击122。
0
1
71
122
1440
22100040
大黑蛭
10
1
增加角色防御2。
0
1
20
2
20
11
增加角色躲闪4。
0
1
23
4
30
21
增加角色气血562。
0
1
16
562
50
31
增加角色真气237。
0
1
17
237
100
41
增加角色攻击23。
0
1
71
23
160
51
增加角色防御46。
0
1
20
46
240
61
增加角色攻击55。
0
1
71
55
360
71
增加角色气血5931。
0
1
16
5931
480
81
增加角色真气1539。
0
1
17
1539
960
91
增加角色防御150。
0
1
20
150
1440
22100041
六尾魔狐
10
1
增加角色命中2。
0
1
22
2
20
11
增加角色气血250。
0
1
16
250
30
21
增加角色真气112。
0
1
17
112
50
31
增加角色攻击15。
0
1
71
15
100
41
增加角色防御29。
0
1
20
29
160
51
增加角色命中46。
0
1
22
46
240
61
增加角色防御67。
0
1
20
67
360
71
增加角色真气1186。
0
1
17
1186
480
81
增加角色攻击96。
0
1
71
96
960
91
增加角色命中150。
0
1
22
150
1440
22100042
小灰
10
1
增加角色躲闪10。
0
1
23
10
20
11
增加角色真气250。
0
1
17
250
30
21
增加角色攻击35。
0
1
71
35
50
31
增加角色防御91。
0
1
20
91
100
41
增加角色命中144。
0
1
22
144
160
51
增加角色躲闪228。
0
1
23
228
240
61
增加角色命中336。
0
1
22
336
360
71
增加角色攻击371。
0
1
71
371
480
81
增加角色防御592。
0
1
20
592
960
91
增加角色躲闪749。
0
1
23
749
1440
22100043
万剑一
10
1
增加角色气血624。
0
1
16
624
20
11
增加角色攻击16。
0
1
71
16
30
21
增加角色防御43。
0
1
20
43
50
31
增加角色命中91。
0
1
22
91
100
41
增加角色躲闪144。
0
1
23
144
160
51
增加角色气血14842。
0
1
16
14842
240
61
增加角色躲闪336。
0
1
23
336
360
71
增加角色防御456。
0
1
20
456
480
81
增加角色命中592。
0
1
22
592
960
91
增加角色气血48659。
0
1
16
48659
1440
22100044
云易岚
10
1
增加角色真气125。
0
1
17
125
20
11
增加角色防御19。
0
1
20
19
30
21
增加角色命中43。
0
1
22
43
50
31
增加角色躲闪91。
0
1
23
91
100
41
增加角色气血9360。
0
1
16
9360
160
51
增加角色真气2968。
0
1
17
2968
240
61
增加角色气血21844。
0
1
16
21844
360
71
增加角色命中456。
0
1
22
456
480
81
增加角色躲闪592。
0
1
23
592
960
91
增加角色真气9732。
0
1
17
9732
1440
22100045
小白
10
1
增加角色气血624。
0
1
16
624
20
11
增加角色躲闪19。
0
1
23
19
30
21
增加角色攻击35。
0
1
71
35
50
31
增加角色命中91。
0
1
22
91
100
41
增加角色气血9360。
0
1
16
9360
160
51
增加角色攻击186。
0
1
71
186
240
61
增加角色防御336。
0
1
20
336
360
71
增加角色命中456。
0
1
22
456
480
81
增加角色气血38485。
0
1
16
38485
960
91
增加角色真气9732。
0
1
17
9732
1440
22100046
兽神
10
1
增加角色真气125。
0
1
17
125
20
11
增加角色攻击16。
0
1
71
16
30
21
增加角色防御43。
0
1
20
43
50
31
增加角色躲闪91。
0
1
23
91
100
41
增加角色气血9360。
0
1
16
9360
160
51
增加角色真气2968。
0
1
17
2968
240
61
增加角色攻击273。
0
1
71
273
360
71
增加角色命中456。
0
1
22
456
480
81
增加角色防御592。
0
1
20
592
960
91
增加角色攻击608。
0
1
71
608
1440
