1
7
1
sss
60
0
0
0
0
2
sss
75
30
15
5
1
cfg.cmd.condition.Currency
10200023
1000
3
sss
90
60
30
10
1
cfg.cmd.condition.Currency
10200023
1000
4
sss
105
90
45
15
1
cfg.cmd.condition.Currency
10200023
1000
5
sss
120
120
60
20
1
cfg.cmd.condition.Currency
10200023
1000
6
sss
135
150
75
25
1
cfg.cmd.condition.Currency
10200023
1000
7
sss
150
180
90
30
1
cfg.cmd.condition.Currency
10200023
1000
7
1
sss
60
0
0
0
0
2
sss
75
30
15
5
1
cfg.cmd.condition.Currency
10200023
1000
3
sss
90
60
30
10
1
cfg.cmd.condition.Currency
10200023
1000
4
sss
105
90
45
15
1
cfg.cmd.condition.Currency
10200023
1000
5
sss
120
120
60
20
1
cfg.cmd.condition.Currency
10200023
1000
6
sss
135
150
75
25
1
cfg.cmd.condition.Currency
10200023
1000
7
sss
150
180
90
30
1
cfg.cmd.condition.Currency
10200023
1000
角色等级60级开启罡气模块，并开启第一重罡气，当第一重罡气的等级、觉醒等级和星级都达到上限后，且角色等级达到75级可突破至第二重罡气。总共有7重罡气，每间隔15级可开启新一重罡气。.g9~/罡气分为角色罡气和伙伴罡气，角色罡气增加角色的属性，伙伴罡气增加所有伙伴的属性，两种罡气的修炼方式是相同的，具体修炼方式如下：.g9~/1、罡气升级：提供固定数值的属性加成，升级消耗灵石，有概率失败，升级成功后本重罡气等级提升。.g9~/2、罡气觉醒：提供罡气固定值属性百分比加成，觉醒消耗玄晶，有概率失败，觉醒成功后本重罡气觉醒等级提升。.g9~/3、罡气升华：提供稀有属性加成，如伤害防护等，升华消耗仙玉，无失败概率，升华成功后本重罡气星级提升。.g9~/4、罡气进阶：当本重罡气等级、觉醒等级、星级全部提升到最大值并同时满足下一重罡气开启等级时，可消耗仙玉将罡气进阶到下一重，罡气进阶无失败概率。.g9~/罡气升级和觉醒有概率失败，当升级失败后，可累计升级幸运值，升级幸运值满后下一次升级必定成功，罡气觉醒也有觉醒幸运值，觉醒幸运值满时，下次觉醒必定成功。
