422
1
HP上限增加_25%_3000
强身健体
2
0
2
流血_0.5%_50
残酷割裂
0
1
30001
每秒流血0.5%
0
1
5
3
攻击力下降_25%
恐惧波动
0
1
3
最大攻击力下降25%
0
1
10
4
眩晕_2秒
昏迷
0
1
50002
眩晕2秒
0
1
2
5
主角攻击+10%
玩家攻击
2
1
4
攻击+10%
0
1
3600
6
主角防御+10%
玩家防御
2
1
5
防御+10%
0
1
3600
7
基地生命+100%
建筑生命
0
1
6
恢复生命100%
0
1
3600
8
减速_60%_10秒
你走不动了
0
1
7
减速60%
0
1
10
12
尸王尸毒
尸毒
0
2
60003
尸毒
0
1
5
7
减速60%
0
1
5
13
测试吸血
吸血
2
1
120003
吸血
1
1
-1
14
测试用常驻流血
测试用常驻流血
2
1
60101
流血
3
1
-1
15
魔化普智眩晕
魔化普智眩晕
0
1
51001
眩晕2秒
0
1
2
16
魔化普智吸血
魔化普智吸血
2
1
120006
吸血
1
1
-1
17
心魔加攻
心魔加攻
2
1
18
攻击+10%
0
1
600
18
boss通用眩晕
boss通用眩晕
0
1
51002
boss通用眩晕
0
1
2
19
boss通用沉默
boss通用沉默
0
1
51003
boss通用沉默
0
1
3
20
boss通用禁疗
boss通用禁疗
0
1
51004
boss通用禁疗
0
1
5
21
boss通用灼烧
boss通用灼烧
0
1
60126
boss通用灼烧
0
1
5
1001
门派大招通用减速
门派大招通用减速
0
1
9
减速
0
1
5
1002
神剑御雷真诀眩晕
神剑御雷真诀眩晕
0
1
50128
眩晕
0
1
2.5
1003
诛仙剑气灼烧
天诛剑气灼烧
0
1
60001
灼烧
0
1
4
1004
归元剑眩晕
归元剑眩晕
0
1
50004
眩晕
0
1
2
1005
修罗斩眩晕
修罗斩眩晕
0
1
50004
眩晕
0
1
2
1006
修罗斩灼烧
修罗斩灼烧
0
1
60002
灼烧
0
1
6
1007
修罗斩减速
修罗斩减速
0
1
8
减速
0
1
3.5
1008
狮子吼眩晕
狮子吼眩晕
0
1
50009
眩晕
0
1
2.5
1011
火焰刀眩晕
火焰刀眩晕
0
1
50003
眩晕
0
1
2
1012
测试
测试
0
1
50005
沉默
0
1
2
1013
测试
测试
0
1
50006
冰冻
0
1
2
1014
测试
测试
0
1
50007
禁食
0
1
2
1015
测试
测试
0
1
50008
金身
0
1
2
1016
鬼王宗天魔附体
鬼王宗天魔附体
2
2
10007
加移动速度
0
1
10
10008
加攻击力
0
1
10
1017
清风决
清风决
1
2
130007
驱散
2
1
-1
10147
加闪避
0
1
10
1018
坤卦加攻
坤卦加攻
1
1
10148
加攻
0
1
20
1019
血毒万里毒
中毒
0
1
60117
中毒
0
1
20
1020
地藏抄
地藏抄
0
2
13
降防
0
1
9
14
减速
0
1
9
1021
守护招来光环
守护招来光环
2
1
70013
守护招来
0
1
15
1022
墨韵诀
墨韵诀
2
1
10149
墨韵诀
0
1
15
1023
秦无炎毒
秦无炎毒
0
1
60109
秦无炎毒
0
1
5
1024
秦无炎毒
秦无炎毒
0
1
60110
秦无炎毒
0
1
5
1025
秦无炎毒
秦无炎毒
0
1
60111
秦无炎毒
0
1
5
1026
朱绫轻舞
朱绫轻舞
1
2
10150
朱绫轻舞
0
1
15
10151
朱绫轻舞
0
1
15
1027
鬼王宗天魔附体进阶
鬼王宗天魔附体进阶
2
3
10014
免疫异常
0
1
10
10015
加移动速度
0
1
10
10016
加攻击力
0
1
10
1028
金刚般若经
金刚般若经
1
1
10152
增加防御力
0
1
15
1029
金刚印眩晕
金刚印眩晕
0
1
50127
眩晕
0
1
2.5
1030
明王降世流血
明王降世流血
0
1
60122
流血
0
1
6
1031
佛陀净世愿降攻
佛陀净世愿降攻
0
1
15
攻击力下降
0
1
5
1032
缚神
缚神
0
2
115

0
1
6
116

0
1
6
1033
四灵血阵眩晕
四灵血阵眩晕
0
1
50129
眩晕
0
1
4
1034
雷光遁龙诀减速
雷光遁龙诀减速
0
1
11
减速
0
1
3
1035
修罗斩降躲闪
修罗斩降躲闪
0
1
12
降低躲闪
0
1
5
1036
狮王之怒
狮王之怒
0
1
50009
眩晕
0
1
2
1037
曾书书轩辕剑气
曾书书轩辕剑气
0
1
193
曾书书轩辕剑气
0
1
5
1038
猛毒测试
猛毒测试
0
1
60125
猛毒测试
0
1
10
1039
山神降世
山神降世
2
5
201
山神降世
0
1
15
51006
山神降世
0
1
15
10154
山神降世
0
1
15
10155
山神降世
0
1
15
205
山神降世
0
1
15
1040
变身
变身
2
3
150001
变身
0
1
25
246
造成伤害+15%
0
1
25
247
伤害减免+15%
0
1
25
1041
霸体
霸体
2
1
51006
霸体
0
1
3
1101
给小七的云影扇挂加攻光环
给小七的云影扇挂加攻光环
2
1
70010
加攻
0
1
6
1102
给嗜血斩挂吸血
给嗜血斩挂吸血
2
1
120001
吸血
1
1
-1
1103
给大梵班若挂新眩晕
给大梵班若挂新眩晕
0
1
50102
眩晕
0
1
2.5
1104
给寒霜剑气挂减速
给寒霜剑气挂减速
0
1
101
减速
0
1
4
1105
给陆雪琪所有技能挂增加自身暴击
给陆雪琪所有技能挂增加自身暴击
2
1
102
加暴击
0
1
5
1106
给无常令挂沉默
给无常令挂沉默
0
1
50103
沉默
0
1
3
1107
给伤心花雨挂异常命中率上升
给伤心花雨挂异常命中率上升
2
1
154
异常命中率上升
0
1
7
1108
给痴情咒挂免疫异常状态
给痴情咒挂免疫异常状态
2
1
50104

0
1
7.5
1109
给痴情咒挂大范围物防上升驱散光环
给痴情咒挂大范围物防上升驱散光环
2
1
70004

0
1
6
1110
给天狐游挂躲闪光环
给天狐游挂躲闪光环
2
1
70005

0
1
6
1111
给焚阳狐火挂降攻
给焚阳狐火挂降攻
0
1
108

0
1
6
1112
给少阳剑挂韧性下降
给少阳剑挂韧性下降
0
1
110

0
1
10
1113
给怒剑惊鸿挂暴击上升
给怒剑惊鸿挂暴击上升
2
1
111

0
1
10
1114
给斩龙决挂无视防御和无视躲闪
给斩龙决挂无视防御和无视躲闪
0
2
112

1
1
-1
113

1
1
-1
1115
给坎决挂驱散效果
给坎决挂驱散效果
1
1
130002

2
1
-1
1116
给离火诀换灼烧
给离火诀换灼烧
0
1
60103

0
1
4
1117
给乾决挂概率大加攻
给乾决挂概率大加攻
2
1
114

1
1
-1
1118
给缚神挂减速成功率和成功比例
给缚神挂减速成功率和成功比例
0
2
118

0
1
6
119

0
1
6
1119
替换缚神的buff到10秒
替换缚神的buff到8秒
0
2
118

0
1
10
119

0
1
10
1120
给缚神挂减攻比例
给缚神挂减攻比例
0
1
120

0
1
8
1121
给田不易驭雷术挂降防
给田不易驭雷术挂降防
0
1
121

0
1
5
1122
给赤炎火龙剑添加临时命中
给赤炎火龙剑添加临时命中
2
1
122

1
1
-1
1123
给赤炎火龙剑添加禁止回复效果
给赤炎火龙剑添加禁止回复效果
0
1
50105

0
1
10
1124
给毒血幡挂剧毒
给毒血幡挂剧毒
0
1
60106

0
1
6
1125
给苍松所有攻击额外挂一个小毒
给苍松所有攻击额外挂一个小毒
0
1
60107

0
1
4
1126
给水箭术挂移动速度降低
给水箭术挂移动速度降低
0
1
155

0
1
5
1127
给水月所有技能挂驱散
给水月所有技能挂驱散
2
1
130006

2
1
-1
1128
给水月所有技能挂驱散光环
给水月所有技能挂驱散光环
2
1
70006

0
1
6
1129
给苏茹驭雷术挂降防
给苏茹驭雷术挂降防
0
1
121

0
1
5
1130
给苏茹挂墨雪冰龙剑大范围冰冻
给苏茹挂墨雪冰龙剑大范围冰冻
0
1
50106

0
1
3
1131
给法相韦陀挂反弹光环
给法相韦陀挂反弹光环
2
1
70007

0
1
6
1132
给萧逸才火焰符挂晕
给萧逸才火焰符挂晕
0
5
50107

0
1
1
50108

0
1
2
50109

0
1
3
50110

0
1
4
50111

0
1
5
1133
给萧逸才所有技能挂攻击波动
给萧逸才所有技能挂攻击波动
2
5
124

0
1
1
125

0
1
2
126

0
1
3
127

0
1
4
128

0
1
5
1134
给萧逸才所有技能挂狂化
给萧逸才所有技能挂狂化
2
1
129

0
1
6
1135
给齐昊天机印挂定身和攻防降低
给齐昊天机印挂定身和攻防降低
0
2
131

0
1
5
50112

0
1
2
1136
给齐昊少泽剑挂降低异常抗性
给齐昊少泽剑挂降低异常抗性
0
1
132

0
1
6
1137
给齐昊所有技能挂冰冻
给齐昊所有技能挂冰冻
0
1
50113

0
1
2
1138
给宋大仁十虎破挂无视防御
给宋大仁十虎破挂无视防御
2
1
133

1
1
-1
1139
给宋大仁招雷挂眩晕
给宋大仁招雷挂眩晕
0
1
50118

0
1
2
1140
给忘情挂暴击
给忘情挂暴击
2
1
134

1
1
-1
1141
给蝶梦挂暴击
给蝶梦挂暴击
2
1
134

1
1
-1
1142
给缠绵挂韧性和防御下降
给缠绵挂韧性和防御下降
0
2
135

0
1
5
136

0
1
5
1143
给狮子印挂伤害增加
给狮子印挂伤害增加
2
1
137

0
1
6
1144
给普智大梵班若挂新眩晕
给普智大梵班若挂新眩晕
0
1
50114

0
1
3
1145
给金刚般若经挂光环
给金刚般若经挂光环
2
1
70008

0
1
6
1146
给血玉骨片挂伤害增加
给血玉骨片挂伤害增加
0
1
140

0
1
6
1147
给聚义酒挂各种buff
给聚义酒挂各种buff
0
3
10141

0
1
3
10142

0
1
3
10143

0
1
3
1149
给渡情挂异常命中率
给渡情挂异常命中率
2
1
151

0
1
6
1150
秦无炎大招挂猛毒
秦无炎大招挂猛毒
0
1
60113

0
1
4
1151
秦无炎斩相思异常抗性
秦无炎斩相思异常抗性
0
1
156

0
1
8
1152
给鬼师傅血玉骨片挂降防
给鬼师傅血玉骨片挂降防
0
1
153

0
1
6
1153
给血灵之环挂禁疗
给血灵之环挂禁疗
0
1
50116

0
1
10
1154
给血毒万里挂猛毒
给血毒万里挂猛毒
0
1
60118

0
1
10
1155
给聚义酒挂各种buff(觉醒)
给聚义酒挂各种buff(觉醒)
0
3
10141

0
1
10
10142

0
1
10
10143

0
1
10
1157
给小环糖葫芦挂幸运光环效果
给小环糖葫芦挂幸运光环效果
2
1
70009

0
1
6
1158
小环仙人指路光环
小环仙人指路光环
2
1
70011
小环仙人指路光环
0
1
4
1159
小环仙人指路光环（觉醒）
小环仙人指路光环（觉醒）
2
1
70012
小环仙人指路光环（觉醒）
0
1
10
1160
金瓶儿缠绵
金瓶儿缠绵
0
1
50126

0
1
2
1161
给嗜血斩挂流血
给嗜血斩挂流血
0
1
60101
流血
0
1
5
1162
张小凡负面增伤
张小凡负面增伤
2
1
110002
张小凡负面增伤
3
1
-1
1163
田灵儿眩晕效果
田灵儿眩晕效果
0
1
50115
眩晕
0
1
3
1164
田灵儿命中下降
田灵儿命中下降
0
1
184
命中下降
0
1
6
1165
幽姬九龙神火舞灼烧
幽姬九龙神火舞灼烧
0
1
60123
灼烧
0
1
4
1166
烈焰之柱灼烧
烈焰之柱灼烧
0
1
60124
灼烧
0
1
4
1167
青龙命中下降
青龙命中下降
0
1
188
命中下降
0
1
6
1168
龙魂咒威力上升
龙魂咒威力上升
2
1
189

1
1
-1
1169
天音大招自身减速
天音大招自身减速
2
1
16

0
1
1
1170
天音大招自身减速2
天音大招自身减速2
2
1
17

0
1
5.7
1171
聚力一击
聚力一击
0
1
51005

0
1
2
1172
力劈华山
力劈华山
0
1
199

0
1
5
1173
大闹天宫
大闹天宫
0
1
200

0
1
2
1301
合欢铃
合欢铃
2
1
130008

2
1
-1
1302
轮回珠
轮回珠
0
1
168

0
1
8
1303
神木骰
神木骰
2
3
169

1
1
-1
170

1
1
-1
171

1
1
-1
1304
六合镜
六合镜
2
1
172

0
1
8
1305
伏龙鼎
伏龙鼎
0
1
173

0
1
10
1306
斩相思
斩相思
2
1
174

1
1
-1
1307
紫芒刃
紫芒刃
2
1
175

1
1
-1
1308
斩龙剑
斩龙剑
0
2
176

1
1
-1
198

1
1
-1
1309
七星剑
七星剑
2
1
177

0
1
8
1310
琥珀朱绫
琥珀朱绫
0
1
50119

0
1
2
1311
墨雪剑
墨雪剑
0
1
50120

0
1
3
1312
寒冰剑
寒冰剑
0
1
50121

0
1
2
1313
天琊剑
天琊剑
0
1
50122

0
1
3
1314
山河扇
山河扇
0
1
50123

0
1
10
1315
玄火鉴
玄火鉴
0
2
60119

0
1
8
180

0
1
8
1316
少阳剑
少阳剑
0
1
60120

0
1
4
1317
赤焰剑
赤焰剑
0
1
60121

0
1
4
1318
噬魂
噬魂
2
1
120004

1
1
-1
1319
噬血珠
噬血珠
2
1
120005

1
1
-1
1320
伤心花
伤心花
2
1
178

0
1
15
1321
轩辕剑
轩辕剑
2
1
179

0
1
8
1322
碧玉念珠
碧玉念珠
0
1
50124

0
1
2
1323
诛仙剑
诛仙剑
0
1
50125

0
1
2
1324
陆雪琪暴击
陆雪琪
2
1
206
陆雪琪
1
1
-1
1325
痴情咒光环2
痴情咒光环
2
1
70016
痴情咒光环
0
1
5
1326
小七
小七
0
1
208
小七
0
1
6
1327
斩龙决
斩龙决
2
1
209
斩龙决
1
1
-1
1328
受到伤害增加
受到伤害增加
0
1
210
受到伤害增加
0
1
5
1329
苍松暴击
苍松暴击
2
1
211
苍松暴击
1
1
-1
1330
狂化
狂化
2
1
212
狂化
0
1
6
1331
防御下降
防御下降
0
1
213
防御下降
0
1
6
1332
四灵血阵异常抗性
四灵血阵异常抗性
0
1
214
四灵血阵异常抗性
0
1
6
1333
天琊剑
天琊剑
0
1
215
天琊剑
0
1
8
1334
碧玉念珠
碧玉念珠
2
1
216
碧玉念珠
0
1
5
1335
合欢铃
合欢铃
2
1
217
合欢铃
0
1
10
1336
神木骰
神木骰
2
1
218
神木骰
0
1
8
1337
墨雪剑
墨雪剑
0
1
219
墨雪剑
0
1
8
1338
赤炎剑
赤炎剑
2
1
220
赤炎剑
0
1
8
1339
移动速度上升
移动速度上升
2
1
221
移动速度上升
0
1
15
1340
斩相思
斩相思
0
1
222
斩相思
0
1
10
1341
紫芒刃
紫芒刃
0
1
223
紫芒刃
0
1
10
1342
轩辕剑闪避
轩辕剑闪避
2
1
224
轩辕剑闪避
0
1
8
1343
斩龙剑必定暴击
斩龙剑必定暴击
2
1
225
斩龙剑必定暴击
1
1
-1
1344
七星剑2
七星剑2
0
1
226
七星剑2
0
1
8
1345
田不易冰冻
田不易冰冻
0
1
51008
田不易冰冻
0
1
2
1346
清风决异常免疫
清风决异常免疫
1
1
51009
清风决异常免疫
0
1
7
1347
普智眩晕2
普智眩晕2
0
1
51010
普智眩晕2
0
1
2
1348
田灵儿眩晕2
田灵儿眩晕2
0
1
51011
田灵儿眩晕2
0
1
2
1349
琥珀朱绫2
琥珀朱绫2
0
1
51012
琥珀朱绫2
0
1
4
1350
玄火鉴虚弱
玄火鉴虚弱
0
1
51013
玄火鉴虚弱
0
1
8
1351
山河山禁疗2
山河山禁疗2
0
1
51014
山河山禁疗2
0
1
15
1352
寒冰剑冰冻2
寒冰剑冰冻2
0
1
51015
寒冰剑冰冻2
0
1
2
1353
张小凡吸血
张小凡吸血
2
1
120007
张小凡吸血
0
1
10
1354
噬魂
噬魂
2
1
120008
噬魂
0
1
10
1355
噬血珠
噬血珠
2
1
120009
噬血珠
0
1
10
1356
合欢铃异常免疫
合欢铃异常免疫
2
1
51016
合欢铃异常免疫
0
1
10
1357
曾书书反弹
曾书书反弹
2
1
70017
曾书书反弹
0
1
6
1358
周一仙加速
周一仙加速
1
1
227
周一仙加速
0
1
15
1359
法相反弹2
法相反弹2
2
1
140002

0
1
6
1360
六合镜反弹
六合镜反弹
2
1
140003
六合镜反弹
0
1
6
1361
伏龙鼎反弹
伏龙鼎反弹
2
1
140004
伏龙鼎反弹
0
1
6
1362
暴击伤害降低
暴击伤害降低
0
1
228
暴击伤害降低
0
1
7
1363
狂剑诛仙
狂剑诛仙
0
1
229
狂剑诛仙
0
1
12
1364
对手冰冻
对手冰冻
0
1
51017
对手冰冻
0
1
3
1365
自身攻击上升
自身攻击上升
2
1
231
自身攻击上升
0
1
10
1366
万剑一暴击
万剑一暴击
2
1
232
万剑一暴击
1
1
-1
1367
炎龙啸灼烧
炎龙啸灼烧
0
1
60127
炎龙啸灼烧
0
1
6
1368
火毒的毒
火毒的毒
0
1
60128
火毒的毒
0
1
6
1369
云易岚驱散
云易岚驱散
0
1
130009
云易岚驱散
2
1
-1
1370
攻击力上升
小白的
2
1
70018
攻击力上升
0
1
25
1371
防御力上升
小白的
2
1
70019
防御力上升
0
1
25
1372
防御下降
小白的
0
1
242
防御下降
0
1
6
1373
体型变小
小白的
0
1
243
体型变小
0
1
6
1374
减速
小白的
0
1
244
减速
0
1
6
1375
攻击力下降
小白的
0
1
245
攻击力下降
0
1
6
1376
变身2
小白觉醒9的变身
2
3
150001
变身
0
1
25
248
造成伤害+15%
0
1
25
249
伤害减免+15%
0
1
25
1377
驱散
驱散
0
1
130010
驱散
2
1
-1
1378
兽神重生
重生
2
1
160001
重生
2
1
-1
1379
兽神斩杀
斩杀
2
1
170001
斩杀
2
1
-1
1380
兽神技能挂吸血
提升吸血
2
1
120011
提升吸血
0
1
5
1381
兽神技能挂暴击
提升暴击
2
1
250
提升暴击
0
1
5
1382
兽神群魔乱舞挂攻击
提升攻击
2
1
251
提升攻击
1
1
-1
3001
试作被动技能_增加HP上限
试作被动技能_增加HP上限
2
1
10004
加血
3
1
-1
3002
试作被动技能_增加最大攻击力
试作被动技能_增加最大攻击力
2
1
10005
加攻
3
1
-1
3003
试作被动技能_增加防御
试作被动技能_增加防御
2
1
10006
加防
3
1
-1
3004
青云门加防光环
坚若磐石
2
1
70001
加防
3
1
-1
3005
天音寺加攻光环
无攻不克
2
1
70002
加攻
3
1
-1
3006
鬼王宗加血光环
强身健体
2
1
70003
加血
3
1
-1
3007
被动回血
被动回血
2
1
90001
被动回血
3
1
-1
3008
被动回蓝
被动回蓝
2
1
90002
被动回蓝
3
1
-1
3009
测试用秒杀被动
测试用秒杀被动
2
1
10
加攻
3
1
-1
3010
测试用被动_给小七的云影扇挂加攻光环
测试用挂打击点buff技能
2
1
100001
挂buff
3
1
-1
3011
小七云影扇挂加攻光环
给小七的云影扇挂加攻光环
1
1
107
加攻
0
1
6
3012
痴情咒光环
痴情咒
1
2
105
加防
0
1
3
130001
驱散
2
1
-1
3013
天狐游光环
天狐游
1
1
109
加躲闪
0
1
6
3014
青云门加防光环效果
青云门加防光环效果
1
1
10001
加防
0
1
15
3015
天音寺加攻光环效果
天音寺加攻光环效果
1
1
10002
加攻
0
1
15
3016
鬼王宗加血光环效果
鬼王宗加血光环效果
1
1
10003
加血
0
1
15
3017
水月驱散光环效果
水月驱散
1
1
130003
驱散
2
1
-1
3018
法相反弹光环效果
法相反弹
1
1
140001
反弹
0
1
6
3019
普智气血上限光环效果
普智光环
1
1
139
气血上限增加
0
1
6
3020
小环幸运光环效果
小环光环
1
1
10012

0
1
8
3021
异常增伤10%
异常增伤10%
2
1
110001
异常增伤10%
3
1
-1
3022
异常增伤20%
异常增伤20%
2
1
110002
异常增伤20%
3
1
-1
3023
给仙人指路挂各种buff
给仙人指路挂各种buff
1
3
10144

0
1
3
10145

0
1
3
10146

0
1
3
3024
给仙人指路挂各种buff(觉醒)
给仙人指路挂各种buff(觉醒)
1
3
10144

0
1
10
10145

0
1
10
10146

0
1
10
3025
守护招来效果
守护招来效果
1
2
181
加攻
0
1
10
182
加防
0
1
10
3026
合欢铃光环效果
合欢铃光环效果
1
1
130008
驱散
2
1
-1
3027
燕虹被动
燕虹被动
2
1
10153
加伤害
3
1
-1
3028
文敏光环
文敏光环
1
1
90004
回血光环
0
1
10
3029
文敏光环
文敏光环
2
1
70015
文敏光环
3
1
-1
3030
痴情咒
痴情咒
1
2
207
痴情咒
0
1
7
50104
痴情咒
0
1
7
3031
曾书书反弹
曾书书反弹
1
1
140005
曾书书反弹
0
1
8
3032
攻击力上升
小白的（光环效果）
1
1
240
攻击力上升
0
1
5
3033
防御力上升
小白的（光环效果）
1
1
241
防御力上升
0
1
5
4001
试作被动技能_增加HP上限
试作被动技能_增加HP上限
2
1
10008
加攻
0
1
60
4002
飞鞋
增加移动速度
2
1
187
加速
0
1
60
4003
试作被动技能_增加防御
试作被动技能_增加防御
2
1
10004
加血
0
1
60
4004
试作被动技能_增加防御
试作被动技能_增加防御
2
1
10006
加防
0
1
60
5001
给小七的云影扇挂加攻光环
给小七的云影扇挂加攻光环
2
1
100001

3
1
-1
5002
给嗜血斩挂吸血
给嗜血斩挂吸血
2
2
100002

3
1
-1
100109

3
1
-1
5003
给大梵班若挂新眩晕
给大梵班若挂新眩晕
2
1
100003

3
1
-1
5004
给寒霜剑气挂减速
给寒霜剑气挂减速
2
1
100004

3
1
-1
5005
给陆雪琪所有技能挂增加自身暴击
给陆雪琪所有技能挂增加自身暴击
2
4
100005

3
1
-1
100006

3
1
-1
100007

3
1
-1
100008

3
1
-1
5009
给无常令挂沉默
给无常令挂沉默
2
1
100009

3
1
-1
5010
给伤心花雨挂异常命中率上升
给伤心花雨挂异常命中率上升
2
1
100010

3
1
-1
5011
给痴情咒挂免疫异常状态
给痴情咒挂免疫异常状态
2
1
100011

3
1
-1
5012
给痴情咒挂大范围物防上升驱散光环
给痴情咒挂大范围物防上升驱散光环
2
1
100012

3
1
-1
5013
给天狐游挂躲闪光环
给天狐游挂躲闪光环
2
1
100013

3
1
-1
5014
给焚阳狐火挂降攻
给焚阳狐火挂降攻
2
1
100014

3
1
-1
5015
给少阳剑挂韧性下降
给少阳剑挂韧性下降
2
1
100015

3
1
-1
5016
给怒剑惊鸿挂暴击上升
给怒剑惊鸿挂暴击上升
2
1
100016

3
1
-1
5017
给斩龙决挂无视防御和无视躲闪
给斩龙决挂无视防御和无视躲闪
2
1
100017

3
1
-1
5018
给坎决挂驱散效果
给坎决挂驱散效果
2
1
100018

3
1
-1
5019
给离火诀换灼烧
给离火诀换灼烧
2
1
100019

3
1
-1
5020
给乾决挂概率大加攻
给乾决挂概率大加攻
2
1
100020

3
1
-1
5021
给缚神挂减速成功率和成功比例
给缚神挂减速成功率和成功比例
2
1
100021

3
1
-1
5022
替换缚神的buff到8秒
替换缚神的buff到8秒
2
1
100022

3
1
-1
5023
给缚神挂减攻比例
给缚神挂减攻比例
2
1
100023

3
1
-1
5024
给田不易驭雷术挂降防
给田不易驭雷术挂降防
2
1
100024

3
1
-1
5025
给赤炎火龙剑添加临时命中添加禁止回复效果
给赤炎火龙剑添加临时命中添加禁止回复效果
2
2
100025

3
1
-1
100026

3
1
-1
5027
给毒血幡挂剧毒
给毒血幡挂剧毒
2
1
100027

3
1
-1
5028
给苍松所有攻击额外挂一个小毒
给苍松所有攻击额外挂一个小毒
2
3
100028

3
1
-1
100029

3
1
-1
100030

3
1
-1
5031
给水箭术挂移动速度降低
给水箭术挂移动速度降低
2
1
100031

3
1
-1
5032
给水月所有技能挂驱散
给水月所有技能挂驱散
2
3
100032

3
1
-1
100033

3
1
-1
100034

3
1
-1
5035
给水月所有技能挂驱散光环
给水月所有技能挂驱散光环
2
3
100035

3
1
-1
100036

3
1
-1
100037

3
1
-1
5038
给苏茹驭雷术挂降防
给苏茹驭雷术挂降防
2
1
100038

3
1
-1
5039
给苏茹挂墨雪冰龙剑大范围冰冻
给苏茹挂墨雪冰龙剑大范围冰冻
2
1
100039

3
1
-1
5040
给法相韦陀挂反弹光环
给法相韦陀挂反弹光环
2
1
100040

3
1
-1
5041
给萧逸才火焰符挂晕
给萧逸才火焰符挂晕
2
1
100041

3
1
-1
5042
给萧逸才所有技能挂攻击波动
给萧逸才所有技能挂攻击波动
2
4
100042

3
1
-1
100043

3
1
-1
100044

3
1
-1
100045

3
1
-1
5046
给萧逸才所有技能挂狂化
给萧逸才所有技能挂狂化
2
4
100046

3
1
-1
100047

3
1
-1
100048

3
1
-1
100049

3
1
-1
5050
给齐昊天机印挂定身和攻防降低
给齐昊天机印挂定身和攻防降低
2
1
100050

3
1
-1
5051
给齐昊少泽剑挂降低异常抗性
给齐昊少泽剑挂降低异常抗性
2
1
100051

3
1
-1
5052
给齐昊所有技能挂冰冻
给齐昊所有技能挂冰冻
2
4
100052

3
1
-1
100053

3
1
-1
100054

3
1
-1
100055

3
1
-1
5056
给宋大仁十虎破挂无视防御
给宋大仁十虎破挂无视防御
2
1
100056

3
1
-1
5057
给宋大仁招雷挂眩晕
给宋大仁招雷挂眩晕
2
1
100057

3
1
-1
5058
给忘情挂暴击
给忘情挂暴击
2
1
100058

3
1
-1
5059
给蝶梦挂暴击
给蝶梦挂暴击
2
1
100059

3
1
-1
5060
给缠绵挂韧性和防御下降
给缠绵挂韧性和防御下降
2
1
100060

3
1
-1
5061
给狮子印挂伤害增加
给狮子印挂伤害增加
2
1
100061

3
1
-1
5062
给普智大梵班若挂新眩晕
给普智大梵班若挂新眩晕
2
1
100062

3
1
-1
5063
给金刚般若经挂光环
给金刚般若经挂光环
2
1
100063

3
1
-1
5064
给血玉骨片挂伤害增加
给血玉骨片挂伤害增加
2
1
100064

3
1
-1
5065
给聚义酒挂各种buff
给聚义酒挂各种buff
2
1
100065

3
1
-1
5066
给仙人指路挂各种buff
给仙人指路挂各种buff
2
1
100066

3
1
-1
5067
给渡情挂异常命中率
给渡情挂异常命中率
2
1
100067

3
1
-1
5068
秦无炎血毒印挂猛毒
秦无炎血毒印挂猛毒
2
1
100068

3
1
-1
5072
秦无炎斩相思异常抗性
秦无炎斩相思异常抗性
2
1
100072

3
1
-1
5076
给鬼师傅血玉骨片挂降防
给鬼师傅血玉骨片挂降防
2
1
100076

3
1
-1
5077
给血灵之环挂禁疗
给血灵之环挂禁疗
2
1
100077

3
1
-1
5078
给血毒万里挂猛毒
给血毒万里挂猛毒
2
1
100078

3
1
-1
5079
云影扇个数
云影扇个数
2
1
100079

3
1
-1
5080
给陆雪琪所有技能挂增加个数
给陆雪琪所有技能挂增加个数
2
4
100080

3
1
-1
100081

3
1
-1
100082

3
1
-1
100083

3
1
-1
5081
给斩龙决增加个数
给斩龙决增加个数
2
1
100084

3
1
-1
5082
给小环挂幸运光环
给小环挂幸运光环
2
1
100085

3
1
-1
5083
测试用，挂被动100w攻击力
测试用，挂被动100w攻击力
2
1
164

3
1
-1
5084
合欢铃
合欢铃
2
1
100086

3
1
-1
5085
轮回珠
轮回珠
2
1
100087

3
1
-1
5086
神木骰
神木骰
2
1
100088

3
1
-1
5087
六合镜
六合镜
2
1
100089

3
1
-1
5088
伏龙鼎
伏龙鼎
2
1
100090

3
1
-1
5089
斩相思
斩相思
2
1
100091

3
1
-1
5090
紫芒刃
紫芒刃
2
1
100092

3
1
-1
5091
斩龙剑
斩龙剑
2
1
100093

3
1
-1
5092
七星剑
七星剑
2
1
100094

3
1
-1
5093
琥珀朱绫
琥珀朱绫
2
1
100095

3
1
-1
5094
墨雪剑
墨雪剑
2
1
100096

3
1
-1
5095
寒冰剑
寒冰剑
2
1
100097

3
1
-1
5096
天琊剑
天琊剑
2
1
100098

3
1
-1
5097
山河扇
山河扇
2
1
100099

3
1
-1
5098
玄火鉴
玄火鉴
2
1
100100

3
1
-1
5099
少阳剑
少阳剑
2
1
100101

3
1
-1
5100
赤焰剑
赤焰剑
2
1
100102

3
1
-1
5101
伤心花
伤心花
2
1
100105

3
1
-1
5102
嗜血珠
嗜血珠
2
1
100104

3
1
-1
5103
噬魂
噬魂
2
1
100103

3
1
-1
5104
轩辕剑
轩辕剑
2
1
100106

3
1
-1
5105
碧玉念珠
碧玉念珠
2
1
100107

3
1
-1
5106
诛仙剑
诛仙剑
2
1
100108

3
1
-1
5107
田灵儿朱绫缚神
田灵儿朱绫缚神
2
1
100110

3
1
-1
5108
田灵儿命中下降
田灵儿命中下降
2
1
100111

3
1
-1
5109
幽姬技能个数
幽姬技能个数
2
4
100112

3
1
-1
100113

3
1
-1
100114

3
1
-1
100115

3
1
-1
5110
九龙神火舞灼烧
九龙神火舞灼烧
2
1
100116

3
1
-1
5111
烈焰之柱灼烧
烈焰之柱灼烧
2
1
100117

3
1
-1
5112
青光斩命中下降
青光斩命中下降
2
1
100118

3
1
-1
5113
龙啸个数
龙啸个数
2
1
100119

3
1
-1
5114
龙魂咒威力上升
龙魂咒威力上升
2
1
100120

3
1
-1
5115
聚力一击
聚力一击
2
1
100121

3
1
-1
5116
力劈华山
力劈华山
2
1
100122

3
1
-1
5117
大闹天宫
大闹天宫
2
1
100123

3
1
-1
5118
陆雪琪暴击
陆雪琪暴击
2
1
100124

3
1
-1
5119
痴情咒
痴情咒
2
1
100125

3
1
-1
5120
小七
小七
2
1
100126

3
1
-1
5121
斩龙决
斩龙决
2
1
100127

3
1
-1
5122
曾书书反弹
曾书书反弹
2
1
100128

3
1
-1
5123
苍松暴击
苍松暴击
2
1
100129

3
1
-1
5124
狂化
狂化
2
1
100130

3
1
-1
5125
防御下降
防御下降
2
1
100131

3
1
-1
5126
四灵血阵异常抗性
四灵血阵异常抗性
2
1
100132

3
1
-1
5127
天琊剑
天琊剑
2
1
100133

3
1
-1
5128
碧玉念珠
碧玉念珠
2
1
100134

3
1
-1
5129
合欢铃
合欢铃
2
1
100135

3
1
-1
5130
神木骰
神木骰
2
1
100136

3
1
-1
5131
墨雪剑
墨雪剑
2
1
100137

3
1
-1
5132
赤炎剑
赤炎剑
2
1
100138

3
1
-1
5133
移动速度上升
移动速度上升
2
1
100139

3
1
-1
5134
斩相思
斩相思
2
1
100140

3
1
-1
5135
紫芒刃
紫芒刃
2
1
100141

3
1
-1
5136
轩辕剑闪避
轩辕剑闪避
2
1
100142

3
1
-1
5137
斩龙剑必定暴击
斩龙剑必定暴击
2
1
100143

3
1
-1
5138
七星剑2
七星剑2
2
1
100144

3
1
-1
5139
田不易冰冻
田不易冰冻
2
1
100145

3
1
-1
5140
清风决异常免疫
清风决异常免疫
2
1
100146

3
1
-1
5141
普智眩晕2
普智眩晕2
2
1
100147

3
1
-1
5142
田灵儿眩晕2
田灵儿眩晕2
2
1
100148

3
1
-1
5143
琥珀朱绫2
琥珀朱绫2
2
1
100149

3
1
-1
5144
玄火鉴虚弱
玄火鉴虚弱
2
1
100150

3
1
-1
5145
山河山禁疗2
山河山禁疗2
2
1
100151

3
1
-1
5146
寒冰剑冰冻2
寒冰剑冰冻2
2
1
100152

3
1
-1
5147
张小凡吸血
张小凡吸血
2
1
100153

3
1
-1
5148
噬魂
噬魂
2
1
100154

3
1
-1
5149
噬血珠
噬血珠
2
1
100155

3
1
-1
5150
合欢铃异常免疫
合欢铃异常免疫
2
1
100156

3
1
-1
5151
小环个数
小环个数
2
2
100157

3
1
-1
100158

3
1
-1
5152
周一仙加速
周一仙加速
2
1
100159

3
1
-1
5153
法相自身反弹
法相自身反弹
2
1
100160

3
1
-1
5154
幽姬技能个数2
幽姬技能个数2
2
4
100161

3
1
-1
100162

3
1
-1
100163

3
1
-1
100164

3
1
-1
5155
六合镜反弹
六合镜反弹
2
1
100165

3
1
-1
5156
伏龙鼎反弹
伏龙鼎反弹
2
1
100166

3
1
-1
5157
暴击伤害降低
暴击伤害降低
2
1
100167

3
1
-1
5158
狂剑诛仙
狂剑诛仙
2
1
100168

3
1
-1
5159
防御下降
防御下降
2
1
100169

3
1
-1
5160
自身攻击上升
自身攻击上升
2
1
100170

3
1
-1
5161
万剑一暴击
万剑一暴击
2
1
100171

3
1
-1
5162
炎龙啸灼烧
炎龙啸灼烧
2
1
100172

3
1
-1
5163
火毒的毒
火毒的毒
2
1
100173

3
1
-1
5164
云易岚驱散
云易岚驱散
2
1
100174

3
1
-1
5165
诛仙剑
诛仙剑
2
1
100175

3
1
-1
5166
小白的攻击力上升
小白的攻击力上升
2
2
100176

3
1
-1
100177

3
1
-1
5168
防御下降
防御下降
2
2
100178

3
1
-1
100179

3
1
-1
5169
体型变小
体型变小
2
3
100180

3
1
-1
100181

3
1
-1
100182

3
1
-1
5170
变身2
变身2
2
1
100183

3
1
-1
5171
给兽神所有技能挂增加自身吸血
给兽神所有技能挂增加自身吸血
2
3
100184

3
1
-1
100185

3
1
-1
100186

3
1
-1
5172
给兽神所有技能挂增加自身暴击
给兽神所有技能挂增加自身暴击
2
3
100187

3
1
-1
100188

3
1
-1
100189

3
1
-1
5173
兽神群魔乱舞挂攻击
兽神群魔乱舞挂攻击
2
1
100190

3
1
-1
6011
天下会武—攻击增加5%
增强攻击
2
1
157
攻击+5%
0
1
5
6012
天下会武—防御增加5%
增强防御
2
1
158
防御+5%
0
1
5
6013
天下会武—玩家生命恢复10%
恢复生命
2
1
159
恢复生命10%
2
1
-1
6021
血战青云-攻击
攻击
2
1
160
攻击+2%
0
1
10
6022
血战青云-暴击
暴击
2
1
161
防御+2%
0
1
10
6023
血战青云—爆伤
爆伤
2
1
162
恢复生命50%
0
1
10
6031
幻月洞府-主角攻击+2%
玩家攻击
2
1
4
攻击+2%
0
1
3600
6032
幻月洞府-主角防御+2%
玩家防御
2
1
5
防御+2%
0
1
3600
6033
幻月洞府-基地生命恢复100%、生命上限提高10%
建筑生命
0
2
163
生命上限提高10%
0
1
3600
6
恢复生命100%
2
1
-1
6034
鸿蒙争霸
鸿蒙争霸
2
1
185
攻击+5%
0
1
12
6035
鸿蒙争霸
鸿蒙争霸
2
1
186
防御+5%
0
1
12
6036
金钱本加攻
金钱本加攻
2
1
190
金钱本加攻
0
1
600
6037
金钱本加暴击
金钱本加暴击
2
1
191
金钱本加暴击
0
1
600
6038
金钱本体型
金钱本体型
2
1
192
金钱本体形
0
1
600
6039
金钱本幸运
金钱本幸运
2
1
194
金钱本幸运
0
1
600
6040
金钱本卓越卓越伤害
金钱本卓越卓越伤害
2
2
195
金钱本卓越卓越伤害
0
1
600
196
金钱本卓越卓越伤害
0
1
600
6041
家族副本
家族副本移动速度
2
1
197
加移动速度
0
1
3600
6042
变大变强
变大变强
2
2
202
变大变强
0
1
30
203
变大变强
0
1
30
6043
移动速度上升
移动速度上升
2
1
204
移动速度上升
0
1
25
6044
无敌
无敌
2
1
51007
无敌
3
1
-1
6045
加速带无敌
无敌
2
2
204
移动速度上升
0
1
25
51007
无敌
0
1
5
6046
大boss增益buff
大boss增益buff
2
1
102
加暴击
0
1
600
6047
玩家降防
玩家降防
0
1
233
玩家降防
0
1
600
6048
每秒生命回复+1%
每秒生命回复+1%
2
1
80208
每秒生命回复+1%
0
1
15
6049
气血上限+3%，防御+3%
气血上限+3%，防御+3%
2
2
234
气血上限+3%，防御+3%
0
1
15
235
气血上限+3%，防御+3%
0
1
15
6050
攻击+3%，暴击+5%
攻击+3%，暴击+5%
2
2
236
攻击+3%，暴击+5%
0
1
15
237
攻击+3%，暴击+5%
0
1
15
6051
攻击时附加3.5%吸血效果
攻击时附加3.5%吸血效果
2
1
120010
攻击时附加3.5%吸血效果
0
1
15
6052
伤害减免+6%，造成伤害+6%
伤害减免+6%，造成伤害+6%
2
2
238
伤害减免+6%，造成伤害+6%
0
1
15
239
伤害减免+6%，造成伤害+6%
0
1
15
