2
1
10200012
7
0
54100001
1
10200012
1500
10
可以兑换张小凡碎片。
1
54100002
1
10200012
1500
10
可以兑换陆雪琪碎片。
2
54100003
1
10200012
1500
10
可以兑换林惊羽碎片。
3
54100006
1
10200012
1500
10
可以兑换小七碎片。
4
54100011
1
10200012
1500
10
可以兑换曾书书碎片。
5
54100004
1
10200012
1500
10
可以兑换碧瑶碎片。
6
54100030
1
10200012
1500
10
可以兑换鬼先生碎片。
2
10200013
7
0
54200003
1
10200013
1000
10
可以兑换合欢铃碎片。
1
54200007
1
10200013
1000
10
可以兑换噬魂碎片。
2
54200008
1
10200013
1000
10
可以兑换玄火鉴碎片。
3
54200001
1
10200013
1000
10
可以兑换天琊剑碎片。
4
54200014
1
10200013
1000
10
可以兑换伤心花碎片。
5
54200022
1
10200013
1000
10
可以兑换斩龙剑碎片。
6
54200013
1
10200013
1000
10
可以兑换伏龙鼎碎片。
