189
1
0.1
0.515
100
0
2
0.2
0.53
100
0
3
0.3
0.545
100
0
4
0.4
0.56
100
0
5
0.5
0.575
100
0
6
0.6
0.59
100
0
7
0.7
0.605
100
0
8
0.8
0.62
100
0
9
0.9
0.635
1000
0
10
1
0.75
300
0
11
1.1
0.765
300
0
12
1.2
0.78
300
0
13
1.3
0.795
300
0
14
1.4
0.81
300
0
15
1.5
0.825
300
0
16
1.6
0.84
300
0
17
1.7
0.855
300
0
18
1.8
0.87
300
0
19
1.9
0.885
3000
0
20
2
1.0
500
0
21
2.1
1.015
500
0
22
2.2
1.03
500
0
23
2.3
1.045
500
0
24
2.4
1.06
500
0
25
2.5
1.075
500
0
26
2.6
1.09
500
0
27
2.7
1.105
500
0
28
2.8
1.12
500
0
29
2.9
1.135
5000
0
30
3
1.25
1000
0
31
3.1
1.265
1000
0
32
3.2
1.28
1000
0
33
3.3
1.295
1000
0
34
3.4
1.31
1000
0
35
3.5
1.325
1000
0
36
3.6
1.34
1000
0
37
3.7
1.355
1000
0
38
3.8
1.37
1000
0
39
3.9
1.385
10000
0
40
4
1.5
1500
0
41
4.1
1.515
1500
0
42
4.2
1.53
1500
0
43
4.3
1.545
1500
0
44
4.4
1.56
1500
0
45
4.5
1.575
1500
0
46
4.6
1.59
1500
0
47
4.7
1.605
1500
0
48
4.8
1.62
1500
0
49
4.9
1.635
15000
0
50
5
1.75
2000
0
51
5.1
1.765
2000
0
52
5.2
1.78
2000
0
53
5.3
1.795
2000
0
54
5.4
1.81
2000
0
55
5.5
1.825
2000
0
56
5.6
1.84
2000
0
57
5.7
1.855
2000
0
58
5.8
1.87
2000
0
59
5.9
1.885
20000
0
60
6
2.0
4000
0
61
6.1
2.015
4000
0
62
6.2
2.03
4000
0
63
6.3
2.045
4000
0
64
6.4
2.06
4000
0
65
6.5
2.075
4000
0
66
6.6
2.09
4000
0
67
6.7
2.105
4000
0
68
6.8
2.12
4000
0
69
6.9
2.135
40000
0
70
7
2.285
6000
0
71
7.1
2.305
6000
0
72
7.2
2.325
6000
0
73
7.3
2.345
6000
0
74
7.4
2.365
6000
0
75
7.5
2.385
6000
0
76
7.6
2.405
6000
0
77
7.7
2.425
6000
0
78
7.80000000000001
2.445
6000
0
79
7.90000000000001
2.465
60000
0
80
8.00000000000001
2.615
10000
0
81
8.10000000000001
2.635
10000
0
82
8.20000000000001
2.655
10000
0
83
8.30000000000001
2.675
10000
0
84
8.40000000000001
2.695
10000
0
85
8.50000000000001
2.715
10000
0
86
8.60000000000001
2.735
10000
0
87
8.70000000000001
2.755
10000
0
88
8.80000000000001
2.775
10000
0
89
8.90000000000001
2.795
100000
0
90
9.00000000000001
3.035
14000
0
91
9.10000000000001
3.075
14000
0
92
9.20000000000001
3.115
14000
0
93
9.30000000000001
3.155
14000
0
94
9.40000000000001
3.195
14000
0
95
9.5
3.235
14000
0
96
9.6
3.275
14000
0
97
9.7
3.315
14000
0
98
9.8
3.355
14000
0
99
9.9
3.395
140000
0
100
10
3.435
18000
0
101
10.1
3.475
18000
0
102
10.2
3.515
18000
0
103
10.3
3.555
18000
0
104
10.4
3.595
18000
0
105
10.5
3.635
18000
0
106
10.6
3.675
18000
0
107
10.7
3.715
18000
0
108
10.8
3.755
18000
0
109
10.9
3.795
180000
0
110
11
3.835
22000
0
111
11.1
3.875
22000
0
112
11.2
3.915
22000
0
113
11.3
3.955
22000
0
114
11.4
3.995
22000
0
115
11.5
4.035
22000
0
116
11.6
4.075
22000
0
117
11.7
4.115
22000
0
118
11.8
4.155
22000
0
119
11.9
4.195
220000
0
120
12
4.235
26000
0
121
12.1
4.275
26000
0
122
12.2
4.315
26000
0
123
12.3
4.355
26000
0
124
12.4
4.395
26000
0
125
12.5
4.435
26000
0
126
12.6
4.475
26000
0
127
12.7
4.515
26000
0
128
12.8
4.555
26000
0
129
12.9
4.595
260000
0
130
13
4.635
30000
0
131
13.1
4.675
30000
0
132
13.2
4.715
30000
0
133
13.3
4.755
30000
0
134
13.4
4.795
30000
0
135
13.5
4.835
30000
0
136
13.6
4.875
30000
0
137
13.7
4.915
30000
0
138
13.8
4.955
30000
0
139
13.9
4.995
300000
0
140
14
5.035
34000
0
141
14.1
5.075
34000
0
142
14.2
5.115
34000
0
143
14.3
5.155
34000
0
144
14.4
5.195
34000
0
145
14.5
5.235
34000
0
146
14.6
5.275
34000
0
147
14.7
5.315
34000
0
148
14.8
5.355
34000
0
149
14.9
5.395
340000
0
150
15
5.435
38000
0
151
15.1
5.475
38000
0
152
15.2
5.515
38000
0
153
15.3
5.555
38000
0
154
15.4
5.595
38000
0
155
15.5
5.635
38000
0
156
15.6
5.675
38000
0
157
15.7
5.715
38000
0
158
15.8
5.755
38000
0
159
15.9
5.795
380000
0
160
16
5.835
42000
0
161
16.1
5.875
42000
0
162
16.2
5.915
42000
0
163
16.3
5.955
42000
0
164
16.4
5.995
42000
0
165
16.5
6.035
42000
0
166
16.6
6.075
42000
0
167
16.7
6.115
42000
0
168
16.8
6.155
42000
0
169
16.9
6.195
420000
0
170
17
6.235
46000
0
171
17.1
6.275
46000
0
172
17.2
6.315
46000
0
173
17.3
6.355
46000
0
174
17.4
6.395
46000
0
175
17.5
6.435
46000
0
176
17.6
6.475
46000
0
177
17.7
6.515
46000
0
178
17.8
6.555
46000
0
179
17.9
6.595
460000
0
180
18
6.635
50000
0
181
18.1
6.675
50000
0
182
18.2
6.715
50000
0
183
18.3
6.755
50000
0
184
18.4
6.795
50000
0
185
18.5
6.835
50000
0
186
18.6
6.875
50000
0
187
18.7
6.915
50000
0
188
18.8
6.955
50000
0
189
18.9
6.995
500000
0
