10
1
初露锋芒
15
Texture_StoryNote_01
15
101
1
54100028
2
19
40
102
2
54100022
2
54100033
2
17
250
103
3
54100007
2
54100032
2
54100023
2
71
20
104
1
54100023
2
20
40
105
2
54100019
1
54100027
1
22
45
106
3
54100028
4
54100023
3
54100022
2
23
45
107
1
54200006
5
66
0.005
108
2
54100007
3
54100019
1
16
1500
109
3
54100019
1
54100018
1
54100027
3
72
0.005
110
1
54100005
3
16
2000
111
2
54100019
1
54100018
1
20
50
112
1
54200021
2
18
40
113
1
54100033
5
19
40
114
2
54100023
3
54100028
3
71
20
115
3
54100019
1
54100005
2
54100023
5
18
40
2
登堂入室
30
Texture_StoryNote_02
15
201
1
54100035
5
16
2000
202
2
54100021
1
54100029
1
22
70
203
2
54100019
1
54100001
1
19
60
204
1
54200012
3
23
70
205
2
54100009
2
54100027
2
17
350
206
2
54100028
3
54100041
2
71
60
207
1
54100001
1
19
120
208
2
54100029
2
54100022
3
20
40
209
2
54100001
1
54100002
1
18
100
210
1
54100018
2
16
3000
211
2
54100016
3
54100024
3
20
60
212
1
54200002
3
16
3000
213
1
54200019
5
8
0.02
214
2
54100035
4
54100036
4
66
0.005
215
3
54100033
3
54100037
3
54100034
3
7
0.005
3
声名鹊起
45
Texture_StoryNote_03
15
301
2
54100005
2
54100008
2
16
3500
302
2
54100011
4
54100002
1
18
80
303
2
54100010
2
54100019
2
20
80
304
1
54200022
1
6
0.005
305
2
54100014
2
54100002
1
20
90
306
3
54100006
1
54100003
1
54100001
1
70
0.005
307
2
54100001
1
54100004
1
19
130
308
1
54200010
3
17
450
309
3
54100002
1
54100014
2
54100032
3
16
4000
310
2
54100004
1
54100002
1
22
120
311
3
54100006
1
54100028
2
54100041
2
23
120
312
2
54100008
2
54100011
2
71
75
313
2
54100029
1
54100001
1
6
0.005
314
2
54200001
1
54200007
1
67
0.01
315
3
54100008
2
54100009
2
54100020
2
71
75
4
名扬四海
60
Texture_StoryNote_04
15
401
1
54100010
3
16
4000
402
2
54100031
2
54100017
2
71
90
403
3
54100035
3
54100033
3
54100039
3
20
100
404
1
54100003
2
22
125
405
2
54100007
3
54100001
1
16
4500
406
2
54100017
2
54100010
2
18
150
407
1
54100004
2
23
125
408
1
54200003
2
20
55
409
3
54100014
2
54100010
2
54100019
2
73
0.005
410
1
54200018
5
66
0.01
411
2
54100007
4
54100008
2
8
0.02
412
3
54100005
2
54100001
1
54100003
1
9
0.01
413
1
54200015
5
19
130
414
3
54100003
1
54100002
1
54100001
1
6
0.005
415
3
54100040
4
54100034
3
54100023
2
23
100
5
人中龙凤
75
Texture_StoryNote_05
20
501
1
54100004
3
16
5000
502
2
54100003
2
54100010
3
18
200
503
2
54100011
4
54100017
4
20
100
504
2
54200020
7
54200017
7
22
110
505
2
54100003
2
54100019
3
73
0.005
506
3
54100008
3
54100006
2
54100017
3
16
6000
507
2
54100014
3
54100029
3
19
150
508
2
54100031
4
54100002
3
19
170
509
1
54200021
7
20
100
510
1
54100003
4
18
150
511
1
54100021
4
9
0.01
512
2
54100003
4
54100017
4
6
0.005
513
2
54100006
2
54100001
2
23
120
514
2
54100014
5
54100024
6
7
0.005
515
3
54100016
4
54100028
3
54100041
2
17
800
516
2
54200014
3
54200007
3
15
0.05
517
2
54100020
3
54100031
3
69
0.01
518
1
54100019
8
16
7000
519
2
54100008
4
54100007
5
16
8000
520
3
54100029
2
54100021
3
54100015
4
9
0.02
6
登峰造极
90
Texture_StoryNote_06
20
601
1
54200013
5
16
8500
602
1
54100008
8
20
150
603
1
54200022
5
71
120
604
3
54100005
6
54100010
5
54100026
3
20
150
605
1
54100003
4
72
0.008
606
2
54100021
6
54100009
6
73
0.01
607
3
54100018
4
54100024
6
54100029
5
74
0.01
608
1
54200003
5
16
8500
609
2
54100011
5
54100019
5
68
0.01
610
3
54100004
2
54100021
4
54100029
4
16
9000
611
2
54100001
3
54100020
5
69
0.01
612
3
54100009
4
54100010
4
54100011
4
22
140
613
3
54100014
4
54100006
3
54100021
4
23
140
614
1
54100005
8
70
0.01
615
3
54100002
3
54100003
3
54100015
5
6
0.01
616
2
54100006
3
54100011
4
7
0.01
617
2
54100033
10
54100035
10
67
0.01
618
2
54100029
6
54100004
4
15
0.05
619
1
54100002
5
66
0.01
620
2
54100021
5
54100007
6
17
1000
7
超凡入圣
105
Texture_StoryNote_07
20
701
1
54100001
5
16
9500
702
2
54100005
6
54100010
6
17
1500
703
2
54100006
5
54100007
15
19
190
704
1
54200013
10
16
10000
705
2
54100011
3
54100001
3
22
140
706
2
54100023
15
54100027
5
17
2000
707
3
54100035
12
54100036
12
54100037
12
71
130
708
2
54100029
7
54100030
5
23
150
709
1
54200001
10
66
0.01
710
2
54100030
5
54100017
10
18
210
711
2
54100021
10
54100029
10
6
0.01
712
1
54200016
1
8
0.03
713
2
54100010
7
54100009
7
20
140
714
1
54200007
10
16
10000
715
1
54100026
12
20
140
716
1
54100003
6
71
160
717
1
54200022
10
16
11000
718
3
54100042
6
54100001
6
54100023
15
2
0.02
719
2
54100043
6
54100003
8
4
0.06
720
1
54200014
10
23
160
8
睥睨九州
120
Texture_StoryNote_08
20
801
1
54100042
3
71
200
802
2
54100042
2
54100001
2
16
12000
803
2
54100001
3
54100045
3
17
2500
804
1
54100015
8
18
230
805
2
54100021
12
54100030
12
20
155
806
2
54100004
5
54100031
5
16
13000
807
2
54200022
3
54100003
3
19
210
808
3
54100002
3
54100011
3
54100003
3
18
230
809
1
54100046
2
20
160
810
2
54100045
2
54100042
2
4
0.2
811
2
54200013
2
54100030
2
19
210
812
3
54100045
2
54100041
5
54100028
5
22
150
813
1
54200008
5
20
170
814
3
54100021
5
54100029
5
54100022
5
23
170
815
3
54100044
2
54100016
5
54100024
5
22
160
816
1
54200001
3
23
180
817
2
54100043
2
54100003
3
15
0.05
818
1
54200014
3
20
180
819
3
54100034
15
54100023
15
54100040
15
22
170
820
1
54200016
2
4
0.3
9
天下无双
135
Texture_StoryNote_09
20
821
1
54100001
5
18
250
822
2
54100005
6
54100010
6
22
160
823
2
54100001
3
54100045
3
17
2700
824
1
54200013
10
18
240
825
3
54100021
5
54100029
5
54100022
5
20
170
826
2
54100023
15
54100027
5
20
180
827
3
54100002
3
54100011
3
54100003
3
19
225
828
2
54100029
7
54100030
5
3
0.1
829
1
54200001
10
20
170
830
2
54100004
5
54100031
5
4
0.2
831
2
54100021
10
54100029
10
19
220
832
1
54200016
1
71
210
833
2
54200022
3
54100003
3
15
0.05
834
1
54100015
8
23
180
835
1
54100026
12
22
170
836
2
54100043
2
54100003
3
23
190
837
1
54200022
10
16
15000
838
3
54100044
2
54100016
5
54100024
5
20
180
839
2
54100043
6
54100003
8
22
180
840
1
54200014
15
16
16000
10
一代宗师
150
Texture_StoryNote_10
20
841
3
54100017
6
54100031
6
54100030
6
17
3000
842
3
54100026
8
54100015
8
54100001
3
16
15000
843
3
54100002
5
54100014
15
54100032
15
19
230
844
2
54100022
15
54100029
15
18
250
845
2
54100006
5
54100018
12
16
16500
846
2
54100029
12
54100015
12
20
200
847
2
54100019
16
54100010
16
23
190
848
2
54100001
5
54200007
5
3
0.1
849
2
54100011
3
54200021
10
20
180
850
1
54100026
15
4
0.15
851
3
54100006
7
54100027
15
54100023
15
20
180
852
1
54100020
15
71
220
853
2
54100009
15
54100027
15
15
0.06
854
2
54100044
3
54200008
5
18
260
855
2
54200020
15
54100015
15
22
180
856
2
54100032
10
54100007
10
23
200
857
2
54100002
5
54200001
5
22
170
858
3
54100020
10
54100019
10
54100010
10
20
195
859
2
54200014
10
54100004
5
22
195
860
1
54200022
10
19
245
