61
53000001
0
-0.7
0
1.8
53000002
0
-1
0
2.5
53000003
0
-0.2
0
2
53000004
0
-1
0
1.2
53000005
0
-0.3
0
2
53000006
0
0
0
2
53000007
0
-0.6
0
1.5
53000008
0
0
0
2.2
53000009
0
-0.3
0
5
53000010
0
-0.4
0
1.8
53000011
0
0.3
0
1.5
53000012
0
-0.4
0
1.5
53000013
0
0
0
2
53000014
0
0.5
0
3.5
53000015
0
0.2
0
2.2
53000016
0
-0.5
0
1.5
53000017
0
-0.7
0
2
53000018
0
-2
0
4
53000019
0
-0.3
0
2
53000020
0
-0.5
0
2
53000021
0
-0.4
0
1.5
53000022
0
-0.5
0
1.4
53000023
0
0
0
1.5
22100001
0
-0.4
0
1.2
22100002
0
-0.35
0
1.2
22100003
0
-0.4
0
1.2
22100004
0
-0.4
0
1.3
22100005
0
-0.45
0
1.2
22100006
0
-0.3
0
1.2
22100007
0
-0.4
0
1.2
22100008
0
-0.4
0
1.2
22100009
0
-0.5
0
1.3
22100010
0
-0.45
0
1.2
22100011
0
-0.3
0
1.2
22100014
0
-0.3
0
1.3
22100015
0
-0.4
0
1.3
22100016
0
-0.4
0
1.3
22100017
0
-0.4
0
1.25
22100018
0
-0.4
0
1.3
22100019
0
-0.45
0
1.2
22100020
0
-0.4
0
1.2
22100021
0
-0.45
0
1
22100022
0
-0.45
0
1.2
22100023
0
-0.3
0
1.8
22100024
0
-0.35
0
1.3
22100026
0
-0.4
0
1.2
22100027
0
-0.4
0
1.3
22100028
0
-0.4
0
1.2
22100029
0
-0.4
0
1.4
22100030
0
-0.4
0
1.2
22100031
0
-0.4
0
1.2
22100032
0
-0.35
0
1.3
22100033
0
-0.45
0
1.3
22100034
0
-0.9
0
1.2
22100035
0
-0.4
0
1.3
22100036
0
-0.4
0
1.3
22100037
0
-0.45
0
1.1
22100038
0
-0.4
0
1.2
22100039
0
-0.4
0
1.3
22100040
0
-0.5
0
0.5
22100041
0
-0.4
0
1.1
