61
1
猿类被击
1
34
0.2
0.7
0.9
2
猿类死亡
1
33
1
0.7
1
3
犬类待机
3
44
45
46
1
0.7
1
4
犬类被击
3
41
42
43
0.2
0.7
0.9
5
犬类死亡
3
38
39
40
1
0.7
1
6
猫死亡
1
48
1
0.7
1
7
猫待机
1
49
1
0.7
0.9
8
鹿死亡
1
50
1
0.7
1
9
鹿被击
1
51
0.2
0.7
1
10
男被击1
4
64
65
191
192
0.2
0.7
1
11
男被击2
4
66
67
193
194
0.2
0.7
1
12
男死亡1
2
58
59
1
0.7
1
13
男死亡2
2
60
61
1
0.7
1
14
男死亡3
2
62
63
1
0.7
1
15
猪被击
1
69
0.2
0.7
1
16
猪死亡
1
68
1
0.7
1
17
猪待机
1
70
1
0.7
0.9
18
猫科死亡
1
73
1
0.7
1
19
猫科待机
2
74
75
1
0.7
0.9
20
虫类被击
2
82
83
0.2
0.7
1
21
虫类死亡
3
79
80
81
1
0.7
1
22
虫类待机
2
84
85
1
0.7
0.9
23
女被击1
3
21
22
23
0.1
0.7
1
24
女被击2
3
24
25
26
0.1
0.7
1
25
女死亡1
2
27
28
1
0.7
1
26
女死亡2
2
29
30
1
0.7
1
27
百毒子死亡
1
98
1
0.7
1
28
百毒子被击
3
99
100
101
0.2
0.7
1
29
蝠王/母蝠
1
106
1
0.7
1
30
蝠王/母蝠
3
107
108
109
0.2
0.7
1
31
黑水玄蛇
1
113
1
0.7
1
32
黑水玄蛇
3
114
115
116
0.2
0.7
1
33
黄鸟死亡
1
126
1
0.7
1
34
林三娘死亡
1
130
1
0.7
1
35
林三娘被击
2
131
132
0.2
0.7
1
36
刘搞死亡
1
137
1
0.7
1
37
刘搞被击
3
138
139
140
0.2
0.7
1
38
孟骥死亡
2
145
190
1
0.7
1
39
孟骥被击
3
146
147
148
0.2
0.7
1
40
魔化普智死亡
1
153
1
0.7
1
41
魔化普智被击
3
154
155
156
0.2
0.7
1
42
年老大死亡
1
161
1
0.7
1
43
年老大被击
3
162
163
164
0.2
0.7
1
44
熔岩犬死亡
1
165
1
0.7
1
45
熔岩犬被击
3
41
42
43
0.2
0.7
1
46
尸王死亡
1
170
1
0.7
1
47
尸王被击
2
171
172
0.2
0.7
1
48
兽神死亡
1
177
1
0.7
1
49
兽神被击
4
178
179
180
181
0.2
0.7
1
50
玉阳子死亡
1
186
1
0.7
1
51
玉阳子被击
3
187
188
189
0.2
0.7
1
52
黑衣苍松死亡
1
120
1
0.7
1
53
黑衣苍松被击
3
121
122
123
0.2
0.7
1
54
猴子死亡
1
198
1
0.7
1
55
猴子被击
3
199
200
201
0.2
0.7
1
56
植物死亡
1
202
1
0.7
1
57
虚幻死亡
1
206
1
0.7
1
58
虚幻被击
3
207
208
209
0.2
0.7
1
59
鱼死亡
1
214
1
0.7
1
60
鱼被击
3
215
216
217
0.2
0.7
1
61
大型死亡
1
210
1
0.7
1
