150
1
6
0
0
0
0
0
0
2
6
0
0
0
0
0
0
3
6
0
0
0
0
0
0
4
6
0
0
0
0
0
0
5
6
0
0
0
0
0
0
6
6
0
0
0
0
0
0
7
6
0
0
0
0
0
0
8
6
0
0
0
0
0
0
9
6
0
0
0
0
0
0
10
6
0
0
0
0
0
0
11
6
0
0
0
0
0
0
12
6
0
0
0
0
0
0
13
6
0
0
0
0
0
0
14
6
0
0
0
0
0
0
15
6
0
0
0
0
0
0
16
6
0
0
0
0
0
0
17
6
0
0
0
0
0
0
18
6
0
0
0
0
0
0
19
6
0
0
0
0
0
0
20
6
0
0
0
0
0
0
21
6
0
0
0
0
0
0
22
6
0
0
0
0
0
0
23
6
0
0
0
0
0
0
24
6
0
0
0
0
0
0
25
6
0
0
0
0
0
0
26
6
0
0
0
0
0
0
27
6
0
0
0
0
0
0
28
6
0
0
0
0
0
0
29
6
0
0
0
0
0
0
30
6
0
0
0
0
0
0
31
6
0
0
0
0
0
0
32
6
0
0
0
0
0
0
33
6
0
0
0
0
0
0
34
6
0
0
0
0
0
0
35
6
0
0
0
0
0
0
36
6
0
0
0
0
0
0
37
6
0
0
0
0
0
0
38
6
0
0
0
0
0
0
39
6
0
0
0
0
0
0
40
6
0
0
0
0
0
0
41
6
0
0
0
0
0
0
42
6
0
0
0
0
0
0
43
6
0
0
0
0
0
0
44
6
0
0
0
0
0
0
45
6
0
0
0
0
0
0
46
6
0
0
0
0
0
0
47
6
0
0
0
0
0
0
48
6
0
0
0
0
0
0
49
6
0
0
0
0
0
0
50
6
0
0
0
0
0
0
51
6
0
0
0
0
0
0
52
6
0
0
0
0
0
0
53
6
0
0
0
0
0
0
54
6
0
0
0
0
0
0
55
6
0
0
0
0
0
0
56
6
0
0
0
0
0
0
57
6
0
0
0
0
0
0
58
6
0
0
0
0
0
0
59
6
0
0
0
0
0
0
60
6
0
0
0
0
0
0
61
6
0
0
0
0
0
0
62
6
0
0
0
0
0
0
63
6
0
0
0
0
0
0
64
6
0
0
0
0
0
0
65
6
0
0
0
0
0
0
66
6
0
0
0
0
0
0
67
6
0
0
0
0
0
0
68
6
0
0
0
0
0
0
69
6
0
0
0
0
0
0
70
6
1
2
3
4
5
6
71
6
1
2
3
4
5
6
72
6
1
2
3
4
5
6
73
6
1
2
3
4
5
6
74
6
1
2
3
4
5
6
75
6
2
3
4
5
6
7
76
6
2
3
4
5
6
7
77
6
2
3
4
5
6
7
78
6
2
3
4
5
6
7
79
6
2
3
4
5
6
7
80
6
3
4
5
6
7
8
81
6
3
4
5
6
7
8
82
6
3
4
5
6
7
8
83
6
3
4
5
6
7
8
84
6
3
4
5
6
7
8
85
6
4
5
6
7
8
9
86
6
4
5
6
7
8
9
87
6
4
5
6
7
8
9
88
6
4
5
6
7
8
9
89
6
4
5
6
7
8
9
90
6
5
6
7
8
9
10
91
6
5
6
7
8
9
10
92
6
5
6
7
8
9
10
93
6
5
6
7
8
9
10
94
6
5
6
7
8
9
10
95
6
6
7
8
9
10
11
96
6
6
7
8
9
10
11
97
6
6
7
8
9
10
11
98
6
6
7
8
9
10
11
99
6
6
7
8
9
10
11
100
6
7
8
9
10
11
12
101
6
7
8
9
10
11
12
102
6
7
8
9
10
11
12
103
6
7
8
9
10
11
12
104
6
7
8
9
10
11
12
105
6
8
9
10
11
12
13
106
6
8
9
10
11
12
13
107
6
8
9
10
11
12
13
108
6
8
9
10
11
12
13
109
6
8
9
10
11
12
13
110
6
9
10
11
12
13
14
111
6
9
10
11
12
13
14
112
6
9
10
11
12
13
14
113
6
9
10
11
12
13
14
114
6
9
10
11
12
13
14
115
6
10
11
12
13
14
15
116
6
10
11
12
13
14
15
117
6
10
11
12
13
14
15
118
6
10
11
12
13
14
15
119
6
10
11
12
13
14
15
120
6
11
12
13
14
15
16
121
6
11
12
13
14
15
16
122
6
11
12
13
14
15
16
123
6
11
12
13
14
15
16
124
6
11
12
13
14
15
16
125
6
11
12
13
14
15
16
126
6
12
13
14
15
16
17
127
6
12
13
14
15
16
17
128
6
12
13
14
15
16
17
129
6
12
13
14
15
16
17
130
6
12
13
14
15
16
17
131
6
13
14
15
16
17
18
132
6
13
14
15
16
17
18
133
6
13
14
15
16
17
18
134
6
13
14
15
16
17
18
135
6
13
14
15
16
17
18
136
6
14
15
16
17
18
19
137
6
14
15
16
17
18
19
138
6
14
15
16
17
18
19
139
6
14
15
16
17
18
19
140
6
14
15
16
17
18
19
141
6
15
16
17
18
19
20
142
6
15
16
17
18
19
20
143
6
15
16
17
18
19
20
144
6
15
16
17
18
19
20
145
6
15
16
17
18
19
20
146
6
16
17
18
19
20
21
147
6
16
17
18
19
20
21
148
6
16
17
18
19
20
21
149
6
16
17
18
19
20
21
150
6
16
17
18
19
20
21
