19
56000011
六道
ICON_Riding_13
1
1
新手飞剑
与谁纵横千年，凌绝青云之巅，六道轮回之前，只为再看你一眼。
1
20
100
完成主线任务“青云首徒”后获得

false
0
0
1
3
40
2
0.5
100
10
10
7
10.5
0
7
Bip001/bindingpoint
180
135
-250
false
3
64.81
-85.89
-88.62
56000001
云马
ICON_Riding_01
2
1
云马
千年夙愿，驰骋在云之彼岸。万里云纱，只影牵挂，与你踏碎一场盛世烟花。
2
20
90
7
0.01
无

true
0
688
2
3
50
2
0.5
100
10
10
7.5
11.25
0
7
Bip001/Bip001 Pelvis/Bip001 Spine/bindingpoint
180
130
-260
false
3
0
-90
-90
56000010
灵狐
ICON_Riding_05
3
1
灵狐
还记得草庙村的小七吗？他是我哥哥，我找不到他了，你能带我去找他吗？
2
23
90
7
0.01
结婚后结婚礼包中奉送

false
0
0
2
3
60
2
0.5
100
10
10
8
12
0
7
Bip001/Bip001 Pelvis/Bip001 Spine/bindingpoint
180
145
-280
false
3
0
-90
-90
56000002
孤云白鹤
ICON_Riding_09
4
1
孤云白鹤
孤云远上长空，鹤羽仙韵临风。携一叶翎羽，与我并肩而行，我将带你一路向东。
2
16
6000
9
0.04
无

true
0
1688
2
4
70
2
0.5
100
10
10
8.5
12.75
0
7
Bip001/Bip001 Pelvis/Bip001 Spine/bindingpoint
100
140
-280
true
3
0
-90
-90
56000003
飞剑龙骧
ICON_Riding_11
5
1
飞剑龙骧
飞龙在天，幻剑御空，你在风中追梦，我在云里守望，你在梦中见过我，前世与你相遇。
2
16
6000
9
0.04
无

true
0
1688
1
4
70
2
0.5
100
10
10
8.5
12.75
0
7
Bip001/bindingpoint
180
120
-240
false
3
64.81
-85.89
-88.62
56000004
独角兽
ICON_Riding_07
6
1
独角兽
我遗世独立，只为带你踏遍六界天地。我呼风唤雨，只为替你抵挡腥风血雨。
2
20
110
7
0.015
无

true
0
1888
2
4
80
2
0.5
100
10
10
9
13.5
0
7
Bip001/Bip001 Pelvis/Bip001 Spine/bindingpoint
180
125
-270
false
3
0
-90
-90
56000008
熊猫
ICON_Riding_02
7
1
熊猫
每当来到大竹峰，我都会想起家乡那片漫山竹林的山城，哦，还有城里那两个小小少年，不知他们长大了没。
2
20
110
7
0.015
无

true
0
1888
2
4
80
2
0.5
100
10
10
9
13.5
0
7
Bip001/Bip001 Pelvis/Bip001 Spine/Bip001 Spine1/bindingpoint
180
150
-270
false
3
0
-90
-90
56000005
锦鳞
ICON_Riding_06
8
1
锦鳞
带我踏遍江山万里，还你一场生死相依，你只管安心修行就好，愿望交给锦鲤。
2
20
140
7
0.02
无

true
0
2688
2
5
100
2
0.5
100
10
10
10
15
0
7
Bip001/Bone036/bindingpoint
100
170
-220
false
3
0
-90
-90
56000006
空瑞
ICON_Riding_12
9
1
空瑞
清音一曲，三千痴缠，千里惊弦傲云天。曲终人散君莫问，明日天涯，缘聚缘散。
2
16
7500
7
0.02
无

true
0
2688
1
5
100
2
0.5
100
10
10
10
15
0
7
Bip001/bindingpoint
150
120
-170
false
3
64.81
-85.89
-88.62
56000009
敖蒙
ICON_Riding_10
10
1
敖蒙
吾凌绝九霄，潜渊深海，苍茫天地间，只为与你相逢。哦，差点忘了，吾名敖蒙。
2
16
7500
9
0.06
无

true
0
2688
2
5
100
2
0.5
100
10
10
10
15
0
7
Bip001/Bone002/Bone003/bindingpoint
180
145
-280
false
3
0
-90
-90
56000007
水麒麟坐骑
ICON_Riding_03
11
1
水麒麟坐骑
吾镇守青云山数千年，你，可以唤吾“灵尊”。真是想念当年与青叶把酒言欢的日子啊。
2
20
140
7
0.02
无

true
0
2888
2
5
120
2
0.5
100
10
10
11
16.5
0
7
Bip001/Bip001 Pelvis/Bip001 Spine/bindingpoint
180
135
-320
false
3
0
-90
-90
56000013
赤鹏
ICON_Riding_15
13
1
赤鹏
我御空九霄，他潜渊万里，我睥睨云端，他笑傲海域，那一世，我为鹏，他为鲲。
2
23
140
9
0.06
无

true
0
2688
2
5
100
2
0.5
100
10
10
10
15
0
7
Bip001/Bip001 Pelvis/Bip001 Spine/bindingpoint
180
145
-680
false
3
0
-90
-90
56000014
敖霆
ICON_Riding_17
14
2
金龙
雷霆万钧云起处，金芒曜日冲霄时，焚一世炎龙无双，焚不尽九天离火下，累世情长。
2
16
15000
9
0.06
平台贵宾专享！

false
0
2688
2
5
120
2
0.5
100
10
10
11
16.5
0
7
Bip001/Bone002/Bone003/bindingpoint
180
145
-280
false
3
0
-90
-90
56000015
火麒麟
ICON_Riding_18
15
2
火麒麟
吾之焚焰，寂灭万里，吾远赴天涯，恐这世间遍布寒意，吾近在咫尺，又恐灼伤了你。
2
20
300
7
0.02
平台贵宾专享！

false
0
2888
2
5
120
2
0.5
100
10
10
11
16.5
0
7
Bip001/Bip001 Pelvis/Bip001 Spine/bindingpoint
180
135
-320
false
3
0
-90
-90
56000016
新禧格格
ICON_Riding_19
16
1
母鸡
悄悄告诉你，我其实是只凤凰！不信你听，咯咯咯~~~小主吉祥！
2
16
15000
7
0.03
新年贺礼

true
0
2888
2
5
120
2
0.5
100
10
10
11
16.5
0
7
Bip001/Bip001 Pelvis/bindingpoint
180
145
-280
false
3
0
-90
-90
56000017
赤翼墨血兽
ICON_Riding_20
17
2
飞马
六界九州谁为尊，一世风华半卷云，不问离殇天涯赴，今生一战只为君。
2
20
300
7
0.02
大R专用

false
0
2888
2
5
120
2
0.5
100
10
10
11
16.5
0
7
Bip001/Bip001 Pelvis/Bip001 Spine/bindingpoint
180
135
-320
false
3
0
-90
-90
56000018
圣诞麋鹿
ICON_Riding_21
18
1
麋鹿坐骑
银铃雪影，节日特供！
2
16
12000
6
0.03
购买元旦麋鹿礼包后可获得

false
0
2888
2
5
120
2
0.5
100
10
10
11
16.5
0
7
Bip001/Bip001 Pelvis/Bip001 Spine/bindingpoint
180
135
-320
false
3
0
-90
-90
56000019
月兔
ICON_Riding_22
19
2
兔子
玉兔浴银华，织女送下明月光。
2
16
12000
6
0.03
弯月为谁瘦，月兔傍地走

false
0
2888
2
5
120
2
0.5
100
10
10
11
16.5
0
7
Bip001/Bip001 Pelvis/Bip001 Spine/bindingpoint
180
135
-320
false
3
0
-90
-90
56000020
鼠轮车
ICON_Riding_23
20
1
鼠轮车
是谁敲响命运的转轮？许我共一场细雨流光，奔赴下一站的远方。
2
16
12000
6
0.03
无

true
0
2888
2
5
120
2
0.5
100
10
10
11
16.5
0
7
Bip001/bindingpoint
180
135
-320
false
3
0
-90
-90
