1
60490401
2
2
6041
3
0
3
11200005
11200006
11200007
8
15
10
1
27301101
5
2
27301102
5
3
27301103
5
4
27301104
1
5
27301105
5
6
27301106
5
7
27301107
5
8
27301108
5
9
27301109
5
10
27301110
1
30
10
1
27301201
5
2
27301202
5
3
27301203
5
4
27301204
1
5
27301205
5
6
27301206
5
7
27301207
5
8
27301208
5
9
27301209
5
10
27301210
1
45
10
1
27301301
5
2
27301302
5
3
27301303
5
4
27301304
1
5
27301305
5
6
27301306
5
7
27301307
5
8
27301308
5
9
27301309
5
10
27301310
1
60
10
1
27301401
5
2
27301402
5
3
27301403
5
4
27301404
1
5
27301405
5
6
27301406
5
7
27301407
5
8
27301408
5
9
27301409
5
10
27301410
1
75
10
1
27301501
5
2
27301502
5
3
27301503
5
4
27301504
1
5
27301505
5
6
27301506
5
7
27301507
5
8
27301508
5
9
27301509
5
10
27301510
1
90
10
1
27301601
5
2
27301602
5
3
27301603
5
4
27301604
1
5
27301605
5
6
27301606
5
7
27301607
5
8
27301608
5
9
27301609
5
10
27301610
1
105
10
1
27301701
5
2
27301702
5
3
27301703
5
4
27301704
1
5
27301705
5
6
27301706
5
7
27301707
5
8
27301708
5
9
27301709
5
10
27301710
1
120
10
1
27301801
5
2
27301802
5
3
27301803
5
4
27301804
1
5
27301805
5
6
27301806
5
7
27301807
5
8
27301808
5
9
27301809
5
10
27301810
1
135
1
3163788
2
3163788
3
3163788
4
3163788
5
3163788
6
3163788
7
3163788
8
3163788
9
3163788
10
3163788
11
3163788
12
3163788
13
3163788
14
3163788
15
3163788
16
3163788
17
3163788
18
3163788
19
3163788
20
3163788
21
3163788
22
3163788
23
3163788
24
3163788
25
3163788
26
3163788
27
3163788
28
3163788
29
3163788
30
4840468
31
4840468
32
4840468
33
4840468
34
4840468
35
4840468
36
4840468
37
4840468
38
4840468
39
4840468
40
4840468
41
4840468
42
4840468
43
4840468
44
4840468
45
9345429
46
9345429
47
9345429
48
9345429
49
9345429
50
9345429
51
9345429
52
9345429
53
9345429
54
9345429
55
9345429
56
9345429
57
9345429
58
9345429
59
9345429
60
21437276
61
21437276
62
21437276
63
21437276
64
21437276
65
21437276
66
21437276
67
21437276
68
21437276
69
21437276
70
21437276
71
21437276
72
21437276
73
21437276
74
21437276
75
81780195
76
81780195
77
81780195
78
81780195
79
81780195
80
81780195
81
81780195
82
81780195
83
81780195
84
81780195
85
81780195
86
81780195
87
81780195
88
81780195
89
81780195
90
152732332
91
152732332
92
152732332
93
152732332
94
152732332
95
152732332
96
152732332
97
152732332
98
152732332
99
152732332
100
152732332
101
152732332
102
152732332
103
152732332
104
152732332
105
214931056
106
214931056
107
214931056
108
214931056
109
214931056
110
214931056
111
214931056
112
214931056
113
214931056
114
214931056
115
214931056
116
214931056
117
214931056
118
214931056
119
214931056
120
214931056
121
429862112
122
429862112
123
429862112
124
429862112
125
429862112
126
429862112
127
429862112
128
429862112
129
429862112
130
429862112
131
429862112
132
429862112
133
429862112
134
429862112
135
429862112
