1
60490601
106
206
101
201
102
202
0
60
1
4
15
6043
30
6
5
3
1
11
1
3
27302001
27302010
27302019
15
3
27302002
27302011
27302020
30
3
27302003
27302012
27302021
45
3
27302004
27302013
27302022
60
3
27302005
27302014
27302023
75
3
27302006
27302015
27302024
90
3
27302007
27302016
27302025
105
3
27302008
27302017
27302026
120
3
27302009
27302018
27302027
135
3
27302073
27302074
27302075
150
3
27302076
27302077
27302078
9
1
5
27302030
27302039
27302048
27302057
27302066
2
5
27302031
27302040
27302049
27302058
27302067
3
5
27302032
27302041
27302050
27302059
27302068
4
5
27302033
27302042
27302051
27302060
27302069
5
5
27302034
27302043
27302052
27302061
27302070
6
5
27302035
27302044
27302053
27302062
27302071
7
5
27302036
27302045
27302054
27302063
27302072
8
5
27302079
27302080
27302081
27302082
27302083
9
5
27302084
27302085
27302086
27302087
27302088
100
500
3
3000
3000
3000
3
546
650
573
650
600
650
3
488
650
463
650
435
650
10
0
1
cfg.cmd.action.Items
3
10200004
2500
10200015
1000
10400014
5
30
1
cfg.cmd.action.Items
3
10200004
3000
10200015
1000
10400014
5
45
1
cfg.cmd.action.Items
3
10200004
3500
10200015
1000
10400014
5
60
2
cfg.cmd.action.Items
3
10200004
4000
10200015
1000
10400014
5
cfg.cmd.action.NeiDan
100
75
2
cfg.cmd.action.Items
3
10200004
4500
10200015
1000
10400014
5
cfg.cmd.action.NeiDan
101
90
2
cfg.cmd.action.Items
3
10200004
5000
10200015
1000
10400014
5
cfg.cmd.action.NeiDan
102
105
2
cfg.cmd.action.Items
3
10200004
5500
10200015
1000
10400014
5
cfg.cmd.action.NeiDan
103
120
2
cfg.cmd.action.Items
3
10200004
6000
10200015
1000
10400014
5
cfg.cmd.action.NeiDan
104
135
2
cfg.cmd.action.Items
3
10200004
6500
10200015
1000
10400014
5
cfg.cmd.action.NeiDan
105
150
2
cfg.cmd.action.Items
3
10200004
7000
10200015
1000
10400014
5
cfg.cmd.action.NeiDan
106
10
0
1
cfg.cmd.action.Items
3
10200004
2000
10200015
500
10400014
3
30
1
cfg.cmd.action.Items
3
10200004
2400
10200015
500
10400014
3
45
1
cfg.cmd.action.Items
3
10200004
2800
10200015
500
10400014
3
60
2
cfg.cmd.action.Items
3
10200004
3200
10200015
500
10400014
3
cfg.cmd.action.NeiDan
100
75
2
cfg.cmd.action.Items
3
10200004
3600
10200015
500
10400014
3
cfg.cmd.action.NeiDan
101
90
2
cfg.cmd.action.Items
3
10200004
4000
10200015
500
10400014
3
cfg.cmd.action.NeiDan
102
105
2
cfg.cmd.action.Items
3
10200004
4400
10200015
500
10400014
3
cfg.cmd.action.NeiDan
103
120
2
cfg.cmd.action.Items
3
10200004
4800
10200015
500
10400014
3
cfg.cmd.action.NeiDan
104
135
2
cfg.cmd.action.Items
3
10200004
5200
10200015
500
10400014
3
cfg.cmd.action.NeiDan
105
150
2
cfg.cmd.action.Items
3
10200004
5600
10200015
500
10400014
3
cfg.cmd.action.NeiDan
106
24
1
1
cfg.cmd.action.Items
3
10400020
3
10200004
25000
10200015
5000
1
cfg.cmd.action.Items
4
10400005
5
10100150
20
10400019
10
54200016
25
2
1
cfg.cmd.action.Items
3
10400020
3
10200004
25000
10200015
5000
1
cfg.cmd.action.Items
4
10400005
5
10100150
20
10400019
10
54200016
20
3
1
cfg.cmd.action.Items
3
10400020
3
10200004
25000
10200015
5000
1
cfg.cmd.action.Items
4
10400005
5
10100150
20
10400019
10
54200016
15
4
1
cfg.cmd.action.Items
3
10400020
3
10200004
25000
10200015
5000
1
cfg.cmd.action.Items
4
10400005
4
10100150
15
10400019
7
54200016
10
5
1
cfg.cmd.action.Items
3
10400020
3
10200004
25000
10200015
5000
1
cfg.cmd.action.Items
4
10400005
4
10100150
15
10400019
7
54200016
5
6
1
cfg.cmd.action.Items
3
10400020
3
10200004
25000
10200015
5000
1
cfg.cmd.action.Items
3
10400005
4
10100150
15
10400019
7
7
1
cfg.cmd.action.Items
3
10400020
2
10200004
20000
10200015
5000
1
cfg.cmd.action.Items
3
10400005
3
10100150
10
10400019
5
8
1
cfg.cmd.action.Items
3
10400020
2
10200004
20000
10200015
5000
1
cfg.cmd.action.Items
3
10400005
3
10100150
10
10400019
5
9
1
cfg.cmd.action.Items
3
10400020
2
10200004
20000
10200015
5000
1
cfg.cmd.action.Items
3
10400005
3
10100150
10
10400019
5
10
1
cfg.cmd.action.Items
3
10400020
2
10200004
20000
10200015
5000
1
cfg.cmd.action.Items
3
10400005
2
10100150
6
10400019
3
11
1
cfg.cmd.action.Items
3
10400020
2
10200004
20000
10200015
5000
1
cfg.cmd.action.Items
3
10400005
2
10100150
6
10400019
3
12
1
cfg.cmd.action.Items
3
10400020
2
10200004
20000
10200015
5000
1
cfg.cmd.action.Items
3
10400005
2
10100150
6
10400019
3
13
1
cfg.cmd.action.Items
3
10400020
1
10200004
15000
10200015
2500
1
cfg.cmd.action.Items
3
10400005
1
10100150
3
10400019
2
14
1
cfg.cmd.action.Items
3
10400020
1
10200004
15000
10200015
2500
1
cfg.cmd.action.Items
3
10400005
1
10100150
3
10400019
2
15
1
cfg.cmd.action.Items
3
10400020
1
10200004
15000
10200015
2500
1
cfg.cmd.action.Items
3
10400005
1
10100150
3
10400019
2
16
1
cfg.cmd.action.Items
3
10400020
1
10200004
15000
10200015
2500
1
cfg.cmd.action.Items
3
10400005
1
10100150
3
10400019
2
17
1
cfg.cmd.action.Items
3
10400020
1
10200004
15000
10200015
2500
1
cfg.cmd.action.Items
3
10400005
1
10100150
3
10400019
2
18
1
cfg.cmd.action.Items
3
10400020
1
10200004
15000
10200015
2500
1
cfg.cmd.action.Items
3
10400005
1
10100150
3
10400019
2
19
1
cfg.cmd.action.Items
3
10400020
1
10200004
10000
10200015
2500
1
cfg.cmd.action.Items
3
10400005
1
10100150
3
10400019
2
20
1
cfg.cmd.action.Items
3
10400020
1
10200004
10000
10200015
2500
1
cfg.cmd.action.Items
3
10400005
1
10100150
3
10400019
2
21
1
cfg.cmd.action.Items
3
10400020
1
10200004
10000
10200015
2500
1
cfg.cmd.action.Items
3
10400005
1
10100150
3
10400019
2
22
1
cfg.cmd.action.Items
3
10400020
1
10200004
10000
10200015
2500
1
cfg.cmd.action.Items
3
10400005
1
10100150
3
10400019
2
23
1
cfg.cmd.action.Items
3
10400020
1
10200004
10000
10200015
2500
1
cfg.cmd.action.Items
3
10400005
1
10100150
3
10400019
2
24
1
cfg.cmd.action.Items
3
10400020
1
10200004
10000
10200015
2500
1
cfg.cmd.action.Items
3
10400005
1
10100150
3
10400019
2
3
1
1
cfg.cmd.action.OneItem
59000180
2
1
cfg.cmd.action.OneItem
59000181
3
1
cfg.cmd.action.OneItem
59000182
6
1
21
0
0
1
21
30
0
2
21
0
0
2
21
30
0
3
21
0
0
3
21
30
0
4
21
0
0
4
21
30
0
5
21
0
0
5
21
30
0
7
20
30
0
7
20
40
0
家族循环赛每周为一个赛季，家族排行榜前24个家族将按照排行榜名次被分为甲乙丙丁四组。每周星期日20：40之后系统排出下周赛程，参赛家族与同一组内其他参赛家族将在周一至周五每天21：00开启战场逐一进行比赛。若家族数目不足24个则会出现轮空家族，比赛期间若某家族遇到轮空则直接判定该家族获胜。比赛胜利5分、平3分，负1分。
每日比赛胜利5分、平3分，负1分。每周为一个赛季，赛季结束，积分清零。家族参赛成员每日参赛后均能立即获得一份奖励。每周五一个赛季赛程结束以后，根据积分排名，发放家族奖励，参赛家族所有成员均可获得一份基本奖励，额外奖励由族长单独发放。
参赛个人依据各自在比赛中的贡献（伤害量+治疗量），将会在本家族进行排名。
参赛个人依据各自在比赛中的贡献（伤害量+治疗量），在全服进行排名，联赛MVP榜前3名玩家，发放联赛MVP称号奖励
家族循环赛赛季奖励
奖励
您所在的家族在本轮家族循环赛中轮空
