1
90
60400001
3
1
51110031
51210031
51310031
51410031
0
19
85
53000001
460704
6
90011
90010
90007
90008
90009
90006
2
51120031
51220031
51320031
51420031
0
19
85
53000005
463431
6
92005
92006
92004
92007
92008
92009
3
51130031
51230031
51330031
51430031
0
19
85
53000007
458718
6
91006
91007
91008
91009
91010
91011
31.19
123.12
17492453
20
254.2908
276.8275
10001

3
qyz.mp4
3
1135800
37740
26544
35910
12240
9960
8880
0.8
2.9
0.3
0
0.3
0.8
0
0
0.48
0
0
0
0
5
0
0
0
0
0
10
1
7
2
7
10
7
3
7
4
7
9
7
5
7
6
7
7
7
8
7
