5
1
夔牛
出入水则必有风雨，其光如日月，其声如雷
-200
100
5
21000
30
3
27300001
31500
10100095
4
5
4
3
2
10100095
10100095
40000
45
4
27300006
60000
10100096
4
5
4
3
2
10100096
10100096
80000
60
5
27300011
120000
10100097
4
5
4
3
2
10100097
10100097
270000
75
6
27300016
180000
10100098
4
5
4
3
2
10100098
10100098
450000
90
7
27300021
300000
10100099
4
5
4
3
2
10100099
10100099
2
烛龙
身长千里， 嘘为风雨 吹为雷电， 开目为昼 闭目为夜
-200
150
5
21000
30
3
27300002
31500
10100095
4
5
4
3
2
10100095
10100095
40000
45
4
27300007
60000
10100096
4
5
4
3
2
10100096
10100096
80000
60
5
27300012
120000
10100097
4
5
4
3
2
10100097
10100097
270000
75
6
27300017
180000
10100098
4
5
4
3
2
10100098
10100098
450000
90
7
27300022
300000
10100099
4
5
4
3
2
10100099
10100099
3
饕餮
食人未咽害及其身，以言报更也
-200
150
5
21000
30
3
27300003
31500
10100095
4
5
4
3
2
10100095
10100095
40000
45
4
27300008
60000
10100096
4
5
4
3
2
10100096
10100096
80000
60
5
27300013
120000
10100097
4
5
4
3
2
10100097
10100097
270000
75
6
27300018
180000
10100098
4
5
4
3
2
10100098
10100098
450000
90
7
27300023
300000
10100099
4
5
4
3
2
10100099
10100099
4
黄鸟
有巫山者，西有黄鸟，其状如枭而白首
-380
70
5
21000
30
3
27300004
31500
10100095
4
5
4
3
2
10100095
10100095
40000
45
4
27300009
60000
10100096
4
5
4
3
2
10100096
10100096
80000
60
5
27300014
120000
10100097
4
5
4
3
2
10100097
10100097
270000
75
6
27300019
180000
10100098
4
5
4
3
2
10100098
10100098
450000
90
7
27300024
300000
10100099
4
5
4
3
2
10100099
10100099
5
貔貅
能吞天下财而不漏，只进不出、神通特异
-200
100
5
21000
30
3
27300005
31500
10100095
4
5
4
3
2
10100095
10100095
40000
45
4
27300010
60000
10100096
4
5
4
3
2
10100096
10100096
80000
60
5
27300015
120000
10100097
4
5
4
3
2
10100097
10100097
270000
75
6
27300020
180000
10100098
4
5
4
3
2
10100098
10100098
450000
90
7
27300025
300000
10100099
4
5
4
3
2
10100099
10100099
