5
30
28
1315
23000008
1314
23000374
1316
23000371
1317
23000370
1318
23000367
1319
23000368
1320
23000373
1321
23000365
1322
23000376
1323
23000369
1594
23000367
1595
23000374
1596
23000365
1597
23000366
1598
23000367
1599
23000366
1600
23000368
1601
23000369
1602
23000370
1603
23000371
1604
23000373
1605
23000374
1606
23000376
1323
23000367
1597
23000371
1598
23000374
1600
23000369
1601
23000368
6
1607
23000100
1608
23000100
1609
23000100
1607
23000100
1608
23000100
1609
23000100
45
29
1627
23000056
1610
23000297
1628
23000295
1611
23000056
1612
23000300
1613
23000298
1614
23000358
1615
23000057
1616
23000297
1617
23000298
1618
23000321
1619
23000319
1620
23000300
1629
23000324
1622
23000320
1621
23000341
1630
23000295
1623
23000330
1624
23000328
1625
23000296
1626
23000299
1624
23000056
1625
23000297
1624
23000295
1625
23000056
1618
23000300
1619
23000298
1614
23000358
1620
23000358
7
1631
23000100
1632
23000100
1633
23000100
1631
23000100
1632
23000100
1633
23000100
1634
23000100
60
28
1644
23000306
1645
23000307
1646
23000307
1647
23000310
1648
23000343
1649
23000311
1650
23000308
1651
23000314
1652
23000307
1653
23000310
1654
23000314
1655
23000309
1656
23000314
1657
23000308
1658
23000311
1666
23000315
1659
23000306
1667
23000314
1660
23000343
1661
23000310
1662
23000307
1668
23000306
1663
23000343
1664
23000315
1665
23000310
1660
23000310
1661
23000307
1662
23000306
6
1669
23000100
1670
23000100
1671
23000100
1669
23000100
1670
23000100
1671
23000100
75
28
1674
23000137
1675
23000135
1676
23000138
1677
23000139
1678
23000177
1679
23000178
1680
23000388
1681
23000179
1682
23000387
1683
23000389
1684
23000391
1698
23000392
1685
23000135
1686
23000388
1687
23000137
1688
23000138
1689
23000139
1690
23000177
1691
23000178
1692
23000179
1693
23000387
1694
23000389
1695
23000388
1696
23000137
1697
23000138
1693
23000392
1694
23000135
1695
23000388
6
1699
23000100
1700
23000100
1701
23000100
1699
23000100
1700
23000100
1701
23000100
90
28
1704
23000395
1705
23000213
1706
23000227
1708
23000258
1707
23000256
1709
23000228
1710
23000259
1711
23000261
1712
23000262
1713
23000263
1714
23000264
1715
23000393
1716
23000394
1717
23000395
1718
23000213
1719
23000256
1720
23000227
1721
23000228
1722
23000258
1723
23000261
1724
23000262
1719
23000256
1712
23000395
1713
23000213
1714
23000227
1716
23000258
1717
23000256
1718
23000228
6
1725
23000100
1726
23000100
1727
23000100
1725
23000100
1726
23000100
1727
23000100
