90
1
0
0
2
0
0
3
0
0
4
0
0
5
0
0
6
0
0
7
0
0
8
0
0
9
0
0
10
0
0
11
0
0
12
0
0
13
0
0
14
0
0
15
0
0
16
0
0
17
0
0
18
0
0
19
0
0
20
0
0
21
0
0
22
0
0
23
0
0
24
0
0
25
0
0
26
0
0
27
0
0
28
0
0
29
0
0
30
138299
6750
31
138299
6750
32
138299
6750
33
138299
6750
34
138299
6750
35
138299
6750
36
138299
6750
37
138299
6750
38
138299
6750
39
138299
6750
40
138299
6750
41
138299
6750
42
138299
6750
43
138299
6750
44
138299
6750
45
267012
6750
46
267012
6750
47
267012
6750
48
267012
6750
49
267012
6750
50
267012
6750
51
267012
6750
52
267012
6750
53
267012
6750
54
267012
6750
55
267012
6750
56
267012
6750
57
267012
6750
58
267012
6750
59
267012
6750
60
612494
6750
61
612494
6750
62
612494
6750
63
612494
6750
64
612494
6750
65
612494
6750
66
612494
6750
67
612494
6750
68
612494
6750
69
612494
6750
70
612494
6750
71
612494
6750
72
612494
6750
73
612494
6750
74
612494
6750
75
1372730
6750
76
1372730
6750
77
1372730
6750
78
1372730
6750
79
1372730
6750
80
1372730
6750
81
1372730
6750
82
1372730
6750
83
1372730
6750
84
1372730
6750
85
1372730
6750
86
1372730
6750
87
1372730
6750
88
1372730
6750
89
1372730
6750
90
1372730
6750
