69
1
0.1
0.515
100
0
2
0.2
0.53
100
0
3
0.3
0.545
100
0
4
0.4
0.56
100
0
5
0.5
0.575
100
0
6
0.6
0.59
100
0
7
0.7
0.605
100
0
8
0.8
0.62
100
0
9
0.9
0.635
100
15
10
1
0.75
1000
15
11
1.1
0.765
300
15
12
1.2
0.78
300
15
13
1.3
0.795
300
15
14
1.4
0.81
300
15
15
1.5
0.825
300
15
16
1.6
0.84
300
15
17
1.7
0.855
300
15
18
1.8
0.87
300
15
19
1.9
0.885
300
30
20
2
1.0
3000
30
21
2.1
1.015
500
30
22
2.2
1.03
500
30
23
2.3
1.045
500
30
24
2.4
1.06
500
30
25
2.5
1.075
500
30
26
2.6
1.09
500
30
27
2.7
1.105
500
30
28
2.8
1.12
500
30
29
2.9
1.135
500
45
30
3
1.25
5000
45
31
3.1
1.265
1000
45
32
3.2
1.28
1000
45
33
3.3
1.295
1000
45
34
3.4
1.31
1000
45
35
3.5
1.325
1000
45
36
3.6
1.34
1000
45
37
3.7
1.355
1000
45
38
3.8
1.37
1000
45
39
3.9
1.385
1000
60
40
4
1.5
10000
60
41
4.1
1.515
1500
60
42
4.2
1.53
1500
60
43
4.3
1.545
1500
60
44
4.4
1.56
1500
60
45
4.5
1.575
1500
60
46
4.6
1.59
1500
60
47
4.7
1.605
1500
60
48
4.8
1.62
1500
60
49
4.9
1.635
1500
75
50
5
1.75
15000
75
51
5.1
1.765
2000
75
52
5.2
1.78
2000
75
53
5.3
1.795
2000
75
54
5.4
1.81
2000
75
55
5.5
1.825
2000
75
56
5.6
1.84
2000
75
57
5.7
1.855
2000
75
58
5.8
1.87
2000
75
59
5.9
1.885
2000
90
60
6
2.0
20000
90
61
6.1
2.015
2500
90
62
6.2
2.03
2500
90
63
6.3
2.045
2500
90
64
6.4
2.06
2500
90
65
6.5
2.075
2500
90
66
6.6
2.09
2500
90
67
6.7
2.105
2500
90
68
6.8
2.12
2500
90
69
6.9
2.135
2500
105
