90
1
550
1
0
2
600
2
0
3
650
3
0
4
700
4
0
5
750
5
0
6
800
6
0
7
850
7
0
8
900
8
0
9
950
9
0
10
1000
10
0
11
1050
11
0
12
1100
12
0
13
1150
13
0
14
1200
14
0
15
1250
15
0
16
1300
16
0
17
1350
17
0
18
1400
18
0
19
1450
19
0
20
1500
20
0
21
1550
21
0
22
1600
22
0
23
1650
23
0
24
1700
24
0
25
1750
25
0
26
1800
26
0
27
1850
27
0
28
1900
28
0
29
1950
29
0
30
2300
30
0
31
2650
31
0
32
3000
32
0
33
3350
33
0
34
3700
34
0
35
4050
35
0
36
4400
36
0
37
4750
37
0
38
5100
38
0
39
5450
39
0
40
5800
40
0
41
6150
41
0
42
6500
42
0
43
6850
43
0
44
7200
44
0
45
8100
45
0
46
9000
46
0
47
9900
47
0
48
10800
48
0
49
11700
49
0
50
12600
50
10
51
13500
51
10.5
52
14400
52
11
53
15300
53
11.5
54
16200
54
12
55
17100
55
12.5
56
18000
56
13
57
18900
57
13.5
58
19800
58
14
59
20700
59
14.5
60
22200
60
15
61
23700
61
15.5
62
25200
62
16
63
26700
63
16.5
64
28200
64
17
65
29700
65
17.5
66
31200
66
18
67
32700
67
18.5
68
34200
68
19
69
35700
69
19.5
70
37200
70
20
71
38700
71
20.5
72
40200
72
21
73
41700
73
21.5
74
43200
74
22
75
45200
75
22.5
76
47200
76
23
77
49200
77
23.5
78
51200
78
24
79
53200
79
24.5
80
55200
80
25
81
57200
81
25.5
82
59200
82
26
83
61200
83
26.5
84
63200
84
27
85
65200
85
27.5
86
67200
86
28
87
69200
87
28.5
88
71200
88
29
89
73200
89
29.5
90
75200
90
30
