27
53000001
天琊剑
九天神兵，仙家至宝，剑气凌绝，颠倒乾坤。
true
5
ICON_Talisman_02
法宝天琊剑
0
5000
400
30
10
13
6
5
4.5
12000
900
300
390
180
150
135
100
400
0
-380
-500
53000002
碧玉念珠
佛门法器，身如琉璃，四大神僧之一普智所有。
true
3
ICON_Talisman_22
法宝碧玉念珠
0
200
300
15
7
8
3
4
4
3000
150
70
80
30
40
40
60
500
0
-320
-500
53000003
合欢铃
圣教合欢派金铃夫人遗物，藏于滴血洞中。
true
5
ICON_Talisman_07
法宝合欢铃
0
5000
420
28
9
10
7
5
6
12600
840
270
300
210
150
180
100
450
0
-230
-500
53000004
琥珀朱绫
朱砂一舞，红霞漫天，青云门田灵儿的法宝。
true
3
ICON_Talisman_13
法宝琥珀朱绫
0
200
280
16
6
8
4
3
5
2800
160
60
80
40
30
50
60
300
0
-320
-500
53000005
轮回珠
因果往复，天道轮回，佛门天音法宝。
true
3
ICON_Talisman_23
法宝轮回珠
0
1000
300
16
6
6.2
7
3
3
3000
160
60
62
70
30
30
80
500
0
-300
-500
53000006
神木骰
南方赤水之畔千年三珠树之灵气所铸。
true
3
ICON_Talisman_19
法宝神木骰
0
200
300
12
4
8
4
4
5
3000
120
40
80
40
40
50
60
400
0
-160
-500
53000007
噬魂
鬼厉的神兵，嗜血珠与摄魂结合的血炼之物。
true
5
ICON_Talisman_03
法宝噬魂
0
5000
480
20
10
11
6.5
5.5
4.5
14400
600
300
330
195
165
135
100
300
0
-280
-500
53000008
玄火鉴
焚香谷镇谷之宝，可召唤八荒火龙，焚世间万物。
true
5
ICON_Talisman_04
法宝玄火鉴
0
5000
420
26
7
12.2
6.8
5.2
5.5
12600
780
210
366
204
156
165
100
450
0
-200
-500
53000009
六合镜
青云法宝，道玄真人赠与弟子的七脉会武奖励。
true
3
ICON_Talisman_12
法宝六合镜
0
200
280
15
5
7
6
5
2
2800
150
50
70
60
50
20
60
800
0
-180
-500
53000010
墨雪剑
墨羽游龙，雪影飘零，青云门苏茹的法宝。
true
4
ICON_Talisman_10
法宝墨雪剑
0
1000
340
18
8
10
5
4
5.5
6800
360
160
200
100
80
110
80
400
0
-280
-500
53000011
少阳剑
青云弟子楚誉宏的法宝，纯正温和，正气凛然。
true
3
ICON_Talisman_28
法宝少阳剑
0
200
280
14
6
8
3
4
4
2800
140
60
80
30
40
40
60
350
0
-90
-500
53000012
赤焰剑
青云大竹峰首座田不易的法宝，赤云化焰焚天。
true
4
ICON_Talisman_09
法宝赤焰剑
0
1000
430
12
8
10
4
5.5
4
8600
240
160
200
80
110
80
80
350
0
-280
-500
53000013
伏龙鼎
擒获上古灵兽、开启四灵血阵的重要法宝。
true
5
ICON_Talisman_05
法宝伏龙鼎
0
5000
420
10
8
10
9
5.5
5.5
12600
300
240
300
270
165
165
100
400
0
-140
-500
53000014
伤心花
鬼王宗碧瑶的法宝，白色花瓣飞扬，清光袭人。
true
5
ICON_Talisman_08
法宝伤心花
0
5000
280
26
8.5
12
5
4
6
8400
780
255
360
150
120
180
100
600
0
-120
-500
53000015
山河扇
炼血堂弟子林锋的法宝，扇影翩跹，指点江山。
true
4
ICON_Talisman_14
法宝山河扇
0
200
290
16
7.5
10.5
5
5
5
5800
320
150
210
100
100
100
60
400
0
-160
-500
53000016
诛仙剑
青云门镇山之宝，绝世神兵，藏于幻月洞府。
true
5
ICON_Talisman_01
法宝诛仙剑
0
5000
500
26
12
16
6
6
6
20000
1040
480
640
240
240
240
130
300
0
-50
-500
53000017
寒冰剑
青云弟子齐昊的法宝，剑气凌人，寒冰万里。
true
3
ICON_Talisman_16
法宝寒冰剑
0
200
260
13
5
7
4
6
4
2600
130
50
70
40
60
40
60
450
0
-320
-500
53000018
噬血珠
圣教黑心老人的法宝，可吸人精血，至邪之物。
true
4
ICON_Talisman_21
法宝噬血珠
0
1000
420
18
7
10
4
3.5
4
8400
360
140
200
80
70
80
80
800
0
-560
-500
53000019
斩相思
毒公子秦无炎的法宝，十年情思，相思难诉。
true
4
ICON_Talisman_18
法宝斩相思
0
1000
240
16
10
12
4
6
3.5
4800
320
200
240
80
120
70
80
420
0
-260
-500
53000020
紫芒刃
合欢派金瓶儿的随身武器，紫影灵动，锋芒毕露。
true
3
ICON_Talisman_20
法宝紫芒刃
0
200
200
14
6
9.5
3
5
4
2000
140
60
95
30
50
40
60
420
0
-280
-500
53000021
轩辕剑
青云弟子曾书书的法宝，上古神兵，金光缭绕。
true
4
ICON_Talisman_17
法宝轩辕剑
0
1000
380
18
8
10
4
4
6
7600
360
160
200
80
80
120
80
300
0
-250
-500
53000022
斩龙剑
万剑一的法宝，后传于林惊羽，冰龙降世，一往无前。
true
5
ICON_Talisman_06
法宝斩龙剑
0
5000
380
26
11
14
5
7
3
11400
780
330
420
150
210
90
100
320
0
-300
-500
53000023
七星剑
青云弟子萧逸才的法宝，七星连珠，光耀天地。
true
3
ICON_Talisman_15
法宝七星剑
0
200
260
18
6
9
4
3.5
4
2600
180
60
90
40
35
40
60
350
0
-250
-500
53000099
特级法宝精髓
虽然它没有任何属性，但是携带了1000000点星阶经验。可以在法宝星阶升级中使用。
false
3
ICON_Talisman_32
特级经验法宝
0
100000
0
0
0
0
0
0
0
0
0
0
0
0
0
0
0
300
0
-50
-500
53000100
高级法宝精髓
虽然它没有任何属性，但是携带了100000点星阶经验。可以在法宝星阶升级中使用。
false
3
ICON_Talisman_31
高级经验法宝
0
10000
0
0
0
0
0
0
0
0
0
0
0
0
0
0
0
300
0
-50
-500
53000101
中级法宝精髓
虽然它没有任何属性，但是携带了10000点星阶经验。可以在法宝星阶升级中使用。
false
3
ICON_Talisman_30
中级经验法宝
0
1000
0
0
0
0
0
0
0
0
0
0
0
0
0
0
0
300
0
-50
-500
53000102
初级法宝精髓
虽然它没有任何属性，但是携带了1000点星阶经验。可以在法宝星阶升级中使用。
false
3
ICON_Talisman_29
初级经验法宝
0
100
0
0
0
0
0
0
0
0
0
0
0
0
0
0
0
300
0
-50
-500
