267
51210003
晨露袍
6
0
51210004
晨露袍
6
0
51210007
苍月袍
6
0
51210008
苍月袍
6
0
51210011
鲲鹏袍
6
0
51210012
鲲鹏袍
6
0
51210015
紫阳袍
6
0
51210016
紫阳袍
6
0
51210019
昆仑袍
6
0
51210020
昆仑袍
6
0
51210024
千机袍
6
0
51210025
千机袍
6
0
51210029
真武袍
6
0
51210030
真武袍
6
0
51220003
伏虎袍
8
0
51220004
伏虎袍
8
0
51220007
比丘袍
8
0
51220008
比丘袍
8
0
51220011
弘法袍
8
0
51220012
弘法袍
8
0
51220015
般若袍
8
0
51220016
般若袍
8
0
51220019
三宝袍
8
0
51220020
三宝袍
8
0
51220024
渡劫袍
8
0
51220025
渡劫袍
8
0
51220029
破魔袍
8
0
51220030
破魔袍
8
0
51230003
虎威甲
7
0
51230004
虎威甲
7
0
51230007
百战甲
7
0
51230008
百战甲
7
0
51230011
猛狞甲
7
0
51230012
猛狞甲
7
0
51230015
破军甲
7
0
51230016
破军甲
7
0
51230019
霸王甲
7
0
51230020
霸王甲
7
0
51230024
霹雳甲
7
0
51230025
霹雳甲
7
0
51230029
凶煞甲
7
0
51230030
凶煞甲
7
0
51110003
青钢剑
2
0
51110004
青钢剑
2
0
51110007
松风剑
2
0
51110008
松风剑
2
0
51110011
两仪剑
2
0
51110012
两仪剑
2
0
51110015
灵蛇剑
2
0
51110016
灵蛇剑
2
0
51110019
飞虹剑
2
0
51110020
飞虹剑
2
0
51110024
白龙剑
2
0
51110025
白龙剑
2
0
51110029
玄光剑
2
0
51110030
玄光剑
2
0
51120003
翠竹柱
4
0
51120004
翠竹柱
4
0
51120007
镶金柱
4
0
51120008
镶金柱
4
0
51120011
八宝柱
4
0
51120012
八宝柱
4
0
51120015
金刚柱
4
0
51120016
金刚柱
4
0
51120019
天王柱
4
0
51120020
天王柱
4
0
51120024
慈航柱
4
0
51120025
慈航柱
4
0
51120029
罗汉柱
4
0
51120030
罗汉柱
4
0
51130003
虎齿刀
3
0
51130004
虎齿刀
3
0
51130007
折铁刀
3
0
51130008
折铁刀
3
0
51130011
百炼刀
3
0
51130012
百炼刀
3
0
51130015
九环刀
3
0
51130016
九环刀
3
0
51130019
化血刀
3
0
51130020
化血刀
3
0
51130024
断岳刀
3
0
51130025
断岳刀
3
0
51130029
鬼煞刀
3
0
51130030
鬼煞刀
3
0
51310003
晨露冠
10
0
51310004
晨露冠
10
0
51310007
苍月冠
10
0
51310008
苍月冠
10
0
51310011
鲲鹏冠
10
0
51310012
鲲鹏冠
10
0
51310015
紫阳冠
10
0
51310016
紫阳冠
10
0
51310019
昆仑冠
10
0
51310020
昆仑冠
10
0
51310024
千机冠
10
0
51310025
千机冠
10
0
51310029
真武冠
10
0
51310030
真武冠
10
0
51320003
伏虎帽
12
0
51320004
伏虎帽
12
0
51320007
比丘帽
12
0
51320008
比丘帽
12
0
51320011
弘法帽
12
0
51320012
弘法帽
12
0
51320015
般若帽
12
0
51320016
般若帽
12
0
51320019
三宝帽
12
0
51320020
三宝帽
12
0
51320024
渡劫帽
12
0
51320025
渡劫帽
12
0
51320029
破魔帽
12
0
51320030
破魔帽
12
0
51330003
虎威盔
11
0
51330004
虎威盔
11
0
51330007
百战盔
11
0
51330008
百战盔
11
0
51330011
猛狞盔
11
0
51330012
猛狞盔
11
0
51330015
破军盔
11
0
51330016
破军盔
11
0
51330019
霸王盔
11
0
51330020
霸王盔
11
0
51330024
霹雳盔
11
0
51330025
霹雳盔
11
0
51330029
凶煞盔
11
0
51330030
凶煞盔
11
0
51410003
晨露履
14
0
51410004
晨露履
14
0
51410007
苍月履
14
0
51410008
苍月履
14
0
51410011
鲲鹏履
14
0
51410012
鲲鹏履
14
0
51410015
紫阳履
14
0
51410016
紫阳履
14
0
51410019
昆仑履
14
0
51410020
昆仑履
14
0
51410024
千机履
14
0
51410025
千机履
14
0
51410029
真武履
14
0
51410030
真武履
14
0
51420003
伏虎履
16
0
51420004
伏虎履
16
0
51420007
比丘履
16
0
51420008
比丘履
16
0
51420011
弘法履
16
0
51420012
弘法履
16
0
51420015
般若履
16
0
51420016
般若履
16
0
51420019
三宝履
16
0
51420020
三宝履
16
0
51420024
渡劫履
16
0
51420025
渡劫履
16
0
51420029
破魔履
16
0
51420030
破魔履
16
0
51430003
虎威靴
15
0
51430004
虎威靴
15
0
51430007
百战靴
15
0
51430008
百战靴
15
0
51430011
猛狞靴
15
0
51430012
猛狞靴
15
0
51430015
破军靴
15
0
51430016
破军靴
15
0
51430019
霸王靴
15
0
51430020
霸王靴
15
0
51430024
霹雳靴
15
0
51430025
霹雳靴
15
0
51430029
凶煞靴
15
0
51430030
凶煞靴
15
0
52100003
白玉龙纹链
19
0
52100004
白玉龙纹链
19
0
52100007
七星磐龙链
19
0
52100008
七星磐龙链
19
0
52100011
天河玄冰链
19
0
52100012
天河玄冰链
19
0
52100016
混沌璇玉链
19
0
52100017
混沌璇玉链
19
0
52100021
朱炎璇光链
19
0
52100022
朱炎璇光链
19
0
52100026
白玉龙纹戒
20
0
52100027
白玉龙纹戒
20
0
52100030
七星磐龙戒
20
0
52100031
七星磐龙戒
20
0
52100034
天河玄冰戒
20
0
52100035
天河玄冰戒
20
0
52100039
混沌璇玉戒
20
0
52100040
混沌璇玉戒
20
0
52100044
朱炎璇光戒
20
0
52100045
朱炎璇光戒
20
0
52100049
白玉龙纹镯
18
0
52100050
白玉龙纹镯
18
0
52100053
七星磐龙镯
18
0
52100054
七星磐龙镯
18
0
52100057
天河玄冰镯
18
0
52100058
天河玄冰镯
18
0
52100062
混沌璇玉镯
18
0
52100063
混沌璇玉镯
18
0
52100067
朱炎璇光镯
18
0
52100068
朱炎璇光镯
18
0
52110001
白玉龙纹链
19
0
52110002
七星磐龙链
19
0
52110003
天河玄冰链
19
0
52110004
天河玄冰链
19
0
52110005
天河玄冰链
19
0
52110006
天河玄冰链
19
0
52110007
混沌璇玉链
19
0
52110008
混沌璇玉链
19
0
52110009
混沌璇玉链
19
0
52110010
混沌璇玉链
19
0
52110011
朱炎璇光链
19
0
52110012
朱炎璇光链
19
0
52110013
朱炎璇光链
19
0
52110014
朱炎璇光链
19
0
52110015
白玉龙纹戒
20
0
52110016
七星磐龙戒
20
0
52110017
天河玄冰戒
20
0
52110018
天河玄冰戒
20
0
52110019
天河玄冰戒
20
0
52110020
天河玄冰戒
20
0
52110021
混沌璇玉戒
20
0
52110022
混沌璇玉戒
20
0
52110023
混沌璇玉戒
20
0
52110024
混沌璇玉戒
20
0
52110025
朱炎璇光戒
20
0
52110026
朱炎璇光戒
20
0
52110027
朱炎璇光戒
20
0
52110028
朱炎璇光戒
20
0
52110029
白玉龙纹镯
18
0
52110030
七星磐龙镯
18
0
52110031
天河玄冰镯
18
0
52110032
天河玄冰镯
18
0
52110033
天河玄冰镯
18
0
52110034
天河玄冰镯
18
0
52110035
混沌璇玉镯
18
0
52110036
混沌璇玉镯
18
0
52110037
混沌璇玉镯
18
0
52110038
混沌璇玉镯
18
0
52110039
朱炎璇光镯
18
0
52110040
朱炎璇光镯
18
0
52110041
朱炎璇光镯
18
0
52110042
朱炎璇光镯
18
0
10400001
炼器符
21
0
10400006
灌注符
21
0
10400007
千华龙筋
21
0
10400012
五色补天石
21
0
53000001
天琊剑
22
0
53000002
碧玉念珠
22
0
53000003
合欢铃
22
0
53000004
琥珀朱绫
22
0
53000005
轮回珠
22
0
53000006
神木骰
22
0
53000007
噬魂
22
0
53000008
玄火鉴
22
0
53000009
六合镜
22
0
53000010
墨雪剑
22
0
53000011
少阳剑
22
0
53000012
赤焰剑
22
0
53000013
伏龙鼎
22
0
53000014
伤心花
22
0
53000015
山河扇
22
0
53000016
诛仙剑
22
0
53000017
寒冰剑
22
0
53000018
噬血珠
22
0
53000019
斩相思
22
0
53000020
紫芒刃
22
0
53000021
轩辕剑
22
0
53000022
斩龙剑
22
0
53000023
七星剑
22
0
