43
22100001
张小凡
10
0
增加所有伙伴攻击8。
1
1
71
8
20
1
增加所有伙伴攻击16。
1
1
71
16
30
2
增加所有伙伴命中43。
1
1
22
43
50
3
增加所有伙伴韧性3%。
1
1
7
0.03
100
4
增加所有伙伴气血9360。
1
1
16
9360
160
5
增加所有伙伴卓越一击伤害6%。
1
1
4
0.06
240
6
增加所有伙伴防御336。
1
1
20
336
360
7
增加所有伙伴攻击371。
1
1
71
371
480
8
增加所有伙伴卓越一击6%。
1
1
2
0.08
960
9
增加所有伙伴躲闪749。
1
1
23
749
1440
22100002
陆雪琪
10
0
增加所有伙伴防御10。
1
1
20
10
20
1
增加所有伙伴防御19。
1
1
20
19
30
2
增加所有伙伴躲闪43。
1
1
23
43
50
3
增加所有伙伴躲闪91。
1
1
23
91
100
4
增加所有伙伴暴击3%。
1
1
6
0.03
160
5
增加所有伙伴防御228。
1
1
20
228
240
6
增加所有伙伴韧性6%。
1
1
7
0.06
360
7
增加所有伙伴防御456。
1
1
20
456
480
8
增加所有伙伴躲闪592。
1
1
23
592
960
9
增加所有伙伴暴击伤害16%。
1
1
8
0.16
1440
22100003
林惊羽
10
0
增加所有伙伴命中10。
1
1
22
10
20
1
增加所有伙伴命中19。
1
1
22
19
30
2
增加所有伙伴气血2808。
1
1
16
2808
50
3
增加所有伙伴气血5928。
1
1
16
5928
100
4
增加所有伙伴攻击117。
1
1
71
117
160
5
增加所有伙伴暴击伤害6%。
1
1
8
0.06
240
6
增加所有伙伴躲闪336。
1
1
23
336
360
7
增加所有伙伴命中456。
1
1
22
456
480
8
增加所有伙伴暴击8%。
1
1
6
0.08
960
9
增加所有伙伴真气9732。
1
1
17
9732
1440
22100004
碧瑶
10
0
增加所有伙伴躲闪10。
1
1
23
10
20
1
增加所有伙伴躲闪19。
1
1
23
19
30
2
增加所有伙伴真气562。
1
1
17
562
50
3
增加所有伙伴韧性3%。
1
1
7
0.03
100
4
增加所有伙伴防御144。
1
1
20
144
160
5
增加所有伙伴卓越一击伤害减免6%。
1
1
5
0.06
240
6
增加所有伙伴气血21844。
1
1
16
21844
360
7
增加所有伙伴异常抗性12%。
1
1
12
0.12
480
8
增加所有伙伴韧性8%。
1
1
7
0.08
960
9
增加所有伙伴攻击608。
1
1
71
608
1440
22100005
普智
10
0
增加所有伙伴气血250。
1
1
16
250
20
1
增加所有伙伴气血499。
1
1
16
499
30
2
增加所有伙伴攻击14。
1
1
71
14
50
3
增加所有伙伴攻击30。
1
1
71
30
100
4
增加所有伙伴命中58。
1
1
22
58
160
5
增加所有伙伴气血5937。
1
1
16
5937
240
6
增加所有伙伴卓越一击减免6%。
1
1
3
0.06
360
7
增加所有伙伴气血11863。
1
1
16
11863
480
8
增加所有伙伴攻击192。
1
1
71
192
960
9
增加所有伙伴防御299。
1
1
20
299
1440
22100006
小七
10
0
增加所有伙伴真气125。
1
1
17
125
20
1
增加所有伙伴真气250。
1
1
17
250
30
2
增加所有伙伴防御43。
1
1
20
43
50
3
增加所有伙伴防御91。
1
1
20
91
100
4
增加所有伙伴卓越一击3%。
1
1
2
0.03
160
5
增加所有伙伴真气2968。
1
1
17
2968
240
6
增加所有伙伴攻击273。
1
1
71
273
360
7
增加所有伙伴真气5931。
1
1
17
5931
480
8
增加所有伙伴卓越一击减免8%。
1
1
3
0.08
960
9
增加所有伙伴命中749。
1
1
22
749
1440
22100007
宋大仁
10
0
增加所有伙伴攻击2。
1
1
71
2
20
1
增加所有伙伴攻击3。
1
1
71
3
30
2
增加所有伙伴命中9。
1
1
22
9
50
3
增加所有伙伴命中18。
1
1
22
18
100
4
增加所有伙伴气血1872。
1
1
16
1872
160
5
增加所有伙伴攻击37。
1
1
71
37
240
6
增加所有伙伴防御67。
1
1
20
67
360
7
增加所有伙伴攻击74。
1
1
71
74
480
8
增加所有伙伴命中118。
1
1
22
118
960
9
增加所有伙伴躲闪150。
1
1
23
150
1440
22100008
法相
10
0
增加所有伙伴防御4。
1
1
20
4
20
1
增加所有伙伴防御8。
1
1
20
8
30
2
增加所有伙伴躲闪17。
1
1
23
17
50
3
增加所有伙伴躲闪36。
1
1
23
36
100
4
增加所有伙伴幸运3%。
1
1
15
0.03
160
5
增加所有伙伴防御91。
1
1
20
91
240
6
增加所有伙伴命中134。
1
1
22
134
360
7
增加所有伙伴防御183。
1
1
20
183
480
8
增加所有伙伴躲闪237。
1
1
23
237
960
9
增加所有伙伴气血19464。
1
1
16
19464
1440
22100009
齐昊
10
0
增加所有伙伴命中4。
1
1
22
4
20
1
增加所有伙伴命中8。
1
1
22
8
30
2
增加所有伙伴气血1123。
1
1
16
1123
50
3
增加所有伙伴卓越一击减免3%。
1
1
3
0.03
100
4
增加所有伙伴气血5%。
1
1
66
0.05
160
5
增加所有伙伴命中91。
1
1
22
91
240
6
增加所有伙伴躲闪134。
1
1
23
134
360
7
增加所有伙伴命中183。
1
1
22
183
480
8
增加所有伙伴气血15394。
1
1
16
15394
960
9
增加所有伙伴真气3893。
1
1
17
3893
1440
22100010
苍松
10
0
增加所有伙伴躲闪4。
1
1
23
4
20
1
增加所有伙伴躲闪8。
1
1
23
8
30
2
增加所有伙伴真气225。
1
1
17
225
50
3
增加所有伙伴气血5%。
1
1
66
0.05
100
4
增加所有伙伴防御58。
1
1
20
58
160
5
增加所有伙伴躲闪91。
1
1
23
91
240
6
增加所有伙伴气血8738。
1
1
16
8738
360
7
增加所有伙伴躲闪183。
1
1
23
183
480
8
增加所有伙伴真气3079。
1
1
17
3079
960
9
增加所有伙伴攻击243。
1
1
71
243
1440
22100011
曾书书
10
0
增加所有伙伴气血624。
1
1
16
624
20
1
增加所有伙伴气血1248。
1
1
16
1248
30
2
增加所有伙伴攻击35。
1
1
71
35
50
3
增加所有伙伴攻击74。
1
1
71
74
100
4
增加所有伙伴卓越一击减免3%。
1
1
3
0.03
160
5
增加所有伙伴气血14842。
1
1
16
14842
240
6
增加所有伙伴真气4369。
1
1
17
4369
360
7
增加所有伙伴卓越一击伤害减免12%。
1
1
5
0.12
480
8
增加所有伙伴攻击481。
1
1
71
481
960
9
增加所有伙伴异常抗性16%。
1
1
12
0.16
1440
22100014
水月
10
0
增加所有伙伴真气50。
1
1
17
50
20
1
增加所有伙伴真气100。
1
1
17
100
30
2
增加所有伙伴防御17。
1
1
20
17
50
3
增加所有伙伴防御36。
1
1
20
36
100
4
增加所有伙伴躲闪58。
1
1
23
58
160
5
增加所有伙伴异常抗性6%。
1
1
12
0.06
240
6
增加所有伙伴攻击109。
1
1
71
109
360
7
增加所有伙伴真气2373。
1
1
17
2373
480
8
增加所有伙伴防御237。
1
1
20
237
960
9
增加所有伙伴命中299。
1
1
22
299
1440
22100015
金瓶儿
10
0
增加所有伙伴攻击3。
1
1
71
3
20
1
增加所有伙伴攻击6。
1
1
71
6
30
2
增加所有伙伴命中17。
1
1
22
17
50
3
增加所有伙伴命中36。
1
1
22
36
100
4
增加所有伙伴气血3744。
1
1
16
3744
160
5
增加所有伙伴攻击74。
1
1
71
74
240
6
增加所有伙伴暴击6%。
1
1
6
0.06
360
7
增加所有伙伴攻击148。
1
1
71
148
480
8
增加所有伙伴命中237。
1
1
22
237
960
9
增加所有伙伴躲闪299。
1
1
23
299
1440
22100016
李洵
10
0
增加所有伙伴防御2。
1
1
20
2
20
1
增加所有伙伴防御4。
1
1
20
4
30
2
增加所有伙伴躲闪9。
1
1
23
9
50
3
增加所有伙伴躲闪18。
1
1
23
18
100
4
增加所有伙伴真气374。
1
1
17
374
160
5
增加所有伙伴防御46。
1
1
20
46
240
6
增加所有伙伴命中67。
1
1
22
67
360
7
增加所有伙伴防御91。
1
1
20
91
480
8
增加所有伙伴躲闪118。
1
1
23
118
960
9
增加所有伙伴气血9732。
1
1
16
9732
1440
22100017
青龙
10
0
增加所有伙伴命中4。
1
1
22
4
20
1
增加所有伙伴命中8。
1
1
22
8
30
2
增加所有伙伴气血1123。
1
1
16
1123
50
3
增加所有伙伴气血2371。
1
1
16
2371
100
4
增加所有伙伴攻击47。
1
1
71
47
160
5
增加所有伙伴命中91。
1
1
22
91
240
6
增加所有伙伴躲闪134。
1
1
23
134
360
7
增加所有伙伴卓越一击伤害12%。
1
1
4
0.12
480
8
增加所有伙伴气血15394。
1
1
16
15394
960
9
增加所有伙伴真气3893。
1
1
17
3893
1440
22100018
苏茹
10
0
增加所有伙伴躲闪4。
1
1
23
4
20
1
增加所有伙伴躲闪8。
1
1
23
8
30
2
增加所有伙伴真气225。
1
1
17
225
50
3
增加所有伙伴卓越一击伤害减免6%。
1
1
5
0.06
100
4
增加所有伙伴防御58。
1
1
20
58
160
5
增加所有伙伴躲闪91。
1
1
23
91
240
6
增加所有伙伴气血8738。
1
1
16
8738
360
7
增加所有伙伴躲闪183。
1
1
23
183
480
8
增加所有伙伴真气3079。
1
1
17
3079
960
9
增加所有伙伴卓越一击伤害减免16%。
1
1
5
0.16
1440
22100019
田不易
10
0
增加所有伙伴命中4。
1
1
22
4
20
1
增加所有伙伴躲闪8。
1
1
23
8
30
2
增加所有伙伴气血1123。
1
1
16
1123
50
3
增加所有伙伴真气474。
1
1
17
474
100
4
增加所有伙伴气血3744。
1
1
16
3744
160
5
增加所有伙伴命中91。
1
1
22
91
240
6
增加所有伙伴防御134。
1
1
20
134
360
7
增加所有伙伴暴击伤害12%。
1
1
8
0.12
480
8
增加所有伙伴气血15394。
1
1
16
15394
960
9
增加所有伙伴真气3893。
1
1
17
3893
1440
22100020
萧逸才
10
0
增加所有伙伴躲闪4。
1
1
23
4
20
1
增加所有伙伴气血499。
1
1
16
499
30
2
增加所有伙伴真气225。
1
1
17
225
50
3
增加所有伙伴攻击30。
1
1
71
30
100
4
增加所有伙伴异常命中3%。
1
1
13
0.03
160
5
增加所有伙伴躲闪91。
1
1
23
91
240
6
增加所有伙伴命中134。
1
1
22
134
360
7
增加所有伙伴气血11863。
1
1
16
11863
480
8
增加所有伙伴气血5%。
1
1
66
0.05
960
9
增加所有伙伴攻击243。
1
1
71
243
1440
22100021
周一仙
10
0
增加所有伙伴气血250。
1
1
16
250
20
1
增加所有伙伴真气100。
1
1
17
100
30
2
增加所有伙伴攻击14。
1
1
71
14
50
3
增加所有伙伴防御36。
1
1
20
36
100
4
增加所有伙伴攻击47。
1
1
71
47
160
5
增加所有伙伴气血5937。
1
1
16
5937
240
6
增加所有伙伴躲闪134。
1
1
23
134
360
7
增加所有伙伴暴击伤害减免12%。
1
1
12
0.12
480
8
增加所有伙伴攻击192。
1
1
71
192
960
9
增加所有伙伴防御299。
1
1
20
299
1440
22100022
野狗道人
10
0
增加所有伙伴真气25。
1
1
17
25
20
1
增加所有伙伴攻击3。
1
1
71
3
30
2
增加所有伙伴防御9。
1
1
20
9
50
3
增加所有伙伴命中18。
1
1
22
18
100
4
增加所有伙伴防御29。
1
1
20
29
160
5
增加所有伙伴真气594。
1
1
17
594
240
6
增加所有伙伴气血4369。
1
1
16
4369
360
7
增加所有伙伴攻击74。
1
1
71
74
480
8
增加所有伙伴防御118。
1
1
20
118
960
9
增加所有伙伴命中150。
1
1
22
150
1440
22100023
大黄
10
0
增加所有伙伴攻击2。
1
1
71
2
20
1
增加所有伙伴防御4。
1
1
20
4
30
2
增加所有伙伴命中9。
1
1
22
9
50
3
增加所有伙伴躲闪18。
1
1
23
18
100
4
增加所有伙伴命中29。
1
1
22
29
160
5
增加所有伙伴攻击37。
1
1
71
37
240
6
增加所有伙伴真气874。
1
1
17
874
360
7
增加所有伙伴防御91。
1
1
20
91
480
8
增加所有伙伴命中118。
1
1
22
118
960
9
增加所有伙伴躲闪150。
1
1
23
150
1440
22100024
燕虹
10
0
增加所有伙伴防御2。
1
1
20
2
20
1
增加所有伙伴命中4。
1
1
22
4
30
2
增加所有伙伴躲闪9。
1
1
23
9
50
3
增加所有伙伴气血1186。
1
1
16
1186
100
4
增加所有伙伴躲闪29。
1
1
23
29
160
5
增加所有伙伴防御46。
1
1
20
46
240
6
增加所有伙伴攻击55。
1
1
71
55
360
7
增加所有伙伴命中91。
1
1
22
91
480
8
增加所有伙伴躲闪118。
1
1
23
118
960
9
增加所有伙伴气血9732。
1
1
16
9732
1440
22100026
秦无炎
10
0
增加所有伙伴命中4。
1
1
22
4
20
1
增加所有伙伴躲闪8。
1
1
23
8
30
2
增加所有伙伴气血1123。
1
1
16
1123
50
3
增加所有伙伴真气474。
1
1
17
474
100
4
增加所有伙伴气血3744。
1
1
16
3744
160
5
增加所有伙伴命中91。
1
1
22
91
240
6
增加所有伙伴异常命中6%。
1
1
13
0.06
360
7
增加所有伙伴躲闪183。
1
1
23
183
480
8
增加所有伙伴气血15394。
1
1
16
15394
960
9
增加所有伙伴真气3893。
1
1
17
3893
1440
22100027
田灵儿
10
0
增加所有伙伴躲闪4。
1
1
23
4
20
1
增加所有伙伴气血499。
1
1
16
499
30
2
增加所有伙伴真气225。
1
1
17
225
50
3
增加所有伙伴暴击伤害减免6%。
1
1
12
0.06
100
4
增加所有伙伴真气749。
1
1
17
749
160
5
增加所有伙伴躲闪91。
1
1
23
91
240
6
增加所有伙伴命中134。
1
1
22
134
360
7
增加所有伙伴气血11863。
1
1
16
11863
480
8
增加所有伙伴真气3079。
1
1
17
3079
960
9
增加所有伙伴攻击243。
1
1
71
243
1440
22100028
三尾
10
0
增加所有伙伴气血125。
1
1
16
125
20
1
增加所有伙伴真气50。
1
1
17
50
30
2
增加所有伙伴攻击7。
1
1
71
7
50
3
增加所有伙伴防御18。
1
1
20
18
100
4
增加所有伙伴攻击23。
1
1
71
23
160
5
增加所有伙伴气血2968。
1
1
16
2968
240
6
增加所有伙伴躲闪67。
1
1
23
67
360
7
增加所有伙伴真气1186。
1
1
17
1186
480
8
增加所有伙伴攻击96。
1
1
71
96
960
9
增加所有伙伴防御150。
1
1
20
150
1440
22100029
小环
10
0
增加所有伙伴真气50。
1
1
17
50
20
1
增加所有伙伴攻击6。
1
1
71
6
30
2
增加所有伙伴防御17。
1
1
20
17
50
3
增加所有伙伴命中36。
1
1
22
36
100
4
增加所有伙伴防御58。
1
1
20
58
160
5
增加所有伙伴真气1187。
1
1
17
1187
240
6
增加所有伙伴幸运6%。
1
1
15
0.06
360
7
增加所有伙伴气血5%。
1
1
66
0.05
480
8
增加所有伙伴防御237。
1
1
20
237
960
9
增加所有伙伴命中299。
1
1
22
299
1440
22100030
鬼先生
10
0
增加所有伙伴攻击8。
1
1
71
8
20
1
增加所有伙伴防御19。
1
1
20
19
30
2
增加所有伙伴命中43。
1
1
22
43
50
3
增加所有伙伴躲闪91。
1
1
23
91
100
4
增加所有伙伴命中144。
1
1
22
144
160
5
增加所有伙伴异常抗性6%。
1
1
12
0.06
240
6
增加所有伙伴韧性6%。
1
1
7
0.06
360
7
增加所有伙伴防御456。
1
1
20
456
480
8
增加所有伙伴异常命中8%。
1
1
13
0.08
960
9
增加所有伙伴躲闪749。
1
1
23
749
1440
22100031
幽姬
10
0
增加所有伙伴防御4。
1
1
20
4
20
1
增加所有伙伴命中8。
1
1
22
8
30
2
增加所有伙伴躲闪17。
1
1
23
17
50
3
增加所有伙伴气血2371。
1
1
16
2371
100
4
增加所有伙伴气血5%。
1
1
66
0.05
160
5
增加所有伙伴防御91。
1
1
20
91
240
6
增加所有伙伴攻击109。
1
1
71
109
360
7
增加所有伙伴命中183。
1
1
22
183
480
8
增加所有伙伴幸运8%。
1
1
15
0.08
960
9
增加所有伙伴气血19464。
1
1
16
19464
1440
22100032
文敏
10
0
增加所有伙伴命中2。
1
1
22
2
20
1
增加所有伙伴躲闪4。
1
1
23
4
30
2
增加所有伙伴气血562。
1
1
16
562
50
3
增加所有伙伴真气237。
1
1
17
237
100
4
增加所有伙伴气血1872。
1
1
16
1872
160
5
增加所有伙伴命中46。
1
1
22
46
240
6
增加所有伙伴防御67。
1
1
20
67
360
7
增加所有伙伴躲闪91。
1
1
23
91
480
8
增加所有伙伴气血7697。
1
1
16
7697
960
9
增加所有伙伴真气1946。
1
1
17
1946
1440
22100033
年老大
10
0
增加所有伙伴躲闪2。
1
1
23
2
20
1
增加所有伙伴气血250。
1
1
16
250
30
2
增加所有伙伴真气112。
1
1
17
112
50
3
增加所有伙伴攻击15。
1
1
71
15
100
4
增加所有伙伴真气374。
1
1
17
374
160
5
增加所有伙伴躲闪46。
1
1
23
46
240
6
增加所有伙伴命中67。
1
1
22
67
360
7
增加所有伙伴气血5931。
1
1
16
5931
480
8
增加所有伙伴真气1539。
1
1
17
1539
960
9
增加所有伙伴攻击122。
1
1
71
122
1440
22100034
血鲲
10
0
增加所有伙伴气血125。
1
1
16
125
20
1
增加所有伙伴真气50。
1
1
17
50
30
2
增加所有伙伴攻击7。
1
1
71
7
50
3
增加所有伙伴防御18。
1
1
20
18
100
4
增加所有伙伴攻击23。
1
1
71
23
160
5
增加所有伙伴气血2968。
1
1
16
2968
240
6
增加所有伙伴躲闪67。
1
1
23
67
360
7
增加所有伙伴真气1186。
1
1
17
1186
480
8
增加所有伙伴攻击96。
1
1
71
96
960
9
增加所有伙伴防御150。
1
1
20
150
1440
22100035
毒神
10
0
增加所有伙伴真气25。
1
1
17
25
20
1
增加所有伙伴攻击3。
1
1
71
3
30
2
增加所有伙伴防御9。
1
1
20
9
50
3
增加所有伙伴命中18。
1
1
22
18
100
4
增加所有伙伴防御29。
1
1
20
29
160
5
增加所有伙伴真气594。
1
1
17
594
240
6
增加所有伙伴气血4369。
1
1
16
4369
360
7
增加所有伙伴攻击74。
1
1
71
74
480
8
增加所有伙伴防御118。
1
1
20
118
960
9
增加所有伙伴命中150。
1
1
22
150
1440
22100036
百毒子
10
0
增加所有伙伴攻击2。
1
1
71
2
20
1
增加所有伙伴防御4。
1
1
20
4
30
2
增加所有伙伴命中9。
1
1
22
9
50
3
增加所有伙伴躲闪18。
1
1
23
18
100
4
增加所有伙伴命中29。
1
1
22
29
160
5
增加所有伙伴攻击37。
1
1
71
37
240
6
增加所有伙伴真气874。
1
1
17
874
360
7
增加所有伙伴防御91。
1
1
20
91
480
8
增加所有伙伴命中118。
1
1
22
118
960
9
增加所有伙伴躲闪150。
1
1
23
150
1440
22100037
吸血老祖
10
0
增加所有伙伴防御2。
1
1
20
2
20
1
增加所有伙伴命中4。
1
1
22
4
30
2
增加所有伙伴躲闪9。
1
1
23
9
50
3
增加所有伙伴气血1186。
1
1
16
1186
100
4
增加所有伙伴躲闪29。
1
1
23
29
160
5
增加所有伙伴防御46。
1
1
20
46
240
6
增加所有伙伴攻击55。
1
1
71
55
360
7
增加所有伙伴命中91。
1
1
22
91
480
8
增加所有伙伴躲闪118。
1
1
23
118
960
9
增加所有伙伴气血9732。
1
1
16
9732
1440
22100038
孟骥
10
0
增加所有伙伴命中2。
1
1
22
2
20
1
增加所有伙伴躲闪4。
1
1
23
4
30
2
增加所有伙伴气血562。
1
1
16
562
50
3
增加所有伙伴真气237。
1
1
17
237
100
4
增加所有伙伴气血1872。
1
1
16
1872
160
5
增加所有伙伴命中46。
1
1
22
46
240
6
增加所有伙伴防御67。
1
1
20
67
360
7
增加所有伙伴躲闪91。
1
1
23
91
480
8
增加所有伙伴气血7697。
1
1
16
7697
960
9
增加所有伙伴真气1946。
1
1
17
1946
1440
22100039
玉阳子
10
0
增加所有伙伴防御2。
1
1
20
2
20
1
增加所有伙伴躲闪4。
1
1
23
4
30
2
增加所有伙伴气血562。
1
1
16
562
50
3
增加所有伙伴真气237。
1
1
17
237
100
4
增加所有伙伴攻击23。
1
1
71
23
160
5
增加所有伙伴命中46。
1
1
22
46
240
6
增加所有伙伴躲闪67。
1
1
23
67
360
7
增加所有伙伴气血5931。
1
1
16
5931
480
8
增加所有伙伴真气1539。
1
1
17
1539
960
9
增加所有伙伴攻击122。
1
1
71
122
1440
22100040
大黑蛭
10
0
增加所有伙伴命中2。
1
1
22
2
20
1
增加所有伙伴气血250。
1
1
16
250
30
2
增加所有伙伴真气112。
1
1
17
112
50
3
增加所有伙伴攻击15。
1
1
71
15
100
4
增加所有伙伴防御29。
1
1
20
29
160
5
增加所有伙伴躲闪46。
1
1
23
46
240
6
增加所有伙伴气血4369。
1
1
16
4369
360
7
增加所有伙伴真气1186。
1
1
17
1186
480
8
增加所有伙伴攻击96。
1
1
71
96
960
9
增加所有伙伴防御150。
1
1
20
150
1440
22100041
六尾魔狐
10
0
增加所有伙伴躲闪2。
1
1
23
2
20
1
增加所有伙伴真气50。
1
1
17
50
30
2
增加所有伙伴攻击7。
1
1
71
7
50
3
增加所有伙伴防御18。
1
1
20
18
100
4
增加所有伙伴命中29。
1
1
22
29
160
5
增加所有伙伴气血2968。
1
1
16
2968
240
6
增加所有伙伴真气874。
1
1
17
874
360
7
增加所有伙伴攻击74。
1
1
71
74
480
8
增加所有伙伴防御118。
1
1
20
118
960
9
增加所有伙伴命中150。
1
1
22
150
1440
22100042
小灰
10
0
增加所有伙伴气血624。
1
1
16
624
20
1
增加所有伙伴攻击16。
1
1
71
16
30
2
增加所有伙伴防御43。
1
1
20
43
50
3
增加所有伙伴暴击伤害减免6%。
1
1
12
0.06
100
4
增加所有伙伴躲闪144。
1
1
23
144
160
5
增加所有伙伴暴击伤害减免6%。
1
1
12
0.06
240
6
增加所有伙伴攻击273。
1
1
71
273
360
7
增加所有伙伴防御456。
1
1
20
456
480
8
增加所有伙伴命中592。
1
1
22
592
960
9
增加所有伙伴暴击伤害减免16%。
1
1
12
0.16
1440
22100043
万剑一
10
0
增加所有伙伴真气125。
1
1
17
125
20
1
增加所有伙伴防御19。
1
1
20
19
30
2
增加所有伙伴命中43。
1
1
22
43
50
3
增加所有伙伴躲闪91。
1
1
23
91
100
4
增加所有伙伴气血9360。
1
1
16
9360
160
5
增加所有伙伴攻击186。
1
1
71
186
240
6
增加所有伙伴卓越一击6%。
1
1
2
0.06
360
7
增加所有伙伴命中456。
1
1
22
456
480
8
增加所有伙伴躲闪592。
1
1
23
592
960
9
增加所有伙伴暴击伤害16%。
1
1
8
0.16
1440
22100044
云易岚
10
0
增加所有伙伴攻击8。
1
1
71
8
20
1
增加所有伙伴命中19。
1
1
22
19
30
2
增加所有伙伴躲闪43。
1
1
23
43
50
3
增加所有伙伴气血5928。
1
1
16
5928
100
4
增加所有伙伴韧性3%。
1
1
7
0.03
160
5
增加所有伙伴防御228。
1
1
20
228
240
6
增加所有伙伴气血5%。
1
1
66
0.05
360
7
增加所有伙伴躲闪456。
1
1
23
456
480
8
增加所有伙伴气血38485。
1
1
16
38485
960
9
增加所有伙伴真气9732。
1
1
17
9732
1440
22100045
小白
10
0
增加所有伙伴攻击8。
1
1
71
8
20
1
增加所有伙伴防御19。
1
1
20
19
30
2
增加所有伙伴命中43。
1
1
22
43
50
3
增加所有伙伴躲闪91。
1
1
23
91
100
4
增加所有伙伴异常命中3%。
1
1
13
0.03
160
5
增加所有伙伴气血14842。
1
1
16
14842
240
6
增加所有伙伴气血5%。
1
1
66
0.05
360
7
增加所有伙伴攻击371。
1
1
71
371
480
8
增加所有伙伴攻击481。
1
1
71
481
960
9
增加所有伙伴命中749。
1
1
22
749
1440
22100046
兽神
10
0
增加所有伙伴真气125。
1
1
17
125
20
1
增加所有伙伴攻击16。
1
1
71
16
30
2
增加所有伙伴防御43。
1
1
20
43
50
3
增加所有伙伴气血5928。
1
1
16
5928
100
4
增加所有伙伴躲闪144。
1
1
23
144
160
5
增加所有伙伴命中46。
1
1
22
46
240
6
增加所有伙伴卓越一击6%。
1
1
2
0.06
360
7
增加所有伙伴攻击371。
1
1
71
371
480
8
增加所有伙伴韧性8%。
1
1
7
0.08
960
9
增加所有伙伴攻击608。
1
1
71
608
1440
