323
51210003
晨露袍
6
0
51210004
晨露袍
6
0
51210007
苍月袍
6
0
51210008
苍月袍
6
0
51210011
鲲鹏袍
6
0
51210012
鲲鹏袍
6
0
51210015
紫阳袍
6
0
51210016
紫阳袍
6
0
51210019
昆仑袍
6
0
51210020
昆仑袍
6
0
51210024
千机袍
6
0
51210025
千机袍
6
0
51210029
真武袍
6
0
51210030
真武袍
6
0
51220003
伏虎袍
8
0
51220004
伏虎袍
8
0
51220007
比丘袍
8
0
51220008
比丘袍
8
0
51220011
弘法袍
8
0
51220012
弘法袍
8
0
51220015
般若袍
8
0
51220016
般若袍
8
0
51220019
三宝袍
8
0
51220020
三宝袍
8
0
51220024
渡劫袍
8
0
51220025
渡劫袍
8
0
51220029
破魔袍
8
0
51220030
破魔袍
8
0
51230003
虎威甲
7
0
51230004
虎威甲
7
0
51230007
百战甲
7
0
51230008
百战甲
7
0
51230011
猛狞甲
7
0
51230012
猛狞甲
7
0
51230015
破军甲
7
0
51230016
破军甲
7
0
51230019
霸王甲
7
0
51230020
霸王甲
7
0
51230024
霹雳甲
7
0
51230025
霹雳甲
7
0
51230029
凶煞甲
7
0
51230030
凶煞甲
7
0
51110003
青钢剑
2
0
51110004
青钢剑
2
0
51110007
松风剑
2
0
51110008
松风剑
2
0
51110011
两仪剑
2
0
51110012
两仪剑
2
0
51110015
灵蛇剑
2
0
51110016
灵蛇剑
2
0
51110019
飞虹剑
2
0
51110020
飞虹剑
2
0
51110024
白龙剑
2
0
51110025
白龙剑
2
0
51110029
玄光剑
2
0
51110030
玄光剑
2
0
51120003
翠竹柱
4
0
51120004
翠竹柱
4
0
51120007
镶金柱
4
0
51120008
镶金柱
4
0
51120011
八宝柱
4
0
51120012
八宝柱
4
0
51120015
金刚柱
4
0
51120016
金刚柱
4
0
51120019
天王柱
4
0
51120020
天王柱
4
0
51120024
慈航柱
4
0
51120025
慈航柱
4
0
51120029
罗汉柱
4
0
51120030
罗汉柱
4
0
51130003
虎齿刀
3
0
51130004
虎齿刀
3
0
51130007
折铁刀
3
0
51130008
折铁刀
3
0
51130011
百炼刀
3
0
51130012
百炼刀
3
0
51130015
九环刀
3
0
51130016
九环刀
3
0
51130019
化血刀
3
0
51130020
化血刀
3
0
51130024
断岳刀
3
0
51130025
断岳刀
3
0
51130029
鬼煞刀
3
0
51130030
鬼煞刀
3
0
51310003
晨露冠
10
0
51310004
晨露冠
10
0
51310007
苍月冠
10
0
51310008
苍月冠
10
0
51310011
鲲鹏冠
10
0
51310012
鲲鹏冠
10
0
51310015
紫阳冠
10
0
51310016
紫阳冠
10
0
51310019
昆仑冠
10
0
51310020
昆仑冠
10
0
51310024
千机冠
10
0
51310025
千机冠
10
0
51310029
真武冠
10
0
51310030
真武冠
10
0
51320003
伏虎帽
12
0
51320004
伏虎帽
12
0
51320007
比丘帽
12
0
51320008
比丘帽
12
0
51320011
弘法帽
12
0
51320012
弘法帽
12
0
51320015
般若帽
12
0
51320016
般若帽
12
0
51320019
三宝帽
12
0
51320020
三宝帽
12
0
51320024
渡劫帽
12
0
51320025
渡劫帽
12
0
51320029
破魔帽
12
0
51320030
破魔帽
12
0
51330003
虎威盔
11
0
51330004
虎威盔
11
0
51330007
百战盔
11
0
51330008
百战盔
11
0
51330011
猛狞盔
11
0
51330012
猛狞盔
11
0
51330015
破军盔
11
0
51330016
破军盔
11
0
51330019
霸王盔
11
0
51330020
霸王盔
11
0
51330024
霹雳盔
11
0
51330025
霹雳盔
11
0
51330029
凶煞盔
11
0
51330030
凶煞盔
11
0
51410003
晨露履
14
0
51410004
晨露履
14
0
51410007
苍月履
14
0
51410008
苍月履
14
0
51410011
鲲鹏履
14
0
51410012
鲲鹏履
14
0
51410015
紫阳履
14
0
51410016
紫阳履
14
0
51410019
昆仑履
14
0
51410020
昆仑履
14
0
51410024
千机履
14
0
51410025
千机履
14
0
51410029
真武履
14
0
51410030
真武履
14
0
51420003
伏虎履
16
0
51420004
伏虎履
16
0
51420007
比丘履
16
0
51420008
比丘履
16
0
51420011
弘法履
16
0
51420012
弘法履
16
0
51420015
般若履
16
0
51420016
般若履
16
0
51420019
三宝履
16
0
51420020
三宝履
16
0
51420024
渡劫履
16
0
51420025
渡劫履
16
0
51420029
破魔履
16
0
51420030
破魔履
16
0
51430003
虎威靴
15
0
51430004
虎威靴
15
0
51430007
百战靴
15
0
51430008
百战靴
15
0
51430011
猛狞靴
15
0
51430012
猛狞靴
15
0
51430015
破军靴
15
0
51430016
破军靴
15
0
51430019
霸王靴
15
0
51430020
霸王靴
15
0
51430024
霹雳靴
15
0
51430025
霹雳靴
15
0
51430029
凶煞靴
15
0
51430030
凶煞靴
15
0
52100004
白玉龙纹链
19
0
52100008
七星磐龙链
19
0
52100012
天河玄冰链
19
0
52100013
天河玄冰链
19
0
52100017
混沌璇玉链
19
0
52100018
混沌璇玉链
19
0
52100022
朱炎璇光链
19
0
52100023
朱炎璇光链
19
0
52100027
白玉龙纹戒
20
0
52100031
七星磐龙戒
20
0
52100035
天河玄冰戒
20
0
52100036
天河玄冰戒
20
0
52100040
混沌璇玉戒
20
0
52100041
混沌璇玉戒
20
0
52100045
朱炎璇光戒
20
0
52100046
朱炎璇光戒
20
0
52100050
白玉龙纹镯
18
0
52100054
七星磐龙镯
18
0
52100058
天河玄冰镯
18
0
52100059
天河玄冰镯
18
0
52100063
混沌璇玉镯
18
0
52100064
混沌璇玉镯
18
0
52100068
朱炎璇光镯
18
0
52100069
朱炎璇光镯
18
0
52110001
真·白玉龙纹链
19
0
52110002
真·七星磐龙链
19
0
52110003
真·天河玄冰链
19
0
52110004
真·天河玄冰链
19
0
52110005
真·天河玄冰链
19
0
52110006
真·天河玄冰链
19
0
52110007
真·混沌璇玉链
19
0
52110008
真·混沌璇玉链
19
0
52110009
真·混沌璇玉链
19
0
52110010
真·混沌璇玉链
19
0
52110011
真·朱炎璇光链
19
0
52110012
真·朱炎璇光链
19
0
52110013
真·朱炎璇光链
19
0
52110014
真·朱炎璇光链
19
0
52110015
真·白玉龙纹戒
20
0
52110016
真·七星磐龙戒
20
0
52110017
真·天河玄冰戒
20
0
52110018
真·天河玄冰戒
20
0
52110019
真·天河玄冰戒
20
0
52110020
真·天河玄冰戒
20
0
52110021
真·混沌璇玉戒
20
0
52110022
真·混沌璇玉戒
20
0
52110023
真·混沌璇玉戒
20
0
52110024
真·混沌璇玉戒
20
0
52110025
真·朱炎璇光戒
20
0
52110026
真·朱炎璇光戒
20
0
52110027
真·朱炎璇光戒
20
0
52110028
真·朱炎璇光戒
20
0
52110029
真·白玉龙纹镯
18
0
52110030
真·七星磐龙镯
18
0
52110031
真·天河玄冰镯
18
0
52110032
真·天河玄冰镯
18
0
52110033
真·天河玄冰镯
18
0
52110034
真·天河玄冰镯
18
0
52110035
真·混沌璇玉镯
18
0
52110036
真·混沌璇玉镯
18
0
52110037
真·混沌璇玉镯
18
0
52110038
真·混沌璇玉镯
18
0
52110039
真·朱炎璇光镯
18
0
52110040
真·朱炎璇光镯
18
0
52110041
真·朱炎璇光镯
18
0
52110042
真·朱炎璇光镯
18
0
10400001
炼器符
21
0
10400006
灌注符
21
0
10400007
千华龙筋
21
0
10400012
五色补天石
21
0
53000001
天琊剑
22
0
53000002
碧玉念珠
22
0
53000003
合欢铃
22
0
53000004
琥珀朱绫
22
0
53000005
轮回珠
22
0
53000006
神木骰
22
0
53000007
噬魂
22
0
53000008
玄火鉴
22
0
53000009
六合镜
22
0
53000010
墨雪剑
22
0
53000011
少阳剑
22
0
53000012
赤焰剑
22
0
53000013
伏龙鼎
22
0
53000014
伤心花
22
0
53000015
山河扇
22
0
53000016
诛仙剑
22
0
53000017
寒冰剑
22
0
53000018
噬血珠
22
0
53000019
斩相思
22
0
53000020
紫芒刃
22
0
53000021
轩辕剑
22
0
53000022
斩龙剑
22
0
53000023
七星剑
22
0
51110035
乾坤剑
2
0
51110040
归元剑
2
0
51120035
空明柱
4
0
51120040
达摩柱
4
0
51130035
屠龙刀
3
0
51130040
戮魂刀
3
0
51210035
玉清袍
6
0
51210040
上清袍
6
0
51220035
无相袍
8
0
51220040
龙象袍
8
0
51230035
狂神甲
7
0
51230040
龙魂甲
7
0
51310035
玉清冠
10
0
51310040
上清冠
10
0
51320035
无相帽
12
0
51320040
龙象帽
12
0
51330035
狂神盔
11
0
51330040
龙魂盔
11
0
51410035
玉清履
14
0
51410040
上清履
14
0
51420035
无相履
16
0
51420040
龙象履
16
0
51430035
狂神靴
15
0
51430040
龙魂靴
15
0
52100073
天梵龙骨链
19
0
52100074
天梵龙骨链
19
0
52100078
黑虹戾风链
19
0
52100079
黑虹戾风链
19
0
52100083
天梵龙骨戒
20
0
52100084
天梵龙骨戒
20
0
52100088
黑虹戾风戒
20
0
52100089
黑虹戾风戒
20
0
52100093
天梵龙骨镯
18
0
52100094
天梵龙骨镯
18
0
52100098
黑虹戾风镯
18
0
52100099
黑虹戾风镯
18
0
52110043
真·天梵龙骨链
19
0
52110044
真·天梵龙骨链
19
0
52110045
真·天梵龙骨链
19
0
52110046
真·天梵龙骨链
19
0
52110047
真·黑虹戾风链
19
0
52110048
真·黑虹戾风链
19
0
52110049
真·黑虹戾风链
19
0
52110050
真·黑虹戾风链
19
0
52110051
真·天梵龙骨戒
20
0
52110052
真·天梵龙骨戒
20
0
52110053
真·天梵龙骨戒
20
0
52110054
真·天梵龙骨戒
20
0
52110055
真·黑虹戾风戒
20
0
52110056
真·黑虹戾风戒
20
0
52110057
真·黑虹戾风戒
20
0
52110058
真·黑虹戾风戒
20
0
52110059
真·天梵龙骨镯
18
0
52110060
真·天梵龙骨镯
18
0
52110061
真·天梵龙骨镯
18
0
52110062
真·天梵龙骨镯
18
0
52110063
真·黑虹戾风镯
18
0
52110064
真·黑虹戾风镯
18
0
52110065
真·黑虹戾风镯
18
0
52110066
真·黑虹戾风镯
18
0
10400036
饰品炼器符
21
0
10400037
饰品灌注符
21
0
