8
30
28
1315
23000008
1314
23000374
1316
23000371
1317
23000370
1318
23000367
1319
23000368
1320
23000373
1321
23000365
1322
23000376
1323
23000369
1594
23000367
1595
23000374
1596
23000365
1597
23000366
1598
23000367
1599
23000366
1600
23000368
1601
23000369
1602
23000370
1603
23000371
1604
23000373
1605
23000374
1606
23000376
1323
23000367
1597
23000371
1598
23000374
1600
23000369
1601
23000368
6
1607
23000100
1608
23000100
1609
23000100
1607
23000100
1608
23000100
1609
23000100
45
29
1627
23000056
1610
23000297
1628
23000295
1611
23000056
1612
23000300
1613
23000298
1614
23000358
1615
23000057
1616
23000297
1617
23000298
1618
23000321
1619
23000319
1620
23000300
1629
23000324
1622
23000320
1621
23000341
1630
23000295
1623
23000330
1624
23000328
1625
23000296
1626
23000299
1624
23000056
1625
23000297
1624
23000295
1625
23000056
1618
23000300
1619
23000298
1614
23000358
1620
23000358
7
1631
23000100
1632
23000100
1633
23000100
1631
23000100
1632
23000100
1633
23000100
1634
23000100
60
28
1644
23000306
1645
23000307
1646
23000307
1647
23000310
1648
23000343
1649
23000311
1650
23000308
1651
23000314
1652
23000307
1653
23000310
1654
23000314
1655
23000309
1656
23000314
1657
23000308
1658
23000311
1666
23000315
1659
23000306
1667
23000314
1660
23000343
1661
23000310
1662
23000307
1668
23000306
1663
23000343
1664
23000315
1665
23000310
1660
23000310
1661
23000307
1662
23000306
6
1669
23000100
1670
23000100
1671
23000100
1669
23000100
1670
23000100
1671
23000100
75
28
1674
23000137
1675
23000135
1676
23000138
1677
23000139
1678
23000177
1679
23000178
1680
23000388
1681
23000179
1682
23000387
1683
23000389
1684
23000391
1698
23000392
1685
23000135
1686
23000388
1687
23000137
1688
23000138
1689
23000139
1690
23000177
1691
23000178
1692
23000179
1693
23000387
1694
23000389
1695
23000388
1696
23000137
1697
23000138
1693
23000392
1694
23000135
1695
23000388
6
1699
23000100
1700
23000100
1701
23000100
1699
23000100
1700
23000100
1701
23000100
90
28
1704
23000395
1705
23000213
1706
23000227
1708
23000258
1707
23000256
1709
23000228
1710
23000259
1711
23000261
1712
23000262
1713
23000263
1714
23000264
1715
23000393
1716
23000394
1717
23000395
1718
23000213
1719
23000256
1720
23000227
1721
23000228
1722
23000258
1723
23000261
1724
23000262
1719
23000256
1712
23000395
1713
23000213
1714
23000227
1716
23000258
1717
23000256
1718
23000228
6
1725
23000100
1726
23000100
1727
23000100
1725
23000100
1726
23000100
1727
23000100
105
24
1747
23000355
1748
23000355
1749
23000293
1750
23000284
1751
23000283
1752
23000282
1753
23000289
1754
23000291
1755
23000281
1756
23000446
1757
23000446
1758
23000447
1759
23000448
1760
23000449
1761
23000450
1762
23000450
1763
23000451
1764
23000452
1765
23000453
1766
23000355
1767
23000282
1768
23000453
1769
23000453
1770
23000453
4
1771
23000100
1772
23000100
1773
23000100
1774
23000100
120
24
1777
23000445
1778
23000445
1779
23000445
1780
23000436
1781
23000405
1782
23000437
1783
23000444
1784
23000437
1785
23000439
1786
23000441
1787
23000438
1788
23000440
1789
23000408
1790
23000407
1792
23000442
1791
23000438
1793
23000443
1794
23000406
1795
23000441
1796
23000436
1797
23000406
1798
23000441
1799
23000444
1800
23000405
5
1801
23000100
1802
23000100
1803
23000100
1804
23000100
1805
23000100
135
25
2158
23000459
2159
23000459
2160
23000460
2161
23000462
2162
23000501
2163
23000499
2164
23000466
2165
23000496
2166
23000495
2167
23000498
2170
23000473
2172
23000497
2173
23000476
2174
23000468
2176
23000477
2177
23000467
2178
23000463
2179
23000471
2180
23000480
2181
23000502
2182
23000495
2183
23000479
2185
23000500
2186
23000503
2188
23000476
5
2168
23000100
2169
23000100
2171
23000100
2184
23000100
2187
23000100
