2
60491501
0
6046
6047
5
60
7
1
82
55
29510101
2
79
63
29510102
3
70
54
29510103
4
71
62
29510104
5
62
57
29510105
6
55
54
29510106
7
47
58
29510107
75
7
1
82
55
29510201
2
79
63
29510202
3
70
54
29510203
4
71
62
29510204
5
62
57
29510205
6
55
54
29510206
7
47
58
29510207
90
7
1
82
55
29510301
2
79
63
29510302
3
70
54
29510303
4
71
62
29510304
5
62
57
29510305
6
55
54
29510306
7
47
58
29510307
105
7
1
82
55
29510401
2
79
63
29510402
3
70
54
29510403
4
71
62
29510404
5
62
57
29510405
6
55
54
29510406
7
47
58
29510407
120
5
1
76
47
29510501
2
80
65
29510502
3
87
53
29510503
4
69
66
29510504
5
63
55
29510505
60491502
0
1105
1020
5
60
5
1
478
207
29520101
2
470
214
29520102
3
476
197
29520103
4
463
208
29520104
5
466
199
29520105
75
5
1
478
207
29520201
2
470
214
29520202
3
476
197
29520203
4
463
208
29520204
5
466
199
29520205
90
5
1
478
207
29520301
2
470
214
29520302
3
476
197
29520303
4
463
208
29520304
5
466
199
29520305
105
5
1
478
207
29520401
2
470
214
29520402
3
476
197
29520403
4
463
208
29520404
5
466
199
29520405
120
6
1
478
207
29520501
2
470
214
29520502
3
475
196
29520503
4
460
211
29520504
5
465
194
29520505
6
457
201
29520506
