1
4
130
1
7
2
2
3
true
0
3
8
80
6
80
7
0
1
200
1
7
1
2
false
0
3
8
150
6
130
7
30
2
350
0
0
false
0
3
8
300
6
250
7
50
3
450
0
0
false
0
3
8
450
6
400
7
60
4
4
8
24
7
25
2
26
6
31
4
true
1
0.02
170
170
170
170
1
130
true
1
0.01
170
170
170
170
20
250
true
1
0.005
170
170
170
170
20
450
true
1
0.002
170
170
170
170
20
450
29
maincity_01
4
20
180
20
300
20
550
20
550
maincity_02
4
20
180
20
250
20
450
20
450
maincity_03
4
20
180
20
250
20
450
20
450
maincity_04
4
20
180
20
250
20
450
20
450
maincity_05
4
20
180
20
250
20
450
20
450
maincity_06
4
20
180
20
250
20
450
20
450
maincity_07
4
20
180
20
180
20
180
20
180
maincity_08
4
20
180
20
250
20
450
20
450
maincity_09
4
20
180
20
180
20
180
20
180
maincity_10
4
20
180
20
250
20
450
20
450
maincity_11
4
20
180
20
250
20
450
20
450
maincity_12
4
20
180
20
250
20
450
20
450
maincity_13
4
20
180
20
180
20
180
20
180
chapter_1_1
4
20
450
20
400
20
450
20
450
chapter_2_1
4
20
450
20
400
20
450
20
450
chapter_3_1
4
20
300
20
300
20
300
20
300
chapter_4_1
4
1
200
1
200
1
200
1
200
chapter_5_1
4
1
200
1
200
1
200
1
200
chapter_6_1
4
1
200
1
200
1
200
1
200
chapter_7_1
4
20
450
20
400
20
450
20
450
chapter_8_1
4
1
200
1
200
1
200
1
200
chapter_9_1
4
20
250
20
300
20
1200
20
1200
chapter_10_1
4
50
150
50
300
50
300
50
300
chapter_11_1
4
1
200
1
200
1
200
1
200
chapter_12_1
4
20
100
20
100
20
100
20
100
chapter_13_1
4
20
450
20
400
20
450
20
450
chapter_14_1
4
20
450
20
400
20
450
20
450
chapter_15_1
4
20
450
20
400
20
450
20
450
login
4
0
200
0
200
0
200
0
200
1
transit
2
1600000
6000000
2
800000
2000000
