150
1
43
1
0.4
2
81
2
0.4
3
103
3
0.4
4
131
4
0.4
5
167
5
0.4
6
213
6
0.4
7
274
7
0.4
8
354
8
0.4
9
461
9
0.4
10
603
10
0.4
11
796
11
0.4
12
1061
12
0.4
13
1433
13
0.4
14
1965
14
0.4
15
2751
22.5
0.4
16
3962
24
0.4
17
5943
25.5
0.4
18
9508
27
0.4
19
17115
28.5
0.4
20
41076
30
0.4
21
61614
31.5
0.4
22
84499
33
0.4
23
118299
34.5
0.4
24
170350
36
0.4
25
255526
37.5
0.4
26
350435
39
0.4
27
490609
40.5
0.4
28
706477
42
0.4
29
1059716
43.5
0.4
30
1554250
60
0.4
31
1902402
62
0.4
32
2449342
64
0.4
33
2547316
66
0.4
34
2674682
68
0.4
35
2835162
70
0.4
36
3033624
72
0.4
37
3276314
74
0.4
38
3571182
76
0.4
39
3928300
78
0.4
40
4360413
80
0.4
41
4883663
82
0.4
42
5518539
84
0.4
43
6291134
86
0.4
44
7234804
88
0.4
45
10852207
112.5
0.4
46
11069251
115
0.4
47
11401328
117.5
0.4
48
11857381
120
0.4
49
12450251
122.5
0.4
50
13197266
125
0.4
51
14121074
127.5
0.4
52
15250760
130
0.4
53
16623328
132.5
0.4
54
18285661
135
0.4
55
20297084
137.5
0.4
56
22732734
140
0.4
57
25687990
142.5
0.4
58
29284308
145
0.4
59
33676954
147.5
0.4
60
50515432
210
0.4
61
51525740
211
0.4
62
53071512
212
0.4
63
55194373
213
0.4
64
57954092
214
0.4
65
61431337
215
0.4
66
65731531
216
0.4
67
70990053
217
0.4
68
77379158
218
0.4
69
85117074
219
0.4
70
94479952
220
0.4
71
105817546
221
0.4
72
119573827
222
0.4
73
136314163
223
0.4
74
156761287
224
0.4
75
235141931
297.5
0.5
76
239844769
298.667
0.5
77
247040113
299.833
0.5
78
256921717
301
0.5
79
269767803
302.167
0.5
80
285953871
303.333
0.5
81
305970642
304.5
0.5
82
330448293
305.667
0.5
83
360188640
306.833
0.5
84
396207504
308
0.5
85
439790329
309.167
0.5
86
492565169
310.333
0.5
87
556598641
311.5
0.5
88
634522450
312.667
0.5
89
729700818
313.833
0.5
90
1295665125
400
0.5
91
1585894113
401.333
0.5
92
1617611995
402.667
0.5
93
1649964235
404
0.5
94
1682963519
405.333
0.5
95
2697550098
406.667
0.5
96
2751501100
408
0.5
97
2806531122
409.333
0.5
98
2862661745
410.667
0.5
99
2919914980
412
0.5
100
2978313279
413.333
0.5
101
3037879545
414.667
0.5
102
3098637136
416
0.5
103
3160609878
417.333
0.5
104
3223822076
418.667
0.5
105
3385013180
517.5
0.5
106
3452713443
519
0.5
107
3539031279
520.5
0.5
108
3645202218
522
0.5
109
3772784295
523.5
0.5
110
3923695667
525
0.5
111
4100261972
526.5
0.5
112
4305275071
528
0.5
113
4542065200
529.5
0.5
114
4814589112
531
0.5
115
5127537404
532.5
0.5
116
5486465022
534
0.5
117
5897949899
535.5
0.5
118
6369785891
537
0.5
119
6911217692
538.5
0.5
120
8639022115
650
0.5
121
7492678684
651.5
0.5
122
7642532258
653
0.5
123
7948233548
654.5
0.5
124
8266162890
656
0.5
125
8596809406
657.5
0.5
126
8940681782
659
0.5
127
9298309053
660.5
0.5
128
9670241416
662
0.5
129
10057051072
663.5
0.5
130
10459333115
665
0.5
131
10877706440
666.5
0.5
132
11312814697
668
0.5
133
11765327285
669.5
0.5
134
12235940377
671
0.5
135
13255602075
672.5
0.5
136
13785826158
775
0.5
137
14337259204
776.5
0.5
138
14910749572
778
0.5
139
15507179555
779.5
0.5
140
16127466737
781
0.5
141
16772565407
782.5
0.5
142
17443468023
784
0.5
143
18141206744
785.5
0.5
144
18866855014
787
0.5
145
19621529214
788.5
0.5
146
20406390383
790
0.5
147
21222645998
791.5
0.5
148
22071551838
793
0.5
149
22954413911
794.5
0.5
150
28693017389
895
0.5
