100
1

1.4
0
1
10400026
4
2000
2

1.43
0
1
10400026
4
4000
3

1.46
0
1
10400026
4
6000
4

1.49
0
1
10400026
4
8000
5

1.52
0
1
10400026
4
10000
6

1.55
0
1
10400026
4
12000
7

1.58
0
1
10400026
4
14000
8

1.61
0
1
10400026
4
16000
9

1.64
0
1
10400026
4
18000
10

1.67
15
2
10400026
4
10400031
2
20000
11

1.82
15
1
10400026
4
22000
12

1.85
15
1
10400026
4
24000
13

1.88
15
1
10400026
4
26000
14

1.91
15
1
10400026
4
28000
15

1.94
15
1
10400026
4
30000
16

1.97
15
1
10400026
4
32000
17

2
15
1
10400026
4
34000
18

2.03
15
1
10400026
4
36000
19

2.06
15
1
10400026
4
38000
20

2.09
30
2
10400026
4
10400031
4
40000
21

2.24
30
1
10400027
8
42000
22

2.27
30
1
10400027
8
44000
23

2.3
30
1
10400027
8
46000
24

2.33
30
1
10400027
8
48000
25

2.36
30
1
10400027
8
50000
26

2.39
30
1
10400027
8
52000
27

2.42
30
1
10400027
8
54000
28

2.45
30
1
10400027
8
56000
29

2.48
30
1
10400027
8
58000
30

2.51
45
2
10400027
8
10400032
8
60000
31

2.66
45
1
10400027
16
62000
32

2.69
45
1
10400027
16
64000
33

2.72
45
1
10400027
16
66000
34

2.75
45
1
10400027
16
68000
35

2.78
45
1
10400027
16
70000
36

2.81
45
1
10400027
16
72000
37

2.84
45
1
10400027
16
74000
38

2.87
45
1
10400027
16
76000
39

2.9
45
1
10400027
16
78000
40

2.93
60
2
10400027
16
10400032
16
80000
41

3.08
60
1
10400028
32
82000
42

3.11
60
1
10400028
32
84000
43

3.14
60
1
10400028
32
86000
44

3.17
60
1
10400028
32
88000
45

3.2
60
1
10400028
32
90000
46

3.23
60
1
10400028
32
92000
47

3.26
60
1
10400028
32
94000
48

3.29
60
1
10400028
32
96000
49

3.32
60
1
10400028
32
98000
50

3.35
75
2
10400028
32
10400033
32
100000
51

3.5
75
1
10400028
48
102000
52

3.53
75
1
10400028
48
104000
53

3.56
75
1
10400028
48
106000
54

3.59
75
1
10400028
48
108000
55

3.62
75
1
10400028
48
110000
56

3.65
75
1
10400028
48
112000
57

3.68
75
1
10400028
48
114000
58

3.71
75
1
10400028
48
116000
59

3.74
75
1
10400028
48
118000
60

3.77
90
2
10400028
48
10400033
48
120000
61

3.92
90
1
10400029
64
122000
62

3.95
90
1
10400029
64
124000
63

3.98
90
1
10400029
64
126000
64

4.01
90
1
10400029
64
128000
65

4.04
90
1
10400029
64
130000
66

4.07
90
1
10400029
64
132000
67

4.1
90
1
10400029
64
134000
68

4.13
90
1
10400029
64
136000
69

4.16
90
1
10400029
64
138000
70

4.19
105
2
10400029
64
10400034
64
140000
71

4.34
105
1
10400029
64
142000
72

4.37
105
1
10400029
64
144000
73

4.4
105
1
10400029
64
146000
74

4.43
105
1
10400029
64
148000
75

4.46
105
1
10400029
64
150000
76

4.49
105
1
10400029
64
152000
77

4.52
105
1
10400029
64
154000
78

4.55
105
1
10400029
64
156000
79

4.58
105
1
10400029
64
158000
80

4.61
120
2
10400029
64
10400034
64
160000
81

4.76
120
1
10400030
64
162000
82

4.79
120
1
10400030
64
164000
83

4.82
120
1
10400030
64
166000
84

4.85
120
1
10400030
64
168000
85

4.88
120
1
10400030
64
170000
86

4.91
120
1
10400030
64
172000
87

4.94
120
1
10400030
64
174000
88

4.97
120
1
10400030
64
176000
89

5
120
1
10400030
64
178000
90

5.03
135
2
10400030
64
10400035
64
180000
91

5.06
135
1
10400030
64
182000
92

5.09
135
1
10400030
64
184000
93

5.12
135
1
10400030
64
186000
94

5.15
135
1
10400030
64
188000
95

5.18
135
1
10400030
64
190000
96

5.21
135
1
10400030
64
192000
97

5.24
135
1
10400030
64
194000
98

5.27
135
1
10400030
64
196000
99

5.3
135
1
10400030
64
198000
100

5.5
150
2
10400030
64
10400035
64
200000
