1
5970
2017
1
26
0
0
0
2017
2
4
23
59
59
1
0.0002
37
141
38
16295110590637084
111680680755486667
16295110590638120
111640953499356348
16295110590638121
111782172923172051
16295110590638122
111387091592808671
16295110590638123
111315663109117694
16295110590638124
111365082946629282
16295110590638125
111563271576138160
16295110590638126
111592479723261714
16295110590638127
111454739122067218
16295110590638128
111104185156394172
16295110590638129
111754815925748606
16295110590638130
111884833823549512
16295110590638131
111428451271998535
16295110590638132
111300726482873616
16295110590638133
111641751612009588
16295110590638134
111164941116303334
16295110590637691
111285278389797752
16295110590637692
111287922897582581
16295110590637693
111222256835980845
16295110590637698
111893261998574503
16295110590637699
111400449858033815
16295110590637700
111656402144949917
16295110590637701
111876771364706014
16295110590637702
111135587083044771
16295110590637705
111567201062278873
16295110590638308
111734775544192619
16295110590638272
111934228960873794
16295110590638273
111064522630476800
16295110590638274
111619566784177127
16295110590638275
111452115158878211
16295110590638276
111889015003681881
16295110590638277
111573956523385877
16295110590638278
111361554309082484
16295110590637703
111578292511341168
16295110590638279
111903969748954110
16295110590638280
111635386828021824
16295110590638281
111669798012508362
16295110590638282
111086590444558892
132
37
16295110590637704
111238755308606592
16295110590638283
111861085354738551
16295110590638284
111331859489876617
16295110590638285
111270373996351879
16295110590638286
111802861031608262
16295110590638287
111025304822594360
16295110590638288
111961162071094518
16295110590638289
111963777008482928
16295110590638290
111111589563279727
16295110590638291
111546576737656935
16295110590638292
111387776941742055
16295110590638293
111964102440117923
16295110590638294
111610891727606320
16295110590638295
111650606207504154
16295110590638296
111585051565905263
16295110590638297
111229009050406944
16295110590638298
111586574626469988
16295110590636579
111816135869421706
16295110590636580
111845139676849978
16295110590636581
111140521929819546
16295110590637720
111717361090879002
16295110590637721
111577611887825940
16295110590636582
111130336853014173
16295110590636583
111263930417737970
16295110590636584
111148836182270135
16295110590636585
111006894697241985
16295110590636586
111867290888696052
16295110590636587
111727005755150140
16295110590638338
111947203156840273
16295110590638339
111603119808774227
16295110590638340
111694967736343760
16295110590638341
111927004455388088
16295110590638342
111748148715076806
16295110590638343
111262255375419425
16295110590638344
111147936757570527
16295110590638345
111898108105514751
16295110590638346
111141928327315713
108
19
16295110590638347
111115773877313953
16295110590638348
111030333677603202
16295110590638349
111318574153681339
16295110590638350
111034772275721551
16295110590638357
111331347307628015
16295110590638358
111859140001451033
16295110590638359
111145489510925677
16295110590638360
111377982226930211
16295110590638351
111771138388419376
16295110590638352
111824153308683432
16295110590638353
111365392762483327
16295110590638354
111236526730114193
16295110590638355
111867880985157307
16295110590638356
111770214141385130
16295110590638361
111958799825792158
16295110590638362
111038911410442128
16295110590638363
111739057305214133
16295110590638364
111489423053444315
16295110590638309
111964584611337220
121
17
16295110590638310
111273043290971334
16295110590638311
111814925590638165
16295110590638312
111865723440461881
16295110590638313
111153456431729124
16295110590638314
111837366879834133
16295110590638315
111870054693205710
16295110590638316
111778182372221317
16295110590638317
111745730289109160
16295110590638318
111940921577429288
16295110590638319
111371718500057236
16295110590638320
111995407019223113
16295110590638321
111104777911370166
16295110590638322
111313560731800509
16295110590638323
111507601692655216
16295110590638324
111915822962455117
16295110590638325
111107411662954649
16295110590638326
111999365652019271
1
13
16295110590638365
111440428470063629
16295110590638366
111582555008230017
16295110590638367
111485157005216317
16295110590638368
111636817425630380
16295110590638369
111593259802158715
16295110590636818
111755128684369130
16295110590636819
111917120641482987
16295110590636820
111207386105395672
16295110590636821
111355306678809261
16295110590636822
111111824964355158
16295110590636823
111621837014734483
16295110590636824
111719917242152803
16295110590636825
111116539138583469
6
15
16295110590636826
111478388425080089
16295110590636827
111488102431870988
16295110590636828
111239548189533585
16295110590636829
111846002044074307
16295110590636830
111966268754677115
16295110590636831
111066344563813452
16295110590636832
111380423454566592
16295110590636833
111449738288140280
16295110590636834
111438346891000750
16295110590636835
111953280144598828
16295110590636836
111142766488338513
16295110590636837
111658245854431201
16295110590636838
111636862452173977
16295110590636839
111137963188046916
16295110590636840
111613506513192015
43
18
16295110590636841
111148323716552069
16295110590636860
111763391653702845
16295110590636842
111193505040925227
16295110590636843
111265491766892627
16295110590636844
111987596677291908
16295110590636845
111713191981054422
16295110590636846
111505211957494905
16295110590636847
111368133681294376
16295110590636848
111809830084454969
16295110590636849
111269080865000630
16295110590636850
111095558460284662
16295110590636851
111874976969974878
16295110590636852
111091973039351207
16295110590636853
111887535085108281
16295110590636854
111000731937533259
16295110590636855
111381833616448736
16295110590636856
111062229555135040
16295110590636857
111960768503970225
33
32
16295110590636858
111933147874494211
16295110590636859
111883924025241966
16295110590636861
111123582803932721
16295110590636862
111474539076767841
16295110590638269
111901143986264795
16295110590638270
111101063489572124
16295110590638250
111992940394349685
16295110590638251
111049166531590301
16295110590638252
111562575525545511
16295110590638135
111157708335414574
16295110590638136
111904810648399724
16295110590638137
111565888398831663
16295110590638138
111980552491480326
16295110590638139
111428913200768675
16295110590638140
111474449418052703
16295110590638141
111677552197222826
16295110590638142
111339133417081834
16295110590638143
111541181007383772
16295110590638144
111795737285102114
16295110590638145
111797719533294819
16295110590638146
111422656489597772
16295110590638147
111376111322398539
16295110590638148
111310138712958176
16295110590638149
111346456862482000
16295110590638150
111335411373999563
16295110590638151
111946615349129480
16295110590638152
111713906320467814
16295110590638153
111489315828041092
16295110590638154
111855270803126625
16295110590638155
111468958376778327
16295110590637361
111887161512374393
16295110590637362
111538376524419456
9
7
16295110590637363
111419776197813816
16295110590637364
111180977517792613
16295110590637365
111061249185246949
16295110590637366
111721773381492131
16295110590637367
111752357578677796
16295110590637017
111377421937904206
16295110590637018
111662073798174973
2
6
16295110590637019
111436471596237517
16295110590637020
111254991096797005
16295110590637021
111503460378770459
16295110590637022
111312903629842210
16295110590637023
111130433560273898
16295110590637024
111213979580574107
48
12
16295110590637025
111755466775720374
16295110590637026
111583074319033928
16295110590637027
111965928944183839
16295110590637028
111029849853705390
16295110590637029
111416773410822453
16295110590637030
111257711772203571
16295110590637031
111682364744763817
16295110590637032
111600006658836917
16295110590637033
111130907266081955
16295110590637034
111651120970424914
16295110590637035
111133828724119798
16295110590637036
111784057667290077
52
16
16295110590637037
111772788763949444
16295110590637038
111299049720865102
16295110590636588
111892945688760917
16295110590637722
111949657503985066
16295110590636589
111447199029520496
16295110590636590
111635028403592101
16295110590636591
111886518295658111
16295110590636592
111406402590196308
16295110590636593
111245330053211049
16295110590636594
111781952525901526
16295110590636595
111212479167888422
16295110590636596
111253660439271599
16295110590636597
111486805765968626
16295110590636598
111967140316342677
16295110590636599
111222126122204576
16295110590636600
111660338459758330
131
12
16295110590636601
111083738424278988
16295110590637706
111470319895904132
16295110590637707
111458375263552751
16295110590637708
111086720426686455
16295110590637709
111250650825774693
16295110590637710
111400938353388097
16295110590637711
111707424919055310
16295110590637712
111154415291257523
16295110590637713
111135592780480349
16295110590637714
111809800452597497
16295110590637715
111876778870046738
16295110590637716
111868407893376174
45
12
16295110590637717
111834845612632248
16295110590637718
111720280050313734
16295110590637719
111941523980231250
16295110590637723
111138624069562181
16295110590637724
111229810146389743
16295110590637725
111877021579983186
16295110590637726
111943328984387368
16295110590636618
111093231017576036
16295110590636619
111855872525784520
16295110590636620
111705162115124743
16295110590636621
111116096952889395
16295110590636622
111945714169806723
99
9
16295110590636623
111882782904967670
16295110590636636
111236156334076917
16295110590636624
111552287506566881
16295110590636637
111561561726181910
16295110590636638
111861887268916290
16295110590636625
111626096729465035
16295110590636639
111517191951193457
16295110590636626
111341879358508265
16295110590636627
111620122630248468
13
10
16295110590636628
111468656182796371
16295110590636629
111296529228733900
16295110590636630
111838304836946219
16295110590638370
111425041491562176
16295110590638371
111802863761054866
16295110590638372
111189528864588806
16295110590638373
111453024991387610
16295110590638374
111902296886142950
16295110590638375
111767427188792039
16295110590638376
111904119388561051
70
22
16295110590638382
111177878270747119
16295110590638383
111752759791329865
16295110590638384
111024622163312783
16295110590638385
111737957894921694
16295110590638386
111622979060730189
16295110590638387
111706730555587170
16295110590638388
111166729217256391
16295110590638389
111493433341643465
16295110590638390
111170733748742813
16295110590638391
111937388291672276
16295110590638392
111003526697146382
16295110590638253
111098322536302680
16295110590638271
111577669281497585
16295110590638254
111995635564109198
16295110590638255
111279908409502286
16295110590638256
111913324051109525
16295110590636464
111465156491868221
16295110590638257
111498129440280258
16295110590638258
111223372832656289
16295110590638259
111256454947160128
16295110590638260
111795410593562221
16295110590638261
111980397417382940
140
9
16295110590638262
111542264472709371
16295110590638263
111191628225819026
16295110590638264
111392201620967668
16295110590638265
111327874477245495
16295110590638266
111343089514776551
16295110590638267
111258422576061268
16295110590638268
111411521108600903
16295110590636465
111218595053795217
16295110590636466
111509616417247635
74
30
16295110590636467
111415182586750267
16295110590636468
111152314656946752
16295110590636469
111745249632430152
16295110590636470
111593208133759019
16295110590636471
111813114656098073
16295110590636472
111605764284104566
16295110590636473
111411213187002796
16295110590636474
111625016623990186
16295110590636475
111502787842888773
16295110590636476
111661845970841889
16295110590636477
111425192713402093
16295110590636478
111218151369457644
16295110590636479
111427003815924917
16295110590636480
111094399863694981
16295110590636481
111714780241883327
16295110590636482
111526763504970320
16295110590636483
111177488321211022
16295110590636484
111511217176433649
16295110590636485
111336998418537550
16295110590636486
111637181577873151
16295110590636487
111443406897741890
16295110590636488
111732616778953892
16295110590636489
111730564131011417
16295110590636490
111133886673575876
16295110590636491
111207053330503843
16295110590636492
111768969588340338
16295110590636493
111457652089650228
16295110590636494
111141852321025152
16295110590636495
111262465135874095
16295110590636496
111298136203245650
17
11
16295110590637043
111167387691156435
16295110590637044
111075586294301698
16295110590637045
111682250972095424
16295110590637046
111336243117450110
16295110590637047
111337592559573653
16295110590637048
111754844791710209
16295110590637049
111826281351554958
16295110590637050
111066191797467314
16295110590637051
111557287886353724
16295110590637052
111107060912100912
16295110590637053
111024417556752004
120
9
16295110590637054
111559454748013844
16295110590637055
111376425731563746
16295110590637056
111679479535686588
16295110590637057
111473922073132345
16295110590637058
111408015820620674
16295110590637059
111627267512791561
16295110590637060
111004423761782054
16295110590637061
111570295774464679
16295110590637062
111122262015517446
34
16
16295110590637063
111261174158256186
16295110590637064
111340468117308402
16295110590637065
111542869558795459
16295110590637066
111085041754258678
16295110590637067
111794347326810205
16295110590637068
111519374258567902
16295110590637428
111870653992568199
16295110590637429
111551101932059451
16295110590638156
111882170605763474
16295110590638157
111585850624452807
16295110590638158
111468791323482765
16295110590638159
111604244247011387
16295110590638160
111224571956691693
16295110590638161
111006703875057870
16295110590638162
111313700862829519
16295110590638163
111641099840093409
129
7
16295110590638164
111144522335542718
16295110590638165
111048650972403262
16295110590638166
111810352670448691
16295110590638167
111351073217266452
16295110590638168
111002043908577701
16295110590638169
111937537155994711
16295110590638170
111804017716114509
139
5
16295110590638171
111678071609159461
16295110590638172
111316683866367933
16295110590638173
111456782054062088
16295110590636631
111206958619148660
16295110590636632
111649050984596927
137
3
16295110590636633
111150520917769950
16295110590636634
111502562901903255
16295110590636635
111950712959986312
107
5
16295110590636753
111046315790809495
16295110590636754
111779789887130873
16295110590636755
111980935367459030
16295110590636756
111287800003646650
16295110590636757
111377784902026440
138
3
16295110590636758
111570433684922916
16295110590636759
111322509448285385
16295110590636760
111697078997252429
130
7
16295110590636766
111877801259838994
16295110590636767
111079301985737048
16295110590636768
111975461614881100
16295110590636769
111650474164310809
16295110590636770
111399215948844836
16295110590636771
111105200448617836
16295110590636772
111686575689739491
56
15
16295110590636773
111075775307654382
16295110590636521
111818920199982717
16295110590637540
111560870857174434
16295110590637039
111189431247676994
16295110590637040
111861458058823307
16295110590637041
111408032474224655
16295110590637042
111724790530586943
16295110590636511
111032586550646463
16295110590636512
111015669996070255
16295110590636513
111633271160613657
16295110590636514
111184873477163741
16295110590637541
111086754884959748
16295110590636774
111828308032186715
16295110590636775
111822635210504819
16295110590636776
111078084135878235
95
10
16295110590636782
111682732833005023
16295110590636783
111200611367706496
16295110590636784
111046845447995788
16295110590636785
111136711873172955
16295110590636786
111536185891794647
16295110590636497
111179500062198207
16295110590636498
111759206224285506
16295110590636499
111669397136466179
16295110590636500
111361231359446039
16295110590636501
111998882968735729
106
4
16295110590636507
111099241483634890
16295110590636508
111754043170915679
16295110590636509
111224922638989677
16295110590636510
111978826063184836
119
6
16295110590636515
111940358801765825
16295110590636516
111752436719548676
16295110590636517
111864929407710469
16295110590636518
111872521082867495
16295110590636519
111176376770921521
16295110590636520
111150529141768646
115
19
16295110590637523
111239819794996663
16295110590637544
111915195432902695
16295110590638175
111007293068562915
16295110590636761
111171836365295270
16295110590636762
111510591727810285
16295110590636763
111165191875645789
16295110590636764
111476091013316683
16295110590636765
111304158010917835
16295110590638176
111756018886513967
16295110590636502
111887033088626120
16295110590636503
111749460139508502
16295110590636504
111956904378865204
16295110590636505
111843230879278059
16295110590636506
111808181808482345
16295110590638177
111801542784201270
16295110590638178
111674978654573327
16295110590638179
111122114091881864
16295110590637524
111744959850938558
16295110590637545
111875075715124965
125
17
16295110590637546
111126890607827185
16295110590637521
111219262534968381
16295110590636640
111589695098257490
16295110590638377
111206192937865945
16295110590638378
111804267770381811
16295110590638379
111647823583011498
16295110590638380
111876415022478705
16295110590638381
111608176950046435
16295110590636641
111433880434915110
16295110590636642
111709296976078591
16295110590636643
111807094910117139
16295110590636644
111987966677605629
16295110590637542
111620833803841240
16295110590637522
111986441868172035
16295110590637543
111630725575632764
16295110590637547
111535293336594094
16295110590637525
111873336730269525
105
3
16295110590637526
111411508645514359
16295110590637548
111006594075067709
16295110590637549
111341855810982485
136
3
16295110590637527
111795827498186259
16295110590637528
111266119144833542
16295110590637529
111075528657009517
78
23
16295110590637530
111211360709665048
16295110590638180
111993544579683241
16295110590638181
111013721232446659
16295110590638182
111101368209737505
16295110590638183
111841919105651662
16295110590636747
111542291778608727
16295110590636748
111414073803435273
16295110590636749
111026625652086564
16295110590636750
111131669452734950
16295110590636751
111630967406182740
16295110590636752
111043917168541907
16295110590638184
111572790392183519
16295110590636777
111811281553952131
16295110590636778
111681979447181547
16295110590636779
111813144268418631
16295110590636780
111853196336398423
16295110590636781
111507626303924651
16295110590637531
111534960431992848
16295110590637532
111010577622585318
16295110590637533
111592303329487652
16295110590637534
111563828562064835
16295110590637535
111495723864157630
16295110590638174
111344571916492456
