8
25
18
16
1365
17
273
18
45.5
19
27.3
20
21
22
21
23
21
6
0.010033
8
0.025083
7
0.010033
9
0.025083
2
0.013682
4
0.0301
3
0.013682
5
0.0301
15
0.016722
13
0.01505
12
0.01505
40
18
16
3822
17
764.4
18
127.4
19
76.44
20
58.8
22
58.8
23
58.8
6
0.0164
8
0.041
7
0.0164
9
0.041
2
0.022364
4
0.0492
3
0.022364
5
0.0492
15
0.027333
13
0.0246
12
0.0246
55
18
16
7907.4
17
1581.48
18
263.58
19
158.148
20
121.652308
22
121.652308
23
121.652308
6
0.020767
8
0.051917
7
0.020767
9
0.051917
2
0.028318
4
0.0623
3
0.028318
5
0.0623
15
0.034611
13
0.03115
12
0.03115
70
18
16
14669.5125
17
2933.9025
18
488.98375
19
293.39025
20
225.684808
22
225.684808
23
225.684808
6
0.027133
8
0.067833
7
0.027133
9
0.067833
2
0.037
4
0.0814
3
0.037
5
0.0814
15
0.045222
13
0.0407
12
0.0407
85
18
16
23928.825
17
4785.765
18
797.6275
19
478.5765
20
368.135769
22
368.135769
23
368.135769
6
0.0315
8
0.07875
7
0.0315
9
0.07875
2
0.042955
4
0.0945
3
0.042955
5
0.0945
15
0.0525
13
0.04725
12
0.04725
100
18
16
37796.325
17
7559.265
18
1259.8775
19
755.9265
20
581.481923
22
581.481923
23
581.481923
6
0.033567
8
0.083917
7
0.033567
9
0.083917
2
0.045773
4
0.1007
3
0.045773
5
0.1007
15
0.055944
13
0.05035
12
0.05035
115
18
16
57590.7
17
11518.14
18
1919.69
19
1151.814
20
886.010769
22
886.010769
23
886.010769
6
0.035633
8
0.089083
7
0.035633
9
0.089083
2
0.048591
4
0.1069
3
0.048591
5
0.1069
15
0.059389
13
0.05345
12
0.05345
130
18
16
84295.95
17
16859.19
18
2809.865
19
1685.919
20
1296.860769
22
1296.860769
23
1296.860769
6
0.037033
8
0.092583
7
0.037033
9
0.092583
2
0.0505
4
0.1111
3
0.0505
5
0.1111
15
0.061722
13
0.05555
12
0.05555
