3
60491101
0
7
30
5
1
1
29110101
10
3
1
29110101
10
4
1
29110101
10
2
1
29110101
10
4
1
29110102
1
45
5
1
1
29110201
10
3
1
29110201
10
4
1
29110201
10
2
1
29110201
10
4
1
29110202
1
60
5
1
1
29110301
10
3
1
29110301
10
4
1
29110301
10
2
1
29110301
10
4
1
29110302
1
75
5
1
1
29110401
10
3
1
29110401
10
4
1
29110401
10
2
1
29110401
10
4
1
29110402
1
90
5
1
1
29110501
10
3
1
29110501
10
4
1
29110501
10
2
1
29110501
10
4
1
29110502
1
105
5
1
1
29110601
10
3
1
29110601
10
4
1
29110601
10
2
1
29110601
10
4
1
29110602
1
120
5
1
1
29110701
10
3
1
29110701
10
4
1
29110701
10
2
1
29110701
10
4
1
29110702
1
60491102
0
7
30
5
1
1
29120101
10
3
1
29120101
10
4
1
29120101
10
2
1
29120101
10
5
1
29120102
1
45
5
1
1
29120201
10
3
1
29120201
10
4
1
29120201
10
2
1
29120201
10
5
1
29120202
1
60
5
1
1
29120301
10
3
1
29120301
10
4
1
29120301
10
2
1
29120301
10
5
1
29120302
1
75
5
1
1
29120401
10
3
1
29120401
10
4
1
29120401
10
2
1
29120401
10
5
1
29120402
1
90
5
1
1
29120501
10
3
1
29120501
10
4
1
29120501
10
2
1
29120501
10
5
1
29120502
1
105
5
1
1
29120601
10
3
1
29120601
10
4
1
29120601
10
2
1
29120601
10
5
1
29120602
1
120
5
1
1
29120701
10
3
1
29120701
10
4
1
29120701
10
2
1
29120701
10
5
1
29120702
1
60491103
0
7
30
5
1
1
29130101
10
4
1
29130101
10
2
1
29130101
10
3
1
29130101
10
5
1
29130102
1
45
5
1
1
29130201
10
4
1
29130201
10
2
1
29130201
10
3
1
29130201
10
5
1
29130202
1
60
5
1
1
29130301
10
4
1
29130301
10
2
1
29130301
10
3
1
29130301
10
5
1
29130302
1
75
5
1
1
29130401
10
4
1
29130401
10
2
1
29130401
10
3
1
29130401
10
5
1
29130402
1
90
5
1
1
29130501
10
4
1
29130501
10
2
1
29130501
10
3
1
29130501
10
5
1
29130502
1
105
5
1
1
29130601
10
4
1
29130601
10
2
1
29130601
10
3
1
29130601
10
5
1
29130602
1
120
5
1
1
29130701
10
4
1
29130701
10
2
1
29130701
10
3
1
29130701
10
5
1
29130702
1
