147
0
4
100
true
true
true
8
461.8289
13.33228
318.795
414.2793
0.090073
316.118
370.6129
0.3408508
372.5896
398.8076
14.65611
403.7846
415.359
26.13528
423.4246
459.0931
21.92361
425.8962
476.6004
22.04128
430.8806
479.6001
19.36237
387.6656
102
true
true
true
4
459.0931
21.92365
425.8962
476.6004
22.04129
430.8806
474.3951
18.29929
414.9119
459.8553
18.61023
415.7537
200
true
true
true
6
474.3951
18.29924
414.9119
459.8553
18.61023
415.7537
422.0919
13.13403
415.8972
359.6675
3.908401
415.139
379.0389
28.83971
516.1927
517.6838
-20.73532
537.9154
201
true
true
true
4
459.0931
21.92365
425.8962
476.6004
22.04129
430.8806
474.3951
18.29924
414.9119
459.8553
18.61023
415.7537
1011
8
6
true
true
true
4
484.9398
67.19607
46.05814
484.8241
67.19607
53.28642
479.5989
67.19607
53.30602
479.6217
67.19607
46.23532
2
true
true
true
4
211.7723
46.25675
157.3684
211.7758
46.25675
152.5627
199.1881
46.25675
152.8513
199.1125
46.25675
157.5227
1
true
true
true
6
209.8131
43.3967
32.0367
208.6794
42.8698
33.75778
206.7565
42.98334
33.81992
205.6803
43.34372
31.99478
206.7516
43.70774
30.32344
208.7737
44.0691
30.31689
7
true
true
true
6
456.8761
42.49811
420.1053
453.4513
41.8468
424.5953
449.663
40.50082
424.4099
448.8861
38.73251
420.8376
450.5121
38.91114
416.9241
454.7271
41.58224
415.6209
8
true
true
true
6
7.995392
-5.34956
421.2988
6.742035
-4.973304
422.909
4.97757
-4.458999
423.121
3.998474
-4.259566
421.3461
4.985962
-4.440492
419.6597
6.96962
-4.999069
419.6143
9
true
true
true
6
324.2024
24.86925
465.1671
323.1598
26.146
466.7597
321.1992
26.43859
466.7809
320.1993
25.39353
465.0474
321.1992
24.08144
463.3146
323.1996
23.77636
463.4254
3
true
true
true
6
111.9908
34.02961
191.9212
110.9647
34.02961
193.6356
108.9835
34.02961
193.6532
107.9733
34.02961
191.9212
108.9818
34.02961
190.1891
110.9926
34.02961
190.1891
4
true
true
true
6
418.5833
36.18692
370.1171
417.8491
36.19329
371.8817
415.8533
36.17881
371.9058
414.7924
36.15915
370.1211
415.3327
36.15124
368.3373
417.3345
36.16578
368.319
1021
1
1
true
true
true
6
392.7048
33.57056
161.2277
391.705
33.61697
162.9596
389.7059
33.5387
162.9599
388.7658
33.60667
161.1466
389.7055
33.63026
159.4964
391.7057
33.57259
159.4954
1031
1
1
true
true
true
6
396.1534
28.21758
472.1821
395.1532
28.33371
473.9141
393.1534
28.3021
473.9139
392.1534
28.2286
472.1819
393.153
28.12755
470.4499
395.1533
28.10791
470.4499
1032
2
1
true
true
true
6
396.1534
28.21758
472.1821
395.1532
28.33371
473.9141
393.1534
28.3021
473.9139
392.1534
28.2286
472.1819
393.153
28.12755
470.4499
395.1533
28.10791
470.4499
2
true
true
true
6
428.4902
11.24444
241.4045
425.7144
11.33175
245.8925
420.7142
11.60077
245.8926
418.2142
11.46801
241.5624
420.7141
11.3668
237.2321
425.7144
11.28103
237.2322
1041
2
1
true
true
true
6
193.4881
-25.9
167.7752
192.4887
-25.90001
169.507
190.4882
-25.90001
169.507
189.4871
-25.9
167.7752
190.4873
-25.9
166.0433
192.4887
-25.9
166.0435
2
true
true
true
6
72.96284
-25.9
155.1349
71.95859
-25.9
156.8671
69.9393
-25.9
156.8671
68.96288
-25.9
155.1349
69.95801
-25.9
153.4027
72.09039
-25.9
153.5447
1051
1
1
true
true
true
4
182.5482
50
36.08326
186.7181
50
36.20665
186.757
50
43.68559
182.6776
50
43.72951
1061
9
2
true
true
true
4
129.517
28.2478
435.5149
129.4893
28.2478
430.3457
134.679
28.24781
430.3896
134.6728
28.24781
435.5372
8
true
true
true
4
156.7932
26.41927
294.9601
159.4668
26.41927
294.8661
159.4997
26.41928
300.9797
156.6894
26.41927
301.298
9
true
true
true
4
193.153
26.41928
330.8568
191.1289
26.41928
332.4464
184.9252
26.41929
323.774
187.2809
26.41928
321.9625
1
true
true
true
6
44.13681
26.32742
347.1547
43.25014
26.34116
348.9991
41.13682
26.35975
348.8868
40.13683
26.35964
347.1547
41.13681
26.33734
345.4224
43.13682
26.32556
345.4226
3
true
true
true
6
16.18545
27.1764
166.2532
15.18545
27.24622
167.9853
13.18544
27.38299
167.9853
12.18545
27.37049
166.2533
13.18545
27.24833
164.5211
15.18545
27.15445
164.5211
4
true
true
true
6
468.7818
54.63699
413.9847
467.7819
54.48699
415.7169
465.7818
54.25904
415.7169
464.7818
54.20789
413.9848
465.7817
54.33558
412.2529
467.7817
54.58485
412.2527
5
true
true
true
6
58.25682
26.38058
477.8973
57.25682
26.39444
479.6298
55.25681
26.38072
479.6296
54.25684
26.35225
477.8975
55.25684
26.40742
476.1653
57.25683
26.38942
476.1655
6
true
true
true
6
364.4953
20.68038
22.65034
363.4956
20.20563
24.38239
361.4954
20.76744
24.38239
360.4954
21.34205
22.6503
361.4955
21.29278
20.91829
363.4954
20.67749
20.9183
7
true
true
true
6
321.4356
26.30051
294.0233
320.4356
26.24693
295.7554
318.4357
26.18982
295.7553
317.4355
26.21413
294.0234
318.4356
26.22718
292.2911
320.4356
26.26522
292.2913
1071
1
1
true
true
true
4
67.7293
0.1578484
8.747032
67.72547
0.1578484
3.979958
62.10526
0.052551
3.761951
62.15737
0.052551
8.655205
1081
10
1
true
true
true
6
51.11827
174.5729
426.0342
50.3311
174.5393
427.7411
48.11839
174.3429
427.7666
47.11824
174.0138
426.0349
48.11808
174.3058
424.3026
50.11827
174.4954
424.3025
3
true
true
true
7
116.6079
178.5696
352.6031
114.6571
178.3537
354.5035
112.3375
177.993
354.7557
109.4135
177.6001
352.6104
109.1685
177.5325
348.2415
115.2882
177.5362
346.6326
117.2212
177.8532
348.0704
4
true
true
true
6
112.8448
180.4779
291.017
110.7726
180.4903
293.0338
108.4598
180.4997
293.5776
108.1177
180.5266
291.092
109.5505
180.5318
289.3839
111.5443
180.5037
289.6692
5
true
true
true
6
74.18066
180.5263
238.4901
73.18073
180.5278
240.2259
71.1805
180.5099
240.2256
69.47899
180.476
238.4492
71.41223
180.4678
236.152
73.5292
180.5697
236.6776
6
true
true
true
6
45.02792
208.5377
183.5111
42.61159
208.5377
185.6469
39.51629
208.5377
186.9963
38.25701
208.5377
183.338
39.73832
208.5377
180.6356
43.53429
208.5377
180.1033
7
true
true
true
6
47.16206
208.8532
111.1144
46.07005
208.8532
112.7808
43.7633
208.8532
112.8354
42.46602
208.8532
110.6049
43.52094
208.8532
108.7505
45.16486
208.8532
108.2769
8
true
true
true
6
390.9081
176.8222
151.6014
390.0828
176.5491
156.9765
383.0318
175.7617
160.117
379.3447
173.2797
155.1424
384.1695
176.6784
148.1926
389.4412
176.8953
148.358
9
true
true
true
6
147.168
190.6321
97.02923
146.3303
190.2821
101.0859
141.4186
190.0431
101.6102
138.1586
190.2511
97.18513
140.2209
190.3389
94.34009
145.6548
190.4383
92.69643
10
true
true
true
6
493.0005
390.2204
369.8561
491.4323
390.052
373.0758
486.9637
390.052
373.1714
482.4631
390.052
372.8971
481.9033
390.052
365.6442
491.5521
390.052
366.4551
11
true
true
true
3
30.02361
208.9843
113.45
37.13016
208.9604
115.2664
33.69856
208.9431
122.1593
11
4
100
true
true
true
8
461.8289
13.33228
318.795
414.2793
0.090073
316.118
370.6129
0.3408508
372.5896
398.8076
14.65611
403.7846
415.359
26.13528
423.4246
459.0931
21.92361
425.8962
476.6004
22.04128
430.8806
479.6001
19.36237
387.6656
102
true
true
true
4
459.0931
21.92365
425.8962
476.6004
22.04129
430.8806
474.3951
18.29929
414.9119
459.8553
18.61023
415.7537
200
true
true
true
6
474.3951
18.29924
414.9119
459.8553
18.61023
415.7537
422.0919
13.13403
415.8972
359.6675
3.908401
415.139
379.0389
28.83971
516.1927
517.6838
-20.73532
537.9154
201
true
true
true
4
459.0931
21.92365
425.8962
476.6004
22.04129
430.8806
474.3951
18.29924
414.9119
459.8553
18.61023
415.7537
1101
1
1
true
true
true
6
31.51096
34.42351
233.5199
30.51096
35.05437
235.2519
28.51096
35.19315
235.2519
27.51095
34.93529
233.5199
28.51096
34.36276
231.7878
30.51096
34.02427
231.7878
1111
2
2
true
true
true
8
260.4976
57.37045
445.4012
257.7198
57.37045
444.3071
256.7814
57.37045
441.5848
257.8805
57.37045
439.3455
260.3006
57.37045
438.3508
262.904
57.37045
439.5807
263.7379
57.37045
441.9664
262.9107
57.37045
444.2595
1
true
true
true
6
478.4205
10.10575
105.5409
477.5318
9.994627
107.4282
475.5317
9.888299
107.4282
474.5318
9.905831
105.6962
475.5318
9.915129
103.9641
477.5317
10.00555
103.9642
1121
2
2
true
true
true
4
73.87406
38.92045
169.8423
74.40862
38.99869
188.6062
66.70718
40.38241
188.0242
66.42903
40.1998
170.8848
1
true
true
true
6
121.437
31.80981
39.68846
120.437
31.78785
41.42053
118.4368
32.02785
41.42024
117.4371
32.29383
39.68811
118.4369
32.35873
37.95596
120.4369
32.10572
37.95583
1
4
100
true
true
true
8
461.8289
13.33228
318.795
414.2793
0.090073
316.118
370.6129
0.3408508
372.5896
398.8076
14.65611
403.7846
415.359
26.13528
423.4246
459.0931
21.92361
425.8962
476.6004
22.04128
430.8806
479.6001
19.36237
387.6656
102
true
true
true
4
459.0931
21.92365
425.8962
476.6004
22.04129
430.8806
474.3951
18.29929
414.9119
459.8553
18.61023
415.7537
200
true
true
true
6
474.3951
18.29924
414.9119
459.8553
18.61023
415.7537
422.0919
13.13403
415.8972
359.6675
3.908401
415.139
379.0389
28.83971
516.1927
517.6838
-20.73532
537.9154
201
true
true
true
4
459.0931
21.92365
425.8962
476.6004
22.04129
430.8806
474.3951
18.29924
414.9119
459.8553
18.61023
415.7537
2011
2
1
true
true
true
6
176.7027
43.44333
56.10971
175.7746
43.44333
57.74649
173.7692
43.44333
57.74092
172.699
43.44333
56.10995
173.6992
43.44333
54.37762
175.7018
43.44333
54.37459
2
true
true
true
6
121.0447
0.7299376
142.5669
120.0425
0.6150069
144.3042
118.0205
0.6182412
144.3052
117.0193
0.6743242
142.5746
118.0252
0.7275347
140.8322
120.0446
0.7242815
140.832
2015
4
100
false
false
false
4
-33.61864
18.73867
95.42024
-57.21335
18.7387
95.62839
-57.30144
18.73869
70.72861
-34.12387
18.73866
70.43537
102
false
false
false
4
-56.18173
18.57179
81.30345
-56.22776
18.57179
84.68613
-51.93321
18.71304
84.77973
-52.2034
18.57178
81.29985
200
false
false
false
4
-51.66882
18.71304
78.59476
-51.84539
18.57179
88.70761
-87.97307
11.41008
87.93491
-85.53899
13.62597
79.41252
201
false
false
false
4
-52.353
18.57178
81.28786
-52.17253
18.57179
84.59615
-55.79533
18.57179
84.56001
-56.0012
18.57179
81.17478
2021
2
1
true
true
true
6
52.97362
30.85537
335.7434
51.96795
30.85537
337.4767
49.98772
30.85537
337.4115
48.95781
30.85537
335.743
49.9529
30.85537
334.0089
51.96482
30.85537
334.0085
2
true
true
true
6
478.8404
31.43609
106.498
477.8413
31.43433
108.234
475.8549
31.43108
108.2254
474.8183
31.43609
106.4967
475.8171
31.43609
104.7611
477.8315
31.43609
104.757
2031
13
2
true
true
true
4
78.34569
150.5986
373.8125
82.55397
147.9738
372.2319
85.7261
148.1362
390.8349
79.77691
150.2674
391.8777
1
true
true
true
6
403.8054
160.5926
347.3013
402.8073
160.6542
349.0346
400.8055
160.6557
349.031
399.884
160.5961
347.3077
400.8044
160.534
345.5601
402.8069
160.5325
345.5629
3
true
true
true
6
168.3692
135.5427
148.4241
167.2504
135.652
150.1885
165.0237
135.7025
150.2355
163.7742
135.6378
148.3344
164.8084
135.5725
146.5581
167.4501
135.4869
146.5688
4
true
true
true
6
148.0425
136.8826
168.9629
146.9296
136.8817
170.691
144.863
137.0043
170.7592
143.9415
135.1939
168.9114
144.9817
135.2883
166.4048
147.0183
137.0469
166.3305
5
true
true
true
6
153.4845
138.8179
125.7345
152.5462
138.7256
127.9563
150.4999
138.8223
127.7597
149.5068
138.9363
126.0209
150.5111
138.9555
124.2891
152.5113
138.8609
124.289
6
true
true
true
6
123.5213
139.6734
110.081
122.5358
139.6256
111.9084
120.5168
139.6091
111.7876
119.5283
139.3335
109.7558
120.5272
139.6786
108.3188
122.5289
139.6819
108.3051
7
true
true
true
6
75.93169
135.1489
106.9088
74.9963
135.1606
108.5946
72.93192
135.1423
108.9332
72.01514
135.1516
106.9068
73.01584
135.1593
105.1747
74.99992
135.1452
105.1376
8
true
true
true
6
81.68866
134.8201
137.3047
80.68852
134.7423
139.0373
78.68858
134.7456
139.0381
77.68748
134.7473
137.3058
78.6891
134.8068
135.5737
80.68874
134.8151
135.573
9
true
true
true
6
73.2066
145.6792
173.7413
71.66689
145.7081
174.8759
69.99892
145.8143
174.5786
69.45215
145.8673
172.5771
71.07737
145.914
171.4485
72.97147
145.791
171.795
10
true
true
true
6
92.00241
144.7497
204.4459
91.63829
144.7207
205.36
88.82298
144.6419
206.2019
87.85638
144.5836
204.6533
88.85638
144.6815
202.925
90.89552
144.7837
202.777
11
true
true
true
6
108.1405
140.2467
215.8373
107.1405
140.215
217.57
105.1405
140.3242
217.5696
104.1405
140.4418
215.8363
105.1405
140.4685
214.1015
107.1405
140.3906
214.1039
12
true
true
true
6
137.324
139.7252
211.9725
136.3218
140.0379
213.7172
134.3166
139.873
213.7165
133.3091
139.6899
211.9754
134.3199
139.3221
210.2327
136.3268
139.3438
210.2362
13
true
true
true
6
396.998
158.6056
280.982
395.998
158.5153
282.7174
394.0535
158.6264
282.7178
393.0503
158.5639
280.9827
394.0537
158.4637
279.2465
395.998
158.4727
279.2471
2041
1
1
true
true
true
4
61.12852
40.80529
96.14714
60.77475
40.55426
90.27079
67.77281
40.55425
90.57349
67.76758
40.80529
96.18038
2051
1
1
true
true
true
4
7.598692
20.45472
25.2476
7.489601
20.31722
31.23365
1.544266
26.07714
31.09722
1.623909
26.07714
25.65279
2061
1
1
true
true
true
4
6.977703
1.464403
2.67399
6.48474
1.464403
2.667179
6.566074
1.464402
6.220941
7.073634
1.464402
6.212463
2071
1
1
true
true
true
6
226.4137
-7.105005
124.9731
225.4261
-7.105006
126.7146
223.4645
-7.105005
126.7146
222.4666
-7.105005
124.9826
223.4637
-7.105005
123.2504
225.4723
-7.105005
123.2505
2081
1
1
true
true
true
4
34.64237
5.42756
69.32294
43.47182
5.42756
69.20052
43.43406
5.42756
71.11292
34.63282
5.427559
71.25838
209
1
1
true
true
true
7
878.1833
4.361306
740.3353
420.6348
2.161816
740.2357
419.3263
3.091341
808.9705
369.9818
3.556103
886.3051
151.3455
3.788484
888.1241
181.9882
4.020865
313.1849
878.5158
4.21209
352.428
2091
3
1
true
true
true
4
527.9043
8.832607
743.8495
527.7198
8.651261
748.6133
507.7465
8.42386
748.9129
507.5642
8.832607
743.7091
2
true
true
true
4
507.3337
8.873621
708.0043
507.2745
8.823964
703.3605
528.7908
8.732933
703.2216
528.7555
8.873959
708.0928
3
true
true
true
4
528.0582
21.99773
553.9529
528.1915
19.93974
558.4432
508.181
19.96534
558.4065
508.5372
21.99773
553.864
2101
2
1
true
true
true
4
101.2158
18.7629
35.86012
101.4788
18.7629
44.61446
95.59895
18.7629
44.55409
95.35638
18.7629
35.93945
2
true
true
true
4
212.8594
11.83437
81.0649
213.062
11.83437
90.17522
229.8823
11.83437
89.68427
229.9167
11.83437
81.1377
2111
1
1
true
true
true
4
28.01568
0.000022
57.01264
27.85426
0.000023
55.47388
35.5944
0.000023
55.46096
35.49825
0.000022
56.94486
2121
1
1
true
true
true
6
75.36256
0.5221063
38.46949
74.36248
0.5221061
40.20155
72.36247
0.5221062
40.20155
71.36261
0.5221064
38.46949
72.3625
0.5221065
36.73744
74.36253
0.5221065
36.73744
22
5
100
true
true
true
4
-34.18279
18.73866
71.18381
-34.42379
18.57178
94.66032
-56.19773
18.57179
94.66308
-57.45267
18.73869
71.89675
102
true
true
true
4
-54.52112
18.57179
88.09772
-57.80945
18.73869
88.09444
-58.31068
18.73869
79.15925
-56.20765
18.57179
77.89727
200
true
true
true
4
-52.41871
18.57178
78.32198
-52.4294
18.57179
88.29681
-85.54214
13.62597
87.44987
-85.18321
13.71437
76.52962
201
true
true
true
4
-54.53088
18.57179
88.09772
-57.81924
18.73869
88.09444
-58.32117
18.73869
79.15925
-55.47869
18.57179
79.6162
103
true
true
true
3
-56.34454
18.57179
94.73988
-50.74057
18.57179
94.26995
-56.34278
18.57179
89.24747
6041010
1
102
true
true
true
6
182.1874
-75.05821
102.0396
127.136
-40.01363
58.57053
33.20573
-42.14865
48.09624
-21.54757
-85.70067
85.77364
-2.825813
-129.2173
133.7235
149.9207
-125.0235
150.1074
60400001
40
100
true
true
true
4
118.015
177.524
349.5088
368.3143
4.443077
485.0929
-371.2944
84.2935
656.5964
62.73804
177.0632
373.8711
102
true
true
true
4
83.77908
180.3419
445.7809
77.92175
179.908
445.4694
80.4512
179.6531
417.1817
85.53815
179.7611
418.205
200
true
true
true
5
406.8015
0.9460258
536.0039
-0.640358
184.4283
830.814
-189.0287
122.568
473.2383
90.37143
171.9231
358.267
129.8339
177.5009
355.6709
201
true
true
true
4
83.77908
180.3419
445.7809
77.92178
179.908
445.4693
80.45123
179.653
417.1817
85.53824
179.7611
418.205
300
true
true
true
4
-3.908264
183.3118
877.8625
674.9232
0.011604
484.443
553.9807
0.000015
-400.7875
-536.3088
0.1922455
61.77298
301
true
true
true
4
245.7605
200.8627
278.3344
262.7879
200.8627
272.2447
264.4926
200.8627
278.1463
247.6107
200.8811
283.4432
202
true
true
true
4
135.1664
174.9713
358.7241
71.79498
178.7902
368.2688
52.11316
183.1662
450.9994
188.1906
184.6047
482.1212
250
true
true
true
5
-382.7336
182.6671
685.4922
58.71555
159.8524
366.7466
117.0161
177.4747
347.887
561.6901
0.1018448
649.71
164.8307
93.47647
658.1285
251
true
true
true
4
135.1664
174.9721
358.7242
71.79498
178.7902
368.2688
52.11316
183.1662
450.9994
188.1892
184.6005
482.1339
252
true
true
true
4
288.7729
209.7552
333.7618
272.2191
209.6028
340.1259
277.0302
209.6028
350.0802
292.0726
209.6028
343.7577
10000
true
true
true
4
22.83716
209.3313
132.9492
20.49561
209.1996
146.5273
3.949219
208.9809
147.5625
4.034424
209.21
132.5449
10001
true
true
true
11
-9.418449
208.2078
193.2658
-33.00918
208.3903
176.8363
-34.97308
208.7
124.2559
-15.90811
207.9349
103.875
1.784945
208.5239
99.60419
30.85464
208.8255
99.33829
42.90184
208.8145
105.5296
49.54856
208.76
114.3039
62.40302
208.7452
145.7508
51.80565
208.3811
178.6875
25.83189
208.2088
192.4074
400
true
true
true
4
123.5531
177.6301
370.4342
120.929
177.6153
368.9885
119.3687
177.6739
371.6384
122.1415
177.6207
373.0643
401
true
true
true
4
79.56361
180.6139
242.0406
77.8661
180.7629
239.3108
74.6252
180.5483
241.176
76.32377
180.624
243.8857
500
true
true
true
4
123.5531
177.6301
370.4342
120.929
177.6153
368.9885
119.3687
177.6739
371.6384
122.1415
177.6207
373.0643
600
true
true
true
4
143.2321
19.50168
282.6049
62.08937
51.06165
314.4634
49.39209
0.000015
239.3982
115.0503
14.01461
201.1542
601
true
true
true
4
143.2321
19.50168
282.6049
62.08937
51.06165
314.4634
49.39207
0.000015
239.3982
115.0503
14.01461
201.1542
402
true
true
true
4
79.56361
180.6139
242.0406
77.8661
180.7629
239.3108
74.6252
180.5483
241.176
76.32377
180.624
243.8857
701
true
true
true
7
123.3555
181.452
247.0526
90.28777
181.5585
228.9655
71.41661
180.6044
234.9049
65.31178
182.3235
273.504
73.50333
181.0173
288.877
111.9394
180.4767
292.1019
127.6637
180.0613
266.3401
702
true
true
true
7
123.3555
181.4521
247.0529
90.28772
181.5585
228.9656
71.41664
180.5559
234.9049
65.31178
182.3235
273.504
73.50284
181.0168
288.878
111.9228
180.4769
292.1025
127.6637
180.0613
266.3401
703
true
true
true
4
-189.3821
0
746.6276
549.3481
0.6187668
594.7971
615.8235
0
-189.8808
-125.6297
0
-131.7413
704
true
true
true
10
50.07584
209.1933
183.7531
1.791243
209.3313
200.4713
-25.5371
209.844
185.5773
-38.49506
209.5252
156.2065
-37.0775
209.4853
115.8385
-15.34205
209.4754
94.9374
27.85061
209.4654
92.00281
43.73882
209.4455
106.4141
59.95664
209.2074
128.7606
61.61199
209.3312
152.8542
900
true
true
true
4
72.71677
209.3314
185.9373
-37.91372
209.3314
197.7514
-49.88779
209.2014
59.75339
49.46202
209.3316
88.75738
901
true
true
true
4
72.71677
209.3316
185.9373
-37.91372
209.3313
197.7514
-49.88779
209.1966
59.75339
49.46202
209.1978
88.75738
800
true
true
true
4
42.65962
209.3313
179.8134
35.21661
209.3316
176.7245
38.98993
209.3314
168.9856
46.93312
209.3314
172.0654
801
true
true
true
4
42.65962
0
179.8134
35.21661
0
176.7245
38.98993
0
168.9856
46.93312
0
172.0654
10002
true
true
true
5
44.28173
209.0395
106.3668
49.94094
209.3313
113.9499
41.09072
209.1968
121.5594
22.23585
209.2049
100.1183
31.34502
209.205
98.84264
103
true
true
true
4
22.83716
209.3316
132.9492
20.49561
209.195
146.5273
3.949219
209.1969
147.5625
4.034424
209.3313
132.5449
10004
true
true
true
4
735.1639
173.3656
901.1602
-313.2719
209.3312
774.0414
-233.1272
209.3316
-35.87241
840.1672
209.3316
-374.5561
10005
true
true
true
4
245.7605
200.9185
278.3344
262.7879
200.8902
272.2447
264.4926
200.8628
278.1463
247.6107
200.8506
283.4432
123
true
true
true
4
98.09782
180.9088
273.3453
104.2191
180.9088
268.5864
168.3175
66.55676
299.9101
82.62448
100.6627
348.3247
124
true
true
true
4
98.09782
180.9088
273.3453
104.2191
180.9088
268.5864
168.3175
66.55676
299.9101
82.62448
100.6625
348.3247
125
true
true
true
4
89.1541
180.6352
264.0193
100.5725
180.5727
256.4203
105.1874
180.569
261.5723
91.38351
180.6624
272.3229
126
true
true
true
4
89.1541
180.6352
264.0193
100.5725
180.5727
256.4203
105.1874
180.569
261.5723
91.38356
180.6624
272.3225
130
true
true
true
7
123.3555
181.4521
247.0529
90.28772
181.5585
228.9656
71.41667
180.4933
234.9049
65.31178
182.3235
273.504
73.50284
181.0168
288.878
111.9218
180.4769
292.1029
127.6637
180.0613
266.3401
1200
true
true
true
4
245.7605
0
278.3344
262.7879
0
272.2447
264.4926
0
278.1463
247.6107
0
283.4432
111
true
true
true
5
-382.7336
0
685.4922
58.71555
159.8524
366.7466
117.0161
177.4747
347.887
561.6901
0
649.71
164.8307
0
658.1285
112
true
true
true
4
202.6498
121.9617
361.4598
17.48601
11.39661
341.5667
19.39233
191.7839
482.1489
213.9038
151.5565
504.6791
113
true
true
true
4
118.0838
180.4796
398.4445
117.9135
180.0094
394.6618
135.7152
178.8156
394.9517
135.4494
179.8123
398.7924
114
true
true
true
4
118.0836
180.4797
398.4445
117.9134
180.0094
394.662
135.715
178.8157
394.9521
135.4494
179.8123
398.7924
60410101
1
100
true
true
true
4
402.5299
25.44898
-66.19502
420.6559
16.41614
134.0023
299.1313
23.37001
155.8254
245.9116
34.14134
68.15825
60410102
1
100
true
true
true
4
392.5815
28.95654
-26.06676
397.0306
20.41979
149.228
327.4966
24.53689
164.1851
238.5933
27.94712
66.02101
60410103
1
100
true
true
true
4
480.6407
25.42106
-3.530693
508.6184
22.35161
126.3018
352.7336
18.84261
133.4128
354.4417
26.47645
11.749
60410104
1
100
true
true
true
4
532.64
26.13923
141.6676
497.2026
2.639406
234.1005
371.7271
16.62944
121.9837
408.679
23.92259
-24.41206
60410105
1
100
true
true
true
4
319.7162
19.3565
367.6555
325.4481
25.0442
167.9122
475.4105
16.90368
172.5305
493.9083
38.35005
275.067
60410106
7
100
true
true
true
4
348.2371
9.474107
402.9625
404.6218
17.64837
183.1982
567.8208
55.2485
373.637
451.5969
15.71326
530.8333
200
true
true
true
5
319.412
27.2141
396.9293
359.25
11.15639
269.7982
451.3055
10.02981
244.2501
627.262
33.11311
366.3569
512.978
-8.050964
467.4623
201
true
true
true
4
234.6102
22.51778
274.1198
489.1464
0.1728512
239.9803
679.9739
19.87848
412.7572
403.6295
27.25581
432.7245
202
true
true
true
4
360.5247
27.11663
457.2376
657.4581
0.2102051
478.7331
565.543
14.02448
296.6241
294.749
23.01474
250.1815
300
true
true
true
4
217.0745
13.38104
286.4493
269.0769
22.35301
407.4966
591.4801
8.144318
532.0933
544.9233
56.34418
225.4533
301
true
true
true
4
201.7312
11.83476
358.1364
481.4806
12.26796
186.8212
597.9464
46.4368
379.1092
418.9387
28.54812
475.421
102
true
true
true
4
440.2394
13.04003
330.8329
431.6609
12.99484
334.7937
429.8
12.48194
327.0017
440.0949
12.08829
322.2509
60410201
1
100
true
true
true
4
-35.6013
32.09167
501.7432
240.5456
36.98162
479.0978
235.478
-16.74101
327.0493
-36.4127
11.19775
364.0287
60410202
1
100
true
true
true
4
244.381
14.6459
146.3596
248.7661
11.30754
226.6198
131.9551
22.95531
256.5869
113.728
9.75095
158.8089
60410203
1
100
true
true
true
4
134.5309
2.030449
-16.68156
138.2316
-0.0295639
146.396
46.77395
7.412949
155.9472
40.33178
2.104111
-8.840645
60410204
1
100
true
true
true
4
150.4495
4.569485
255.3536
12.69622
12.3806
241.3359
-19.5543
-6.441238
10.44498
82.61017
29.15208
39.06888
60410205
1
100
true
true
true
4
377.3093
28.35261
361.6832
286.7442
28.21352
465.4221
220.0832
45.8752
435.0424
133.0258
-31.3377
292.2215
60410206
1
100
true
true
true
4
333.548
16.73546
440.4868
150.5469
36.42812
473.5013
136.2809
-28.56428
239.8702
417.6725
-5.342248
280.5361
60410207
1
100
true
true
true
4
139.7187
-1.686996
-15.49136
136.4777
0.039486
92.65722
68.30772
1.93556
93.7631
66.13377
-0.564476
-11.26195
60410208
1
100
true
true
true
4
259.4055
-3.897778
96.43649
29.11845
-0.8710942
101.699
35.32485
-3.953524
162.2286
252.4492
-3.896906
174.7785
60410209
1
100
true
true
true
6
452.9277
46.69844
433.5131
462.6187
44.12086
389.0266
412.7871
35.19209
371.4973
218.5827
13.80848
353.6833
199.9261
43.38541
463.4897
373.0536
43.9737
488.4117
60410210
1
100
true
true
true
6
384.205
6.762863
402.6719
420.4707
10.05603
291.1043
452.628
3.222855
293.4742
478.8997
15.77316
319.4677
477.9023
21.43401
393.7607
443.1065
18.15105
426.2633
60410301
1
100
true
true
true
4
51.21681
27.08381
244.4292
29.67795
29.0396
354.159
187.615
26.41929
359.0309
179.0155
26.53238
238.2524
60410302
1
100
true
true
true
4
-25.52616
18.22888
74.93183
79.75188
16.27689
73.05402
83.31689
7.622311
-9.003325
-15.31083
28.50479
-0.6024952
60410303
1
100
true
true
true
4
68.72634
7.679592
-47.72116
93.38983
0.2290573
89.49459
-32.47571
9.308357
71.80849
-42.04166
21.76437
-26.42758
60410304
1
100
true
true
true
4
87.43126
26.40305
252.9813
221.7146
22.23859
91.50748
326.6428
24.45846
174.6765
335.3912
24.77173
264.9734
60410305
1
100
true
true
true
4
227.4534
26.41928
338.4938
227.2999
26.41928
252.3998
170.4681
26.34479
247.2585
180.0953
27.71831
350.7443
60410306
1
100
true
true
true
4
-9.940715
-2.739994
-8.189487
38.6159
-2.077812
-4.815031
36.31128
6.630424
34.47728
-8.911621
5.142216
38.62498
60410307
1
100
true
true
true
4
319.7419
21.71566
98.41025
252.6804
20.27897
90.7746
295.8781
24.11568
229.1597
344.015
26.51863
210.3221
60410308
1
100
true
true
true
4
386.2424
53.79051
382.8518
489.6793
53.79051
386.5256
519.6857
33.65251
261.6846
395.7007
20.87699
272.701
60410309
1
100
true
true
true
4
381.2504
48.70933
326.5135
485.6338
51.31699
324.6128
584.3951
73.51651
470.7774
334.1492
49.0274
486.3734
60410310
1
100
true
true
true
4
183.6596
3.058048
79.70614
79.28474
0.5446771
80.39294
65.95856
6.811939
4.627792
203.3542
9.748501
11.00034
60410401
1
100
true
true
true
4
404.7469
160.3583
340.6425
482.9754
158.3872
350.4607
492.371
155.2964
177.6989
418.0387
141.3498
170.7859
60410402
1
100
true
true
true
4
337.1634
144.0539
258.1057
472.9482
141.3498
67.52409
358.7763
141.3498
-10.686
269.6973
141.1881
104.779
60410403
1
100
true
true
true
4
298.582
60.05537
392.8794
218.7122
60.07691
392.4318
161.4405
26.32571
545.4657
351.9897
57.12743
513.1659
60410404
1
100
true
true
true
4
294.016
30.58179
200.9852
175.7311
15.67933
295.5378
-45.51556
2.536709
104.5895
162.9926
27.96956
25.77682
60410405
1
100
true
true
true
4
429.1078
10.24973
274.2062
521.2309
17.64767
344.7032
473.0223
28.65318
496.1278
357.4057
14.9205
421.9175
60410406
1
100
true
true
true
4
173.0114
145.6347
294.3145
226.0587
144.5528
337.31
217.74
144.7914
450.371
62.74876
142.7904
318.4834
60410407
1
100
true
true
true
4
35.3774
152.3544
413.6864
132.4698
139.8819
229.1349
263.6973
156.2995
328.234
174.1121
144.7454
514.9911
60410408
1
100
true
true
true
4
356.1061
31.9869
350.0531
91.44612
53.45451
380.1663
81.72963
39.37671
265.0828
307.6965
39.98646
237.962
60410409
1
100
true
true
true
4
372.748
30.74899
144.9851
473.7917
29.78767
268.5208
280.5553
27.71249
409.6389
230.6185
40.68929
258.5362
60410410
1
100
true
true
true
4
350.28
28.90112
203.6597
401.5294
29.92314
273.0261
554.4691
31.15979
147.5562
467.9123
26.72719
76.05779
60410501
1
100
true
true
true
4
506.3977
9.888299
243.0318
383.8346
0
244.1598
367.0242
3.806967
113.4322
481.7703
33.88654
69.549
60410502
1
100
true
true
true
4
243.4646
18.99495
-70.95718
310.9845
18.37573
110.9959
252.894
8.528572
185.3385
72.11803
39.58924
90.42375
60410503
1
100
true
true
true
4
20.07315
43.31011
-23.84324
172.6049
1.554078
119.8849
90.10923
9.239343
249.7426
-95.08035
45.70321
157.8906
60410504
1
100
true
true
true
4
-61.18607
60.00732
591.3315
248.1755
0.002405
668.9079
118.7755
0
286.3271
-52.80004
60.15337
314.0201
60410505
1
100
true
true
true
4
124.6527
24.97447
451.0544
253.5789
57.37045
421.3284
275.1965
41.07306
287.0983
104.4536
0
221.338
60410506
1
100
true
true
true
4
252.6061
28.91721
233.74
384.3228
0
260.274
307.584
60.48389
406.7883
124.946
36.5165
388.0697
60410507
1
100
true
true
true
3
101.624
2.802251
5.691471
26.0001
2.71378
145.1166
-15.03387
2.802252
1.313219
60410508
1
100
true
true
true
4
166.4034
11.83436
167.5322
30.2155
16.26459
168.9772
41.3697
16.2646
51.7948
172.7927
16.2646
51.69931
60410509
1
100
true
true
true
4
157.2529
11.07369
332.7366
159.6566
11.83436
221.0297
303.0743
11.83436
216.6641
293.1505
16.26459
334.9536
60410510
1
100
true
true
true
4
356.6981
1.612747
531.0142
370.3355
0
373.3361
512.3015
45.24812
359.9957
519.7466
55.48207
472.5605
60410601
1
100
true
true
true
4
237.3785
43.44332
-28.18465
-31.21487
0
-19.26858
-55.53194
0
173.6038
214.6805
35.67556
156.9666
60410602
1
100
true
true
true
4
85.73068
49.70216
-5.84668
-18.06967
2.802253
-9.727976
-2.211666
31.8735
83.10942
92.69391
10.60118
99.46281
60410603
1
100
true
true
true
4
549.4562
43.44332
-42.99877
219.1917
67.47681
-29.23554
201.0134
34.39681
271.1119
595.4255
41.80368
240.7627
60410604
1
100
true
true
true
4
545.6791
43.44332
-59.9483
278.3031
57.66886
-15.49616
269.4846
20.00127
280.9818
577.4227
41.80368
265.9798
60410605
1
100
true
true
true
4
608.4918
55.08554
148.1489
-93.6819
43.34055
154.4787
-142.3737
23.27462
284.6005
671.0387
52.42638
315.7303
60410606
1
100
true
true
true
4
315.915
20.00127
263.9713
-112.4718
43.34055
289.4992
-70.77959
23.27462
570.1989
269.0048
45.89143
544.6177
60410607
1
100
true
true
true
4
215.0565
43.44332
49.36865
80.56886
0
-30.97743
-20.52005
0
172.9107
78.83804
0
306.8357
60410608
1
100
true
true
true
4
227.36
43.44332
114.0545
8.016129
0
167.325
58.70448
0
278.4918
261.8109
0
251.221
60410609
1
100
true
true
true
4
629.5807
41.10328
210.4893
300.265
42.40241
198.6923
312.7244
23.27462
581.9733
662.0693
45.89143
603.5355
60410610
1
100
true
true
true
4
629.5807
41.10328
210.4893
300.265
42.40241
198.6923
312.7244
23.27462
581.9733
662.0693
45.89143
603.5355
60410701
1
100
true
true
true
4
322.0768
74.54945
624.9088
298.1368
24.0788
-148.8657
519.5397
46.05463
-12.51868
518.1087
43.30557
456.821
60410702
1
100
true
true
true
4
237.8751
20.83394
208.8757
241.4373
39.70667
141.5057
293.9752
44.53635
147.1373
291.9657
39.48457
205.4186
60410703
1
100
true
true
true
4
-109.2908
83.06843
523.0716
-83.36609
48.3829
104.4837
190.1711
25.43684
98.68451
175.8477
86.27784
593.2573
60410704
1
100
true
true
true
4
355.1625
20.26502
572.7421
321.0123
26.87269
287.8264
546.3501
13.22031
256.4644
538.3533
32.05775
546.6805
60417001
1
100
true
true
true
3
469.3625
21.6664
430.5153
463.5475
11.41482
317.6773
384.2101
6.103948
401.755
60420001
1
1
true
true
true
3
90.57872
40.80529
63.04931
68.68219
36.22124
41.86551
96.15276
38.73591
39.78551
60422001
10
1
true
true
true
4
64.34343
-7.101511
15.18049
56.64872
-7.092914
-23.98126
91.37037
-7.101506
-24.59315
90.40282
-7.101511
17.73617
2
true
true
true
6
-9.004492
-4.273866
-4.597333
-9.281403
-4.273867
4.67045
3.112305
-4.27387
22.9225
91.67161
-7.101511
15.65219
91.53628
-7.101507
-20.39665
1.432871
-4.186295
-26.6644
3
true
true
true
6
-156.7016
-23.62003
-16.2128
-160.1483
-23.62003
11.11595
-176.0268
-23.62004
49.88739
89.30554
-7.101511
14.20939
88.27863
-7.101507
-22.06692
-182.7849
-23.62002
-55.69051
4
true
true
true
4
3.921837
-4.273869
15.4476
34.6649
-4.273869
15.45959
34.58248
-4.273865
-14.09383
4.124388
-4.168694
-15.79717
5
true
true
true
3
-135.4424
-23.62003
-8.028846
-133.9045
-23.62003
5.938086
-120.8611
-23.62003
-2.953961
11
true
true
true
4
-290.7181
-7.10151
7.132067
-290.6561
-7.101508
-6.353041
-316.0276
-7.101508
-12.46877
-315.8585
-7.101511
11.38187
12
true
true
true
6
-187.3672
-23.62003
-11.25269
-242.6998
-4.273863
-26.07225
-318.7532
-7.101507
-17.14122
-318.888
-7.101511
15.18525
-244.5197
-4.27387
23.27209
-188.036
-23.62003
12.80704
13
true
true
true
6
-88.79245
-8.290462
-7.26382
-89.12241
-7.939351
10.55535
-69.31193
-9.554499
43.39861
-320.4535
-7.101511
16.77824
-320.3982
-7.101507
-17.92911
-43.18331
-23.62003
-37.12325
14
true
true
true
4
-232.9014
-4.000788
13.04142
-231.3176
-4.000801
-12.81664
-264.5079
-4.000801
-12.68679
-264.3907
-4.000788
13.58148
101
true
true
true
6
-322.2874
-7.101506
-23.56046
-322.3693
-7.101511
16.18324
-104.6123
-23.62004
69.6027
92.51225
-7.101511
15.30339
89.63103
-7.101506
-23.00509
-116.0551
-23.62003
-49.96364
60440001
27
1
false
false
true
4
12.63657
0.4479085
39.03525
40.06024
0.4479052
66.43511
67.21375
0.4479085
39.38965
40.02962
0.4479114
12.56482
2
false
false
true
3
42.9562
0.577047
34.94678
374.3396
141.3498
177.8445
-72.53705
141.3498
114.6195
3
false
false
true
3
189.7894
-3.964172
127.2875
184.3725
-4.277362
122.1053
183.9145
-4.277363
132.5094
11
true
true
true
3
114.0561
-1.450623
130.6087
114.0553
-1.429472
129.2214
113.4934
-1.422437
129.8572
12
true
true
true
3
114.0083
-1.24352
126.71
113.9769
-1.226576
125.3309
113.5065
-1.251846
126.041
21
true
true
true
3
111.9433
-1.473777
130.6137
111.9052
-1.443841
129.2262
111.4557
-1.463859
129.9323
22
true
true
true
3
111.9557
-1.386947
126.7347
111.9764
-1.351808
125.3401
111.5033
-1.37762
126.0085
31
true
true
true
3
109.9285
-1.385653
126.7419
110.014
-1.366724
125.3318
109.5542
-1.365253
126.1337
32
true
true
true
3
109.954
-1.44532
130.6104
109.9533
-1.42428
129.23
109.4489
-1.420388
129.9601
41
true
true
true
3
107.9186
-1.326613
130.6065
107.9308
-1.305949
129.2249
107.3548
-1.268425
129.9135
42
true
true
true
3
107.9112
-1.265518
126.7534
107.9816
-1.249207
125.3373
107.3494
-1.222537
126.0952
51
true
true
true
3
105.8129
-1.207474
130.6195
105.8519
-1.203253
129.2247
105.2158
-1.189842
129.9088
52
true
true
true
3
105.9353
-1.192451
125.7468
105.9991
-1.188707
124.3439
105.2891
-1.177135
125.1524
61
true
true
true
3
103.9417
-1.118165
130.6953
103.9627
-1.11666
129.0655
103.3929
-1.089616
129.7474
62
true
true
true
3
103.8732
-1.118739
125.76
103.8813
-1.122892
124.3655
103.504
-1.097914
125.1024
71
true
true
true
3
101.9309
-1.123082
131.7126
101.8587
-1.072767
129.2048
101.2693
-1.133662
130.5101
72
true
true
true
3
101.2476
-1.047012
125.7587
101.29
-0.9888618
123.3344
100.4172
-0.985044
124.4844
101
true
true
true
3
119.7288
-0.9287057
130.554
119.7645
-0.9287055
129.1725
119.0025
-0.9287055
129.9085
102
true
true
true
3
119.6663
-0.9287052
127.0094
119.6983
-0.9287047
125.3631
118.6706
-0.9287052
126.1712
111
true
true
true
3
117.0825
-0.9287055
130.7875
117.1275
-0.9287057
128.8699
115.617
-1.229639
129.8299
112
true
true
true
3
117.1323
-0.9287052
127.3207
117.1597
-0.9287052
125.6037
115.8408
-1.177542
126.4292
121
true
true
true
3
128.9558
-0.8456583
130.5994
129.0079
-0.8456588
128.7756
128.2005
-0.8456585
129.5908
122
true
true
true
3
128.8068
-0.8456581
127.045
128.8535
-0.8456581
125.5465
128.0433
-0.8456581
126.3103
131
true
true
true
3
122.5141
-0.9176917
130.4672
122.6275
-0.9158967
128.2272
121.776
-0.9287055
129.2688
132
true
true
true
3
122.5702
-0.9173524
127.0499
122.6346
-0.9149463
125.5441
121.9458
-0.928705
126.291
81
true
true
true
3
131.0421
-0.8456585
131.3191
131.1259
-0.8456583
129.0593
130.3351
-0.8456585
130.1617
82
true
true
true
3
131.0665
-0.8456581
126.6872
131.0744
-0.8456581
125.2512
130.4193
-0.8456578
126.0193
60441001
6
1
false
false
true
8
119.9292
32.57976
114.3897
112.7514
32.5912
105.1246
75.90507
49.42756
111.2612
58.34142
32.57976
136.5168
65.3951
32.57976
150.5575
82.07983
32.57976
155.365
108.4748
32.81104
153.9811
119.3765
33.45
139.2054
2
false
false
true
3
91.46414
32.64544
131.2866
89.62817
32.64544
128.6715
89.10593
32.64544
131.3512
3
false
false
true
3
102.1902
32.64543
124.5694
98.93704
32.64544
119.4941
98.25495
32.64543
124.1203
11
true
true
true
4
106.8929
32.64544
130.9156
96.08906
32.64544
134.7562
92.90062
32.64544
130.9929
103.5143
32.64544
126.4829
12
true
true
true
3
101.7438
32.64544
122.6
90.82431
32.64544
123.6059
96.67609
32.64544
116.8001
13
true
true
true
4
91.43813
32.64544
132.3585
85.92828
32.64545
129.7316
88.86714
32.64545
124.8911
94.52307
32.64544
129.1288
60442001
3
1
false
false
true
4
186.6782
36.98408
181.7388
218.0501
37.22299
182.5965
217.3302
37.15783
208.5195
189.2409
36.98408
211.1328
2
false
false
true
3
204.5159
37.22325
203.1796
203.785
37.40256
200.5026
207.164
37.40248
199.8407
3
false
false
true
3
200.2623
37.40264
190.651
203.0999
37.40258
187.6881
197.0796
37.22342
188.4786
60443001
3
1
false
false
true
4
450.9709
65.19994
68.30582
405.6268
67.3752
70.60588
414.0175
67.70286
20.6803
448.0929
66.5884
22.18959
2
false
false
true
3
425.8038
62.46045
50.02374
419.3351
63.78717
50.72859
425.2607
63.10531
54.25276
3
false
false
true
3
449.7776
65.13944
51.09915
445.974
65.02581
50.09373
449.9318
64.74384
46.26794
60444001
3
1
false
false
true
4
223.6497
50
56.80054
204.2927
49.98174
59.89295
200.4878
50
43.55525
223.6401
50
43.2801
2
false
false
true
3
216.1931
50
53.07137
214.7539
50
53.98207
214.0649
50
52.14565
3
false
false
true
3
213.5995
50
45.24911
216.0876
50
45.5032
214.8652
50
46.59559
60445001
4
1
false
false
true
4
97.80803
-25.90001
181.1525
93.29106
-25.9
125.7918
165.1915
-25.9
127.0815
160.2537
-25.90001
182.0987
2
false
false
true
3
130.6107
-25.9
165.9395
126.7991
-25.90001
168.6399
133.3997
-25.90001
169.4649
3
false
false
true
3
137.4919
-25.9
154.2571
128.0965
-25.9
152.8135
132.9983
-25.9
158.7129
11
true
true
true
4
140.791
-25.9
153.7628
141.5778
-25.9
166.6569
124.0992
-25.9
165.9503
124.2222
-25.9
153.2617
60446001
4
1
false
false
true
4
137.533
-4.004291
142.9437
171.1204
-4.004291
141.8196
170.7873
-4.004288
113.9781
138.316
-4.004287
112.1471
2
false
false
true
3
164.1304
-4.004289
124.8707
163.714
-4.004289
129.2807
167.7157
-4.004289
127.5975
3
false
false
true
3
149.5095
-4.004289
124.5978
149.5234
-4.00429
130.1625
144.5815
-4.004289
128.2144
11
true
true
true
4
168.8271
-4.004288
117.1195
167.1141
-4.004291
141.3287
139.8487
-4.004291
139.8565
140.2408
-4.004288
116.9141
60450001
3
1
true
true
true
8
248.2306
40.66966
314.4077
248.3975
40.66966
292.0005
235.4126
40.66966
281.2561
216.5304
40.66965
283.6072
207.041
40.66965
298.0772
207.3746
40.66965
312.7065
221.5014
40.66965
325.5539
234.2933
40.66966
326.1521
2
true
true
true
3
223.6519
40.51849
296.9206
223.0556
40.53468
301.4397
227.7853
40.66966
297.5385
3
true
true
true
3
229.5537
40.66966
299.9967
224.323
40.66965
305.746
229.6301
40.66966
305.923
60450002
3
1
true
true
true
4
224.0874
50
43.39991
219.7191
50
61.35455
204.4719
49.99248
60.02286
197.5603
50
39.83748
2
true
true
true
3
215.1178
50
56.04453
213.2584
50
56.14227
212.9473
50
55.04218
3
true
true
true
3
218.4514
50
47.23789
218.9253
50
48.76463
216.9629
50
47.96442
60450003
3
1
true
true
true
4
431.3604
10.4257
268.3628
406.3867
11.37124
296.4539
364.6923
11.3826
263.889
387.7814
10.65084
231.7416
2
true
true
true
3
414.7441
11.17654
270.5487
412.5478
11.05948
275.0576
411.3262
11.25443
270.4958
3
true
true
true
3
392.3997
11.38528
270.6667
393.4095
11.38528
273.1847
390.8809
11.38528
270.5136
60450004
3
1
true
true
true
4
220.7774
35.68552
103.7706
215.8924
35.18673
130.0855
189.1906
34.26253
128.4094
194.2176
34.5608
99.00209
2
true
true
true
3
206.5977
33.50938
124.1049
208.6464
33.54057
123.6245
208.801
33.49887
124.5999
3
true
true
true
3
206.462
34.50347
114.5904
207.8839
34.36234
116.2847
204.5136
34.17625
116.2412
60450005
3
1
true
true
true
4
41.69135
6.103046
123.2265
59.9349
10.6737
105.214
79.48085
7.131095
115.5932
61.55083
4.622694
139.2194
2
true
true
true
3
66.42241
8.924514
117.29
65.37135
8.250076
120.0871
67.43671
7.929449
119.9618
3
true
true
true
3
62.92555
6.791115
125.0218
65.23238
6.002926
127.0254
63.34935
6.017136
127.4688
60450006
3
1
true
true
true
4
410.6338
16.9445
68.68923
412.6364
16.61326
46.04692
431.9302
16.61785
46.09951
435.9289
16.61326
71.38689
2
true
true
true
3
417.1898
16.96118
58.9263
417.2869
16.96118
57.02852
416.094
16.96118
57.6497
3
true
true
true
3
428.4281
16.61326
60.78961
427.046
16.61326
63.39088
425.6576
16.61326
61.56648
60455001
3
1
true
true
true
7
302.3535
390.6724
235.7205
308.0815
390.6773
226.623
322.2167
390.6705
223.9133
332.0614
390.6765
234.2015
327.2978
390.5029
251.8222
313.6195
390.6709
254.9263
304.0309
390.674
247.8605
2
true
true
true
3
317.7341
390.8056
239.7972
315.7918
390.8056
239.4894
316.7846
390.8056
241.4614
3
true
true
true
3
316.5829
390.8056
236.5689
316.8091
390.8056
235.3846
318.201
390.8056
236.0142
60460001
21
1
true
true
true
4
165.1898
26.54606
274.606
177.8845
26.54606
274.198
177.8264
26.54604
260.8191
165.4321
26.54606
260.6743
11
true
true
true
4
259.0879
26.54607
343.9007
259.1813
26.54607
357.5793
244.754
26.54607
357.4569
245.3768
26.54607
343.9007
21
true
true
true
4
82.09444
26.54607
343.9007
80.92062
26.41929
358.0971
90.56128
26.54607
357.3664
91.23422
26.54607
344.8946
2
true
true
true
4
178.0645
26.54606
282.7999
178.0715
26.54606
290.8918
164.9764
26.54606
291.1611
165.3115
26.54606
283.345
3
true
true
true
4
177.6728
26.54606
295.9652
177.6924
26.54607
305.0015
164.9048
26.54605
305.4845
164.9532
26.54606
296.1175
5
true
true
true
4
177.2365
26.54607
338.8341
177.1243
26.54607
328.6946
166.5841
26.54606
328.2635
166.745
26.54607
338.7616
14
true
true
true
4
201.6157
26.54607
358.1233
201.728
26.54607
344.4095
194.7581
26.54607
344.5314
194.6348
26.54607
357.7948
15
true
true
true
4
182.8843
26.54607
344.257
191.8885
26.54607
344.723
191.5295
26.54607
358.1682
182.3898
26.66175
358.3952
25
true
true
true
4
159.2981
26.54607
356.9225
149.2645
26.54607
356.5515
150.3073
26.54607
345.0016
159.4022
26.54607
344.963
101
true
true
true
4
68.94102
28.02366
242.0148
273.5164
26.41154
241.7824
279.9768
28.37125
375.5378
61.16788
26.44673
373.3547
4
true
true
true
4
177.6143
26.54607
314.4795
165.3166
26.54606
314.4554
165.5376
26.54607
324.5024
177.227
26.54607
324.3691
12
true
true
true
4
221.9998
26.54607
344.6404
232.3881
26.54607
344.6649
233.3286
26.54607
357.6295
222.4509
26.54607
357.5737
13
true
true
true
4
204.6833
26.54607
357.7101
205
26.54607
345.437
214.8364
26.54607
345.5423
215.534
26.54607
357.4378
22
true
true
true
4
96.53704
26.54607
356.052
96.86673
26.54607
344.8633
107.1219
26.54607
343.7889
106.7679
26.54607
356.8587
23
true
true
true
4
114.6578
26.54607
357.3812
114.9879
26.54607
344.0457
125.0272
26.54607
343.7122
125.5947
26.54607
357.2219
24
true
true
true
4
133.7057
26.54607
357.0463
133.7676
26.54607
346.3239
145.6237
26.54607
344.7383
144.6446
26.54607
356.4428
31
true
true
true
4
144.2793
26.41928
282.852
95.42398
26.41927
284.9808
95.77573
26.41927
273.8822
143.2481
26.41927
270.8214
32
true
true
true
4
194.9513
26.41927
273.4255
249.7572
26.41928
275.429
250.1629
26.41928
287.4188
194.914
26.41928
285.2338
33
true
true
true
4
126.2712
26.69158
326.1093
115.1124
26.69159
326.3088
117.1202
26.69157
281.3639
126.2014
26.69157
281.4817
34
true
true
true
4
153.0066
26.47636
325.3954
132.6399
26.47636
325.7094
132.7876
26.47636
317.4901
152.6901
26.47636
317.5092
35
true
true
true
4
215.4265
26.41928
290.4971
215.3568
26.69157
274.8793
246.6998
26.41928
276.2575
247.8764
26.41927
291.1578
60470001
5
1
true
true
true
4
31.06528
209.6028
113.148
91.19987
209.6028
246.4068
214.9699
209.6028
231.1143
141.3945
209.6028
69.76447
101
true
true
true
4
114.3739
209.6029
166.2804
111.7334
209.6028
160.0273
128.5691
209.6028
150.6167
131.1497
209.6028
160.1355
102
true
true
true
4
131.2943
209.6028
125.0032
126.7498
209.6028
126.2289
131.2075
209.6028
138.7499
136.4939
209.6028
137.09
103
true
true
true
4
106.9131
209.6672
112.1404
102.5089
209.6672
113.6718
100.8027
209.6673
108.263
104.3626
209.6673
106.8114
104
true
true
true
4
87.31035
209.6028
137.115
92.77792
209.6028
154.5093
98.94501
209.6028
148.5526
93.70835
209.6028
134.8278
60480001
3
1
true
true
true
3
141.0677
61.80747
71.84258
27.45338
38.42403
-3.119362
24.04719
40.80529
179.0476
2
true
true
true
4
87.8438
40.80529
60.00756
102.2463
38.1855
44.77348
86.35592
37.96798
34.31209
77.40683
40.80529
48.49845
3
true
true
true
4
38.92595
38.68039
39.71021
51.22195
38.81762
45.88882
45.85369
40.55427
57.65445
29.4256
38.17134
53.67912
60481002
16
1
true
true
true
4
423.8806
-7.098318
220.3936
425.3599
-7.101511
263.1688
458.4957
-7.101511
263.1432
457.1695
-7.101506
218.316
2
true
true
true
6
460.3622
-7.101511
261.964
459.8764
-7.101506
218.0206
392.0092
-4.273862
207.9775
357.9485
-4.26178
207.6913
359.4352
-4.273871
285.067
397.85
-4.273871
281.0064
3
true
true
true
6
456.5063
-7.101511
261.3813
460.305
-7.101506
218.2482
336.7038
-23.62002
186.0749
277.1021
-23.62002
184.4546
274.8682
-23.62004
311.236
341.9937
-23.62004
302.4314
5
true
true
true
4
369.3142
-4.000795
261.4301
370.1483
-4.000792
229.0498
402.5554
-4.000792
233.287
402.1676
-4.000795
261.3151
6
true
true
true
4
333.6624
-1.159019
250.9423
333.5904
-0.9883857
239.4181
297.2619
-7.0685
240.5872
297.0823
-7.185889
251.3161
11
true
true
true
4
45.69043
-7.101511
262.4811
45.78748
-7.101506
218.3042
80.58374
-7.090092
219.0549
80.64291
-7.101511
262.8399
12
true
true
true
4
47.29599
-7.101511
262.7371
46.47208
-7.101506
218.0891
148.675
-4.267439
205.5867
147.4869
-4.273871
285.1774
13
true
true
true
4
45.68924
-7.101511
262.076
49.71872
-7.101506
219.8899
232.1896
-23.62002
184.0807
235.5516
-23.62004
314.4093
14
true
true
true
4
48.40216
-7.101506
218.3883
47.23401
-7.101511
262.4544
294.7923
-23.62004
311.2693
297.7709
-23.62002
185.1772
101
true
true
true
6
46.82666
-7.101506
219.144
46.48666
-7.101511
262.7552
252.5732
-23.62004
314.3752
460.5634
-7.101511
263.2955
460.4678
-7.101506
217.9367
249.3848
-23.62002
184.4942
102
true
true
true
3
250.6946
-8.391612
245.6065
254.5818
-8.391612
250.4735
248.5018
-8.391612
250.8155
4
true
true
true
6
226.237
-23.62002
188.4406
221.7803
-23.62004
306.6738
311.9165
-23.62004
307.9915
460.5769
-7.101511
259.1274
459.8661
-7.101506
221.7736
299.2637
-23.62002
185.6696
15
true
true
true
4
134.9474
-4.174407
230.7729
134.041
-4.273869
260.7538
103.8387
-4.273869
262.3897
103.8471
-4.273865
231.7464
16
true
true
true
4
170.505
-23.62003
238.102
227.3897
-23.62003
234.3574
224.3108
-23.62003
255.8249
170.9667
-23.62003
251.7099
7
true
true
true
4
286.8373
-8.228777
241.1491
286.9808
-8.205273
254.4342
303.2574
-5.534082
255.4678
303.8093
-5.411097
240.4976
17
true
true
true
4
205.4172
-8.66671
238.9183
204.5036
-8.831715
254.8147
223.7167
-8.949477
254.1028
224.5299
-8.707947
240.2315
60490211
1
100
true
true
true
4
348.2371
9.474058
402.9625
404.6218
17.64836
183.1982
567.8208
55.2485
373.637
451.5969
15.71326
530.8333
60490212
1
100
true
true
true
4
348.2371
9.474058
402.9625
404.6218
17.64836
183.1982
567.8208
55.2485
373.637
451.5969
15.71326
530.8333
60490213
1
100
true
true
true
4
348.2371
9.474058
402.9625
404.6218
17.64836
183.1982
567.8208
55.2485
373.637
451.5969
15.71326
530.8333
60490221
1
100
true
true
true
4
259.4055
-3.897778
96.43649
29.11845
-0.8710942
101.699
35.32485
-3.953524
162.2286
252.4492
-3.896906
174.7785
60490222
1
100
true
true
true
4
259.4055
-3.897778
96.43649
29.11845
-0.8710942
101.699
35.32485
-3.953524
162.2286
252.4492
-3.896906
174.7785
60490223
1
100
true
true
true
4
259.4055
-3.897778
96.43649
29.11845
-0.8710942
101.699
35.32485
-3.953524
162.2286
252.4492
-3.896906
174.7785
60490231
1
100
true
true
true
4
68.72634
7.679592
-47.72116
83.74871
0.2290573
102.1915
-33.13522
9.308357
79.01207
-42.04166
21.76437
-26.42758
60490232
1
100
true
true
true
4
68.72634
7.679592
-47.72116
87.07317
0.2290573
95.62839
-30.17889
9.308357
97.34354
-42.04166
21.76437
-26.42758
60490233
1
100
true
true
true
4
68.72634
7.679592
-47.72116
86.48703
0.2290573
95.08553
-28.80611
9.308357
84.05907
-42.04166
21.76437
-26.42758
60490241
1
100
true
true
true
4
298.582
60.05537
392.8794
218.7122
60.07691
392.4318
161.4405
26.32571
545.4657
351.9897
57.12743
513.1659
60490242
1
100
true
true
true
4
298.582
60.05537
392.8794
218.7122
60.07691
392.4318
161.4405
26.32571
545.4657
351.9897
57.12743
513.1659
60490243
1
100
true
true
true
4
298.582
60.05537
392.8794
218.7122
60.07691
392.4318
161.4405
26.32571
545.4657
351.9897
57.12743
513.1659
60490251
1
100
true
true
true
4
506.3977
9.888298
243.0318
383.8346
0
244.1598
367.0242
3.807047
113.4322
481.7703
33.88655
69.549
60490252
1
100
true
true
true
4
506.3977
9.888298
243.0318
383.8346
0
244.1598
367.0242
3.807047
113.4322
481.7703
33.88655
69.549
60490253
1
100
true
true
true
4
506.3977
9.888298
243.0318
383.8346
0
244.1598
367.0242
3.807047
113.4322
481.7703
33.88655
69.549
60490261
1
100
true
true
true
4
157.2529
11.07369
332.7366
159.2711
11.83436
221.1633
303.0743
11.83436
216.6641
293.1505
16.26459
334.9536
60490262
1
100
true
true
true
4
157.2529
11.07369
332.7366
159.2012
11.83436
221.1872
303.0743
11.83436
216.6641
293.1505
16.26459
334.9536
60490263
1
100
true
true
true
4
157.2529
11.07369
332.7366
159.064
11.83436
221.235
303.0743
11.83436
216.6641
293.1505
16.26459
334.9536
60490301
1
100
true
true
true
4
139.0808
26.41928
327.5527
199.0959
26.41928
328.7353
195.2266
26.41928
278.1201
140.6697
26.41929
283.0254
60490302
1
100
true
true
true
4
129.2082
26.41929
358.5381
127.1089
26.31386
462.6404
190.0998
26.31386
464.7876
195.1013
26.41929
354.5627
60490303
1
100
true
true
true
4
107.4078
26.41928
321.2216
115.538
28.2478
385.9694
163.4572
28.2478
386.8661
161.5506
26.41928
318.9075
60490304
1
100
true
true
true
4
208.8193
41.98659
66.50978
191.4249
21.24634
155.7643
263.0607
44.99176
139.0035
258.9543
51.81009
71.43701
60490401
11
1
true
true
true
4
490.1958
4.146996
660.2936
489.6762
4.146998
639.1458
497.0053
4.146998
639.3848
497.1267
4.399508
661.1696
2
true
true
true
4
462.8595
4.146997
661.327
462.7491
4.256392
639.2883
475.703
4.146999
639.5501
476.1518
4.146997
660.9089
3
true
true
true
4
436.6473
4.399508
660.6056
436.6048
4.147001
638.5399
449.695
4.147001
638.5107
450.0793
4.399508
660.7433
4
true
true
true
4
434.411
4.42853
655.9706
422.9095
4.426072
656.8605
421.123
4.425735
646.3652
434.943
4.428563
646.2844
5
true
true
true
4
407.7308
8.009372
640.3013
408.7332
7.753078
659.5534
397.1725
10.70886
659.3965
396.9474
10.76639
639.9984
6
true
true
true
4
383.1926
14.28313
660.5541
383.2883
15.80303
639.2203
372.3047
17.0669
639.7288
373.0285
16.88183
659.4108
7
true
true
true
4
369.651
17.45786
641.9144
357.1493
17.45786
642.4645
357.5676
17.45786
659.3766
369.3654
17.45786
657.9948
8
true
true
true
4
355.8033
17.45786
639.7646
356.1306
17.71181
661.8664
348.1136
17.45786
661.1429
348.4007
17.45786
640.0213
9
true
true
true
4
347.1116
17.45786
660.2108
345.9683
17.45786
641.9145
336.346
17.45786
641.6418
335.4037
17.45786
659.851
10
true
true
true
4
311.7266
17.72541
647.15
311.8604
17.7256
652.7301
306.934
17.72513
652.9089
304.6782
17.72185
646.2332
0
true
true
true
4
189.4539
17.38201
716.5398
175.958
17.38209
574.2274
619.3828
4.361326
541.0906
627.8688
4.020866
770.5013
9001
1
1
true
true
true
20
474.7099
53.52209
428.9201
388.1174
30.93694
452.1858
322.7325
32.90219
485.4836
305.4082
30.54762
467.0197
206.7655
45.2224
457.7094
48.62318
17.17002
465.1966
-18.0842
-4.334056
425.673
39.54968
-18.85741
351.0518
67.51361
17.56916
157.1192
113.3277
41.49903
112.3608
141.4094
63.77459
56.73679
152.6085
34.98372
26.90981
204.8376
49.9651
17.68997
245.6745
39.55387
29.42009
312.2799
59.63196
13.48016
453.4292
66.94281
-0.5837326
492.5571
68.73427
43.55496
487.9426
69.39796
85.39317
465.6382
67.78652
95.55351
457.95
62.60687
317.7928
9002
1
1
true
true
true
15
322.293
40.13116
319.7891
279.2579
43.2806
319.4101
208.3705
55.62564
346.3356
125.7184
48.84122
333.2939
98.56908
65.57125
293.6269
125.9064
41.5314
50.53094
160.9864
8.951023
49.85396
218.6756
38.35595
76.94824
300.6266
54.33145
47.3194
357.9674
41.60327
99.29312
412.0206
31.72373
141.7084
415.9893
34.22366
177.2152
401.5781
40.50305
222.252
387.8984
39.77547
261.9941
335.6484
43.9606
295.0801
9003
1
1
true
true
true
16
317.767
37.47397
224.7734
333.6494
39.7374
168.1172
310.9462
37.81419
148.807
288.5023
36.85258
160.4519
277.8125
36.61218
191.875
229.0457
36.49198
178.1925
225.4738
36.37178
109.6005
263.9348
35.89098
25.66632
364.1172
42.56824
33.15625
434.9902
49.24551
30.84375
468.4114
62.60004
63.87402
475.0152
38.46271
436.8589
393.5027
34.29554
495.9883
382.8044
30.12836
472.4204
335.6469
33.80116
370.9375
352.0765
35.63757
272.5156
9005
1
1
true
true
true
7
217.5544
13.34559
213.5984
127.3137
4.209146
232.9894
21.34196
-4.927296
213.0541
19.60536
29.41301
78.18129
113.4176
49.19664
17.12523
242.6657
66.85923
18.70238
240.6416
40.10241
112.9099
9006
1
1
true
true
true
16
473.7651
55.66689
423.0469
278.2562
29.08363
445.9844
104.9283
26.3139
444.7969
68.28101
27.13795
477.2384
46.87354
26.3139
449.8203
38.71729
27.07758
403.7188
11.85889
29.12829
173.2188
16.19507
35.72352
46.67188
80.7981
32.90328
21.39063
156.418
29.34655
30.40625
240.9475
18.92686
69.95313
355.908
20.94689
39.22995
359.4403
21.14927
18.8609
469.7266
18.43783
22.64784
501.7505
20.82085
82.60938
499.5586
26.44422
272.4219
9008
1
1
true
true
true
9
517.2451
168
416.7344
459.9058
168
470.125
41.51791
168
477.0878
-18.89063
168
108.625
77.07568
168
47.46484
326.3495
168
31.63931
471.228
168
121.9214
473.2031
168
198.1563
509.4766
168
306.125
9011
1
1
true
true
true
14
502.4883
13.34559
474.0156
392.2515
8.777368
503.3359
337.303
6.493257
476.2344
88.54199
4.209146
477.4609
28.92114
-0.3590751
466.25
11.30029
-4.927296
404.6719
11.38794
12.24286
258.4688
13.9585
20.82793
10.96875
44.09644
29.41301
-6.640625
130.5151
39.30482
1.421875
351.2207
49.19664
10.57813
414.0979
58.02794
33.03125
488.1406
66.85923
107.5938
505.7068
40.10241
269.2656
9012
1
1
true
true
true
9
415.9858
48.95448
460.7625
101.0601
51.69493
456.1765
56.70776
43.30158
406.4219
51.53675
43.96129
290.9385
83.36064
55.19999
34.23709
231.5782
36.09389
18.80528
467.5143
55.69621
44.47779
471.465
31.80853
249.324
494.4426
64.00932
391.8312
9109
1
1
true
true
true
12
521.5317
-1.5
383.5189
764.099
-1.5
425.3935
863.5518
-1.5
591.213
864.2529
-1.5
719.1776
816.866
-1.5
854.1281
715.4989
-1.5
932.7121
516.0822
-1.5
945.1243
339.9004
-1.5
936.7977
228.5682
-1.5
868.2758
188.4828
-1.5
733.2917
192.3857
-1.5
602.1398
307.9984
-1.5
417.5199
99
5
1
true
true
true
4
-55.82521
0.5221069
-0.9174805
50.00393
0.5221102
-33.45238
130.8849
0.5221069
54.24661
51.8659
0.5221031
123.6902
101
true
true
true
4
18.43863
0.633459
44.55212
9.924852
0.5221055
46.2671
9.968443
0.5221073
32.95424
17.95641
0.5221073
33.84031
102
true
true
true
4
34.30032
0.6334581
61.81722
45.89508
0.633458
61.86684
44.57901
0.5221024
72.02266
33.40545
0.5221028
70.71415
103
true
true
true
4
46.35933
0.5221087
15.96919
34.82271
0.5221088
17.10024
34.75343
0.5221098
7.5952
44.84903
0.5221102
6.684151
104
true
true
true
4
62.64679
0.5221074
33.14719
61.51835
0.5221054
45.20699
73.11513
0.5221056
43.63404
72.85918
0.5221071
34.33703
9901
7
1
true
true
true
6
195.1591
0
171.7763
194.6591
0
172.6423
193.6591
0
172.6423
193.1591
0
171.7763
193.6591
0
170.9103
194.6591
0
170.9103
2
true
true
true
6
193.6094
0
191.863
192.6094
0
193.595
190.6094
0
193.595
189.6094
0
191.863
190.6094
0
190.1309
192.6094
0
190.1309
3
true
true
true
3
251.4835
0
277.058
249.9835
0
277.9241
249.9835
0
276.192
4
true
true
true
3
176.6546
0
208.535
175.1546
0
209.401
175.1546
0
207.669
5
true
true
true
3
211.8405
0
209.7519
210.3405
0
210.6179
210.3405
0
208.8858
6
true
true
true
3
176.7029
0
175.5811
175.2029
0
176.4472
175.2029
0
174.7151
7
true
true
true
6
244.6359
0
187.2695
243.1359
0
189.8675
240.1359
0
189.8675
238.6359
0
187.2695
240.1359
0
184.6714
243.1359
0
184.6714
