29
1
maincity_01
青云山
101
false
false
40
50
10
-1
10
1
2
206.79
300.7
-1
1
true
aaaaa
0
216
227
255
255
90
false
true
true
15
pet_02
1011
8
1
通往碧火天冰湖
4
184.26
169
207.88
43.96
33.45
0
1
true
0
0
7
通往大竹峰
5
193.59
40
452.24
41.13
420.15
-108.73
1
true
0
0
8
通往渝都
6
55.22
349
6.42
-4.27
421.21
-90
1
true
0
0
9
通往草庙村
3
404.45
462.54
322.4
26.4
465
0
1
true
0
0
6
通往青云后山
8
58.75
426.72
480.24
72.9
50.17
90
1
true
0
0
3
七脉会武传送阵
16
64.75
70.32
109.97
34.07
191.9
0
2
true
0
0
2
玉清殿
24
31.96
51.82
206.36
49.76
152.79
0
1
false
0
0
4
前往幻月洞
25
40.44
40.396
416.6
36.1
370.17
0
2
true
0
0
2
maincity_02
天音寺
102
false
false
40
50
4
-1
10
1
2
300
170
-1
1
true
aaaaa
0
226
227
222
255
90
false
true
true
90
pet_02
1021
1
1
通往渝都
6
310.1
335.56
390.77
33.62
161.21
0
2
true
0
0
3
maincity_03
草庙村
103
false
false
30
40
10
-1
10
1
2
405.14
242.59
-1
1
true
aaaaa
0
249
243
226
255
90
false
true
true
1
pet_02
1031
1
1
通往青云山
1
328.48
452.79
394.06
29.7
471.86
-40.8177
1
true
0
0
4
maincity_04
碧火天冰湖（地宫）
104
false
true
12
15
10
-1
10
1
2
178.25
166.67
-1
1
true
aaaaa
0
202
220
231
255
90
true
true
true
15
pet_02
1041
2
1
通往青云山
1
219.67
56.6
191.46
-25.9
167.74
0
2
true
0
0
2
通往炼血堂
19
201.39
127.52
71.1
-25.9
155.12
0
2
true
0
0
5
maincity_05
大竹峰
105
false
false
40
50
10
-1
10
1
2
202.24
153.34
-1
1
true
aaaaa
0
228
232
244
255
90
false
true
true
15
pet_02
1051
1
1
通往青云山
1
442.64
414.1
186.36
51.24
39.65
-90
1
false
0
0
6
maincity_06
渝都
106
false
false
40
50
8
-1
10
1
2
156.98
214.89
-1
1
true
aaaaa
0
244
243
233
255
90
false
true
true
30
pet_02
1061
9
1
通往青云山
1
19.95
423.3
42.25
27.02
347
-90
1
true
0
0
2
天牢
20
39
58
132.36
29.32
433
0
0
true
0
0
3
狐岐山
11
451.6
118
14.34
27.93
166.06
-90
1
true
0
0
4
观星崖
10
31.52
228.64
466.62
55.52
414.28
-90
1
true
0
0
5
万蝠古窟
15
400.93
319.6
66.32
27.1
468.4
-33.4
1
true
0
0
6
流波山
12
130
55.7
362.74
22.07
22.37
9.93
1
true
0
0
7
天音寺
2
381.51
167.7
319.4
26.32
294
0
2
true
0
0
8
锦绣坊
21
12.6
27.98
158.93
27.02
297.93
-90
1
false
0
0
9
山海苑
17
12.6
27.98
188.75
27.94
327.55
-52.875
1
false
0
0
7
maincity_07
河阳城
107
false
false
40
50
10
-1
10
1
2
100.56
95.82
-1
1
true
aaaaa
0
233
248
247
255
90
false
true
true
1
pet_02
1071
0
8
maincity_08
青云后山
2015
false
false
40
50
10
-1
10
1
2
217.77
172.06
-1
1
true
aaaaa
0
232
231
253
255
90
true
true
true
90
pet_02
1081
9
1
通往青云山
1
450.73
61.59
49.24
174.56
426
-90
1
true
0
0
3
跳至浮空石
8
98.56
266.34
114
178.35
349.3
0
2
true
1
9001
4
跳至青云山道
8
118.45
372
110.38
180.57
290.88
0
2
true
1
9010
5
跳至麒麟台
8
13.5
145.77
72.03
180.53
238.43
0
2
true
1
9012
6
跳至飞空石
8
98.56
266.34
40.7
210.36
182.23
0
2
true
1
9021
7
跳至青云山门
8
158.42
99.04
44.29
208.81
110.87
0
2
true
1
9023
8
前往诛仙剑台
8
488.55
384.13
388.85
176.87
151.74
0
2
true
1
9034
9
通往麒麟台
8
30.26
115.55
145.52
190.61
97.62
0
2
true
1
9032
10
通往剑冢
8
402.8
144.9
484.25
389.73
367.1
0
2
true
1
9043
10
maincity_10
观星崖（地宫）
110
false
true
20
30
8
-1
10
1
2
32.3
227.3
-1
1
true
aaaaa
0
231
244
255
255
90
true
true
true
30
pet_02
1101
1
1
通往渝都
6
448.69
412.53
29.65
35.45
233.7
0
1
true
0
0
11
maincity_11
狐岐山
111
false
false
40
50
4
-1
10
1
2
451.6
118
-1
1
true
aaaaa
0
255
249
236
255
90
true
true
true
60
pet_02
1111
2
2
通往狐岐山秘洞
23
98.89
51.84
260.29
58.17
441.96
0
2
true
0
0
1
通往渝都
6
19.82
164.81
476.42
10.94
105.67
-54.23
1
true
0
0
12
maincity_12
流波山
112
false
false
40
50
4
-1
10
1
2
187.37
272.34
-1
1
true
aaaaa
0
249
235
229
255
90
true
true
true
75
pet_02
1121
2
1
通往渝都
6
362
29.25
119.74
32.65
39.88
-147.33
1
true
0
0
2
通往黑石洞
13
167
67.31
67.38
42.85
180
-81.72
1
true
0
0
13
chapter_1_1
黑石洞（地宫）
201
false
true
40
50
4
-1
10
1
2
179
63
-1
1
true
aaaaa
0
240
219
217
255
90
true
true
true
75
pet_02
2011
2
1
通往流波山
12
88.81
173.96
174.64
43.98
56.02
-15.83
1
true
0
0
2
黑石洞入口
13
167
67.31
118.93
0.49
142.66
0
2
true
0
0
14
chapter_2_1
滴血洞（地宫）
202
false
true
40
50
6
-1
10
1
2
59.49
330.3
-1
1
true
aaaaa
0
219
208
205
255
90
true
true
true
45
pet_02
2021
2
1
通往万蝠古窟
15
101
379.64
51.03
30.89
335.75
0
2
true
0
0
2
跳至滴血洞入口
14
59.49
330.3
476.95
31.44
106.55
0
2
true
0
0
15
chapter_3_1
万蝠古窟
203
true
false
40
50
6
-1
10
1
2
400.6
319.38
-1
1
true
aaaaa
0
212
238
253
255
90
true
true
true
45
pet_02
2031
13
1
通往渝都
6
71.44
457.59
401.82
161.49
347.76
0
1
true
0
0
2
滴血洞
14
59.49
330.3
81.64
150.52
382.41
-75.12
1
true
0
0
3
浮空平台
15
133.58
124.71
166.15
135.77
148.2
0
2
false
1
4501
4
浮空平台4
15
120.89
221.54
146.22
137.08
168.27
0
2
true
1
4504
5
大幻境平台
15
174.85
180.11
151.41
138.92
125.71
0
2
false
1
4510
6
浮空平台2
15
67.58
124.23
121.41
139.67
109.87
0
2
false
1
4512
7
浮空平台
15
132.23
124.03
73.71
135.5
107.12
0
2
false
1
4521
8
浮空平台3
15
87.87
191.39
79.72
134.9
137.02
0
2
false
1
4523
9
浮空平台2
15
67.58
124.23
71.31
145.88
173.32
0
2
false
1
4532
10
浮空平台4
15
120.89
221.54
89.82
144.78
204.22
0
2
false
1
4534
11
浮空平台3
15
87.87
180.72
106.13
140.44
215.72
0
2
false
1
4543
12
大幻境平台
15
174.85
180.11
135.32
139.45
211.8
0
2
false
1
4540
13
掉落死灵渊
15
395.73
256.08
395.15
158.6
280.9
0
2
true
0
0
16
chapter_4_1
擂台
2015
false
false
40
50
10
-1
10
1
2
64.75
70.32
-1
1
true
aaaaa
0
216
232
249
255
90
true
true
true
1
pet_02
2041
1
1
通往青云山
1
134.29
192.18
64.42
41.61
93.66
-0.691
1
true
0
0
17
chapter_5_1
酒楼大厅
2015
true
false
40
50
10
-1
10
1
1
12.6
27.98
-1
1
true
aaaaa
0
238
222
215
255
90
false
true
true
30
pet_02
2051
1
1
通往渝都
6
179.93
333.79
4.12
20.6
28.06
-90
1
true
0
0
18
chapter_6_1
酒楼客房
2015
true
false
40
50
10
-1
10
1
1
5.14
4.167
-1
1
true
aaaaa
0
229
212
224
255
90
false
true
true
30
pet_02
2061
0
19
chapter_7_1
炼血堂（地宫）
119
false
true
10
15
10
-1
10
1
2
201.39
127.52
-1
1
true
aaaaa
0
182
198
214
255
90
true
true
true
1
pet_02
2071
1
1
通往碧火冰天湖
4
76.82
155.64
224.27
-6.79
125.01
-90
1
true
0
0
20
chapter_8_1
天牢
2015
true
false
40
50
10
-1
10
1
1
39
58
-1
1
true
aaaaa
0
210
213
234
255
90
false
true
true
30
pet_02
2081
1
1
通往渝都
6
131.89
428.29
39.05
5.42
68.94
0
1
true
0
0
21
chapter_5_1
锦绣坊
2015
false
false
40
50
10
-1
10
1
1
12.6
27.98
-1
1
true
aaaaa
0
238
222
215
255
90
false
true
true
30
pet_02
2051
1
1
通往渝都
6
165.31
294.07
4.12
20.6
28.06
-90
1
true
0
0
22
chapter_9_1
仙府
209
false
false
40
50
10
-1
10
1
2
517.9
650
-1
1
true
aaaaa
0
255
246
249
255
90
false
true
true
90
pet_02
1
0
23
chapter_10_1
狐岐山秘洞（地宫）
210
false
true
40
50
4
-1
10
1
2
98.89
51.84
-1
1
true
aaaaa
0
197
223
220
255
90
false
true
true
60
pet_02
2101
1
1
通往狐岐山
11
260.45
403.87
98.66
20.3
40.5
0
1
true
0
0
24
chapter_11_1
玉清殿
211
true
false
40
50
10
-1
10
1
2
31.89
49.98
-1
1
true
aaaaa
0
220
227
251
255
90
false
true
true
1
pet_02
2111
1
1
通往青云山
1
206.45
163.36
0
0
0
0
0
false
0
0
25
chapter_12_1
幻月洞
2015
true
false
15
20
20
-1
10
1
2
40.44
40.396
-1
1
true
aaaaa
0
211
203
255
255
-90
false
true
true
1
pet_02
2121
1
1
通往青云山
1
413.3
381.74
73.57
0.522
38.61
0
2
false
0
0
26
chapter_13_1
天帝宝库竞技场
2015
false
false
40
50
10
-1
10
1
2
430.42
245.42
-1
1
true
aaaaa
0
255
234
248
255
90
false
true
true
1
pet_02
1
0
27
chapter_4_1
金钱本
2015
false
false
40
50
10
-1
10
1
2
64.75
70.32
-1
1
true
aaaaa
0
216
232
249
255
90
true
true
true
1
pet_02
1
0
31
chapter_14_1
后山大殿
2015
false
false
40
50
10
-1
10
1
2
114.7
137.54
-1
1
true
aaaaa
0
215
228
238
255
90
false
true
true
1
pet_02
1
0
32
chapter_15_1
诛仙剑台
2015
false
false
40
50
10
-1
10
1
2
316.31
239.26
-1
1
true
aaaaa
0
192
191
206
255
90
false
true
true
1
pet_02
1
0
100
login
登陆界面
2015
false
false
1
1
1
-1
10
1
2
0
0
-1
1
true
aaaaa
0
0
0
0
0
90
true
true
true
1
pet_02
1
0
