6
60440001
12
4
金钱副本
击败出现怪物，获得大量金钱！
奖励大量金钱
Texture_Activity_16
3
11200001
11200002
11200003
1
15
15-29
10000
6
cfg.cmd.action.Item
10400015
1
0.2
cfg.cmd.action.Item
10400014
1
0.2
cfg.cmd.action.Item
10800004
1
0.2
cfg.cmd.action.Item
10800005
1
0.2
cfg.cmd.action.Item
10800006
1
0.1
cfg.cmd.action.BindYuanBao
5
0.1
1
在限定时间内，对招财猫造成尽可能多的伤害.g9~/(击败后，请拾取奖励金币）
1.34
27203149
40
40
0
399700
20
8
40.22
28.16
40.22
31.45
40.22
34.74
40.22
38.03
40.22
41.32
40.22
44.61
40.22
47.9
40.22
51.16
4
100016
10
100017
20
100018
20
100019
20
60440002
12
4
金钱副本
击败出现怪物，获得大量金钱！
奖励大量金钱
Texture_Activity_16
3
11200001
11200002
11200003
1
30
30-44
20000
6
cfg.cmd.action.Item
10400015
1
0.2
cfg.cmd.action.Item
10400014
1
0.2
cfg.cmd.action.Item
10800004
1
0.2
cfg.cmd.action.Item
10800005
1
0.2
cfg.cmd.action.Item
10800006
1
0.1
cfg.cmd.action.BindYuanBao
5
0.1
1
在限定时间内，对招财猫造成尽可能多的伤害.g9~/(击败后，请拾取奖励金币）
0.45
27203150
40
40
0
412250
20
8
40.22
28.16
40.22
31.45
40.22
34.74
40.22
38.03
40.22
41.32
40.22
44.61
40.22
47.9
40.22
51.16
4
100016
10
100017
20
100018
20
100019
20
60440003
12
4
金钱副本
击败出现怪物，获得大量金钱！
奖励大量金钱
Texture_Activity_16
3
11200001
11200002
11200003
1
45
45-59
70000
6
cfg.cmd.action.Item
10400015
1
0.2
cfg.cmd.action.Item
10400014
1
0.2
cfg.cmd.action.Item
10800004
1
0.2
cfg.cmd.action.Item
10800005
1
0.2
cfg.cmd.action.Item
10800006
1
0.1
cfg.cmd.action.BindYuanBao
5
0.1
1
在限定时间内，对招财猫造成尽可能多的伤害.g9~/(击败后，请拾取奖励金币）
0.151
27203151
40
40
0
440200
20
8
40.22
28.16
40.22
31.45
40.22
34.74
40.22
38.03
40.22
41.32
40.22
44.61
40.22
47.9
40.22
51.16
4
100016
10
100017
20
100018
20
100019
20
60440004
12
4
金钱副本
击败出现怪物，获得大量金钱！
奖励大量金钱
Texture_Activity_16
3
11200001
11200002
11200003
1
60
60-74
150000
6
cfg.cmd.action.Item
10400015
1
0.2
cfg.cmd.action.Item
10400014
1
0.2
cfg.cmd.action.Item
10800004
1
0.2
cfg.cmd.action.Item
10800005
1
0.2
cfg.cmd.action.Item
10800006
1
0.1
cfg.cmd.action.BindYuanBao
5
0.1
1
在限定时间内，对招财猫造成尽可能多的伤害.g9~/(击败后，请拾取奖励金币）
0.06
27203152
40
40
0
458340
20
8
40.22
28.16
40.22
31.45
40.22
34.74
40.22
38.03
40.22
41.32
40.22
44.61
40.22
47.9
40.22
51.16
4
100016
10
100017
20
100018
20
100019
20
60440005
12
4
金钱副本
击败出现怪物，获得大量金钱！
奖励大量金钱
Texture_Activity_16
3
11200001
11200002
11200003
1
75
75-89
250000
6
cfg.cmd.action.Item
10400015
1
0.2
cfg.cmd.action.Item
10400014
1
0.2
cfg.cmd.action.Item
10800004
1
0.2
cfg.cmd.action.Item
10800005
1
0.2
cfg.cmd.action.Item
10800006
1
0.1
cfg.cmd.action.BindYuanBao
5
0.1
1
在限定时间内，对招财猫造成尽可能多的伤害.g9~/(击败后，请拾取奖励金币）
0.0263
27203153
40
40
0
480160
20
8
40.22
28.16
40.22
31.45
40.22
34.74
40.22
38.03
40.22
41.32
40.22
44.61
40.22
47.9
40.22
51.16
4
100016
10
100017
20
100018
20
100019
20
60440006
12
4
金钱副本
击败出现怪物，获得大量金钱！
奖励大量金钱
Texture_Activity_16
3
11200001
11200002
11200003
1
90
90-104
450000
6
cfg.cmd.action.Item
10400015
1
0.2
cfg.cmd.action.Item
10400014
1
0.2
cfg.cmd.action.Item
10800004
1
0.2
cfg.cmd.action.Item
10800005
1
0.2
cfg.cmd.action.Item
10800006
1
0.1
cfg.cmd.action.BindYuanBao
5
0.1
1
在限定时间内，对招财猫造成尽可能多的伤害.g9~/(击败后，请拾取奖励金币）
0.0139
27203154
40
40
0
500980
20
8
40.22
28.16
40.22
31.45
40.22
34.74
40.22
38.03
40.22
41.32
40.22
44.61
40.22
47.9
40.22
51.16
4
100016
10
100017
20
100018
20
100019
20
