202
53
3
maincity_01
剧情
22
22
0
3
10
20
-1
10200001
-1
600
true
true
50
100
0
2
7
100
true
true
60410101
3
maincity_03
荒野惊梦
60410101
60410101
0
3
10
20
-1
10200001
-1
600
true
true
310
97
0
0
7
100
true
true
60410102
3
maincity_03
独觅芳踪
60410102
60410102
0
3
10
20
-1
10200001
-1
600
true
true
50
100
0
2
7
100
true
true
60410103
3
maincity_03
鹤舞千影
60410103
60410103
0
3
10
20
-1
10200001
-1
600
true
true
50
100
0
0
7
100
true
true
60410104
3
maincity_03
普渡慈航
60410104
60410104
0
3
10
20
-1
10200001
-1
600
true
true
50
100
0
0
7
100
true
true
60410105
3
maincity_03
草庙惊魂
60410105
60410105
0
3
10
20
-1
10200001
-1
600
true
true
50
100
0
0
7
100
true
true
60410106
3
maincity_03
泣血孤村
60410106
60410106
0
3
10
20
-1
10200001
-1
600
true
true
50
100
0
0
7
100
true
true
60410201
3
maincity_01
青云路
60410201
60410201
0
3
10
20
-1
10200001
-1
600
true
true
50
100
0
2
7
100
true
true
60410202
3
maincity_05
竹峰劫
60410202
60410202
0
3
10
20
-1
10200001
-1
600
true
true
50
100
0
0
7
100
true
true
60410203
3
maincity_07
颜如玉
60410203
60410203
0
3
10
20
-1
10200001
-1
600
true
true
50
100
0
0
7
100
true
true
60410204
3
maincity_05
噬魂舞
60410204
60410204
0
3
10
20
-1
10200001
-1
600
true
true
50
100
0
0
7
100
true
true
60410205
3
maincity_01
意难忘
60410205
60410205
0
3
10
20
-1
10200001
-1
600
true
true
50
100
0
0
7
100
true
true
60410206
3
maincity_01
魔教踪
60410206
60410206
0
3
10
20
-1
10200001
-1
600
true
true
50
100
0
0
7
100
true
true
60410207
3
maincity_07
河阳行
60410207
60410207
0
3
10
20
-1
10200001
-1
600
true
true
50
100
0
0
7
100
true
true
60410208
3
chapter_7_1
天湖战
60410208
60410208
0
3
10
20
-1
10200001
-1
600
true
true
50
100
0
2
7
200
true
true
60410209
3
maincity_01
乾坤鼎
60410209
60410209
0
3
10
20
-1
10200001
-1
600
true
true
50
100
0
0
7
100
true
true
60410210
3
maincity_03
斩心魔
60410210
60410210
0
3
10
20
-1
10200001
-1
600
true
true
50
100
0
2
7
100
true
true
60410301
3
maincity_06
浮世逢宿敌
60410301
60410301
0
3
10
20
-1
10200001
-1
600
true
true
50
100
0
0
7
100
true
true
60410302
3
chapter_5_1
红颜锦绣缘
60410302
60410302
0
3
10
20
-1
10200001
-1
600
true
true
50
100
0
2
7
100
true
true
60410303
3
chapter_8_1
无妄九重狱
60410303
60410303
0
3
10
20
-1
10200001
-1
600
true
true
50
100
0
0
7
100
true
true
60410304
3
maincity_06
古道险中行
60410304
60410304
0
3
10
20
-1
10200001
-1
600
true
true
50
100
0
0
7
100
true
true
60410305
3
maincity_06
山海花溅泪
60410305
60410305
0
3
10
20
-1
10200001
-1
600
true
true
50
100
0
0
7
100
true
true
60410306
3
chapter_6_1
貌合神离意
60410306
60410306
0
3
10
20
-1
10200001
-1
600
true
true
50
100
0
0
7
100
true
true
60410307
3
maincity_06
明争暗斗心
60410307
60410307
0
3
10
20
-1
10200001
-1
600
true
true
50
100
0
2
7
100
true
true
60410308
3
maincity_06
万毒不归路
60410308
60410308
0
3
10
20
-1
10200001
-1
600
true
true
50
100
0
0
7
100
true
true
60410309
3
maincity_06
同生共死情
60410309
60410309
0
3
10
20
-1
10200001
-1
600
true
true
50
100
0
0
7
100
true
true
60410310
3
maincity_10
观星知天命
60410310
60410310
0
3
10
20
-1
10200001
-1
600
true
true
50
100
0
2
7
100
true
true
60410401
3
chapter_3_1
十年情思
60410401
60410401
0
3
10
20
-1
10200001
-1
600
true
true
50
100
0
0
7
100
true
true
60410402
3
chapter_3_1
万丈深渊
60410402
60410402
0
3
10
20
-1
10200001
-1
600
true
true
50
100
0
2
7
100
true
true
60410403
3
maincity_11
旧梦狐岐
60410403
60410403
0
3
10
20
-1
10200001
-1
600
true
true
50
100
0
2
7
100
true
true
60410404
3
maincity_05
竹峰凡心
60410404
60410404
0
3
10
20
-1
10200001
-1
600
true
true
50
100
0
2
7
100
true
true
60410405
3
maincity_03
执手故园
60410405
60410405
0
3
10
20
-1
10200001
-1
600
true
true
50
100
0
2
7
100
true
true
60410406
3
chapter_3_1
上古迷阵
60410406
60410406
0
3
10
20
-1
10200001
-1
600
true
true
50
100
0
2
7
100
true
true
60410407
3
chapter_3_1
惊涛斩龙
60410407
60410407
0
3
10
20
-1
10200001
-1
600
true
true
50
100
0
0
7
100
true
true
60410408
3
chapter_2_1
古墓藏情
60410408
60410408
0
3
10
20
-1
10200001
-1
600
true
true
50
100
0
0
7
100
true
true
60410409
3
chapter_2_1
泣血天书
60410409
60410409
0
3
10
20
-1
10200001
-1
600
true
true
50
100
0
2
7
100
true
true
60410410
3
chapter_2_1
兽神之灵
60410410
60410410
0
3
10
20
-1
10200001
-1
600
true
true
50
100
0
2
7
100
true
true
60410601
3
maincity_12
荒野藏玄机
60410601
60410601
0
3
10
20
-1
10200001
-1
600
true
true
50
100
0
0
7
100
true
true
60410602
3
chapter_8_1
定海刀兵起
60410602
60410602
0
3
10
20
-1
10200001
-1
600
true
true
50
100
0
2
7
100
true
true
60410603
3
maincity_12
世外隐长生
60410603
60410603
0
3
10
20
-1
10200001
-1
600
true
true
50
100
0
2
7
100
true
true
60410604
3
maincity_12
山海相思引
60410604
60410604
0
3
10
20
-1
10200001
-1
600
true
true
50
100
0
2
7
100
true
true
60410605
3
maincity_12
再现天书卷
60410605
60410605
0
3
10
20
-1
10200001
-1
600
true
true
50
100
0
0
7
100
true
true
60410606
3
maincity_12
狐火战焚香
60410606
60410606
0
3
10
20
-1
10200001
-1
600
true
true
50
100
0
2
7
100
true
true
60410607
3
chapter_1_1
决战黑石洞
60410607
60410607
0
3
10
20
-1
10200001
-1
600
true
true
50
100
0
2
7
100
true
true
60410608
3
chapter_1_1
执手赴熔岩
60410608
60410608
0
3
10
20
-1
10200001
-1
600
true
true
50
100
0
0
7
100
true
true
60410609
3
maincity_12
血战鬼王宗
60410609
60410609
0
3
10
20
-1
10200001
-1
600
true
true
50
100
0
2
7
100
true
true
60410610
3
maincity_12
夔牛踏浪行
60410610
60410610
0
3
10
20
-1
10200001
-1
600
true
true
50
100
0
2
7
100
true
true
60410701
3
maincity_02
朝圣之途
60410701
60410701
0
3
10
20
-1
10200001
-1
600
true
true
50
100
0
2
7
100
true
true
60410702
3
maincity_02
天音尊者
60410702
60410702
0
3
10
20
-1
10200001
-1
600
true
true
50
100
0
2
7
100
true
true
60410703
3
maincity_02
佛道合一
60410703
60410703
0
3
10
20
-1
10200001
-1
600
true
true
50
100
0
2
7
100
true
true
60410704
3
maincity_03
心灯明灭
60410704
60410704
0
3
10
20
-1
10200001
-1
600
true
true
50
100
0
0
7
100
true
true
60410501
3
maincity_11
斩相思
60410501
60410501
0
3
10
20
-1
10200001
-1
600
true
true
50
100
0
2
7
100
true
true
60410502
3
maincity_11
天狐缘
60410502
60410502
0
3
10
20
-1
10200001
-1
600
true
true
50
100
0
2
7
100
true
true
60410503
3
maincity_11
兽人踪
60410503
60410503
0
3
10
20
-1
10200001
-1
600
true
true
50
100
0
2
7
100
true
true
60410504
3
maincity_11
焚香行
60410504
60410504
0
3
10
20
-1
10200001
-1
600
true
true
50
100
0
2
7
100
true
true
60410505
3
maincity_11
亡母祭
60410505
60410505
0
3
10
20
-1
10200001
-1
600
true
true
50
100
0
2
7
100
true
true
60410506
3
maincity_11
玄火战
60410506
60410506
0
3
10
20
-1
10200001
-1
600
true
true
50
100
0
2
7
100
true
true
60410507
3
chapter_8_1
牢狱灾
60410507
60410507
0
3
10
20
-1
10200001
-1
600
true
true
50
100
0
2
7
100
true
true
60410508
3
chapter_10_1
四灵阵
60410508
60410508
0
3
10
20
-1
10200001
-1
600
true
true
50
100
0
2
7
100
true
true
60410509
3
chapter_10_1
兽神血
60410509
60410509
0
3
10
20
-1
10200001
-1
600
true
true
50
100
0
2
7
100
true
true
60410510
3
maincity_11
惜别意
60410510
60410510
0
3
10
20
-1
10200001
-1
600
true
true
50
100
0
2
7
100
true
true
60410801
3
maincity_11
惜别意
60410510
60410510
0
3
10
20
-1
10200001
-1
600
true
true
50
100
0
2
7
100
true
true
60490211
22
maincity_03
泣血孤村·简单
60490211
60490211
0
5
10
20
-1
10200001
-1
600
true
true
421
270
16
1
7
40
true
true
60490212
22
maincity_03
泣血孤村·普通
60490212
60490212
0
5
10
20
-1
10200001
-1
600
true
true
421
270
16
1
7
40
true
true
60490213
22
maincity_03
泣血孤村·困难
60490213
60490213
0
5
10
20
-1
10200001
-1
600
true
true
421
270
16
1
7
40
true
true
60490221
22
chapter_7_1
天湖战·简单
60490221
60490221
0
5
10
20
-1
10200001
-1
600
true
true
175
42
-90
1
7
40
true
true
60490222
22
chapter_7_1
天湖战·普通
60490222
60490222
0
5
10
20
-1
10200001
-1
600
true
true
175
42
-90
1
7
40
true
true
60490223
22
chapter_7_1
天湖战·困难
60490223
60490223
0
5
10
20
-1
10200001
-1
600
true
true
175
42
-90
1
7
40
true
true
60490231
22
chapter_8_1
无妄九重狱·简单
60490231
60490231
0
5
10
20
-1
10200001
-1
600
true
true
57
-18
-163
1
7
40
true
true
60490232
22
chapter_8_1
无妄九重狱·普通
60490232
60490232
0
5
10
20
-1
10200001
-1
600
true
true
57
-18
-163
1
7
40
true
true
60490233
22
chapter_8_1
无妄九重狱·困难
60490233
60490233
0
5
10
20
-1
10200001
-1
600
true
true
57
-18
-163
1
7
40
true
true
60490241
22
maincity_11
旧梦狐岐·简单
60490241
60490241
0
5
10
20
-1
10200001
-1
600
true
true
260
397
0
1
7
40
true
true
60490242
22
maincity_11
旧梦狐岐·普通
60490242
60490242
0
5
10
20
-1
10200001
-1
600
true
true
260
397
0
1
7
40
true
true
60490243
22
maincity_11
旧梦狐岐·困难
60490243
60490243
0
5
10
20
-1
10200001
-1
600
true
true
260
397
0
1
7
40
true
true
60490251
22
maincity_11
斩相思·简单
60490251
60490251
0
5
10
20
-1
10200001
-1
600
true
true
401
173
116
1
7
40
true
true
60490252
22
maincity_11
斩相思·普通
60490252
60490252
0
5
10
20
-1
10200001
-1
600
true
true
401
173
116
1
7
40
true
true
60490253
22
maincity_11
斩相思·困难
60490253
60490253
0
5
10
20
-1
10200001
-1
600
true
true
401
173
116
1
7
40
true
true
60490261
22
chapter_10_1
兽神血·简单
60490261
60490261
0
5
10
20
-1
10200001
-1
600
true
true
240
240
0
1
7
40
true
true
60490262
22
chapter_10_1
兽神血·普通
60490262
60490262
0
5
10
20
-1
10200001
-1
600
true
true
240
240
0
1
7
40
true
true
60490263
22
chapter_10_1
兽神血·困难
60490263
60490263
0
5
10
20
-1
10200001
-1
600
true
true
240
240
0
1
7
40
true
true
60430001
2
chapter_12_1
爬塔
99
99
0
3
207
190
10
10200001
-1
600
true
true
41
41
0
3
8
100
true
true
60470001
14
chapter_14_1
血战青云
60470001
60470001
0
-1
118
135
10
10200001
-1
600
false
false
118
135
24
3
8
100
true
true
60440001
4
chapter_12_1
金钱副本
60440001
-1
0
-1
45
39
10
10200001
-1
90
false
false
45
39
270
3
8
40
true
true
60440002
4
chapter_12_1
金钱副本
60440001
-1
0
-1
45
39
10
10200001
-1
90
false
false
45
39
270
3
8
40
true
true
60440003
4
chapter_12_1
金钱副本
60440001
-1
0
-1
45
39
10
10200001
-1
90
false
false
45
39
270
3
8
40
true
true
60440004
4
chapter_12_1
金钱副本
60440001
-1
0
-1
45
39
10
10200001
-1
90
false
false
45
39
270
3
8
40
true
true
60440005
4
chapter_12_1
金钱副本
60440001
-1
0
-1
45
39
10
10200001
-1
90
false
false
45
39
270
3
8
40
true
true
60440006
4
chapter_12_1
金钱副本
60440001
-1
0
-1
45
39
10
10200001
-1
90
false
false
45
39
270
3
8
40
true
true
60441001
5
chapter_1_1
经验副本
60441001
-1
0
-1
89
132
10
10200001
-1
600
false
false
89
132
180
3
8
40
true
true
60441002
5
chapter_1_1
经验副本
60441001
-1
0
-1
89
132
10
10200001
-1
600
false
false
89
132
180
3
8
40
true
true
60441003
5
chapter_1_1
经验副本
60441001
-1
0
-1
89
132
10
10200001
-1
600
false
false
89
132
180
3
8
40
true
true
60441004
5
chapter_1_1
经验副本
60441001
-1
0
-1
89
132
10
10200001
-1
600
false
false
89
132
180
3
8
40
true
true
60441005
5
chapter_1_1
经验副本
60441001
-1
0
-1
89
132
10
10200001
-1
600
false
false
89
132
180
3
8
40
true
true
60441006
5
chapter_1_1
经验副本
60441001
-1
0
-1
89
132
10
10200001
-1
600
false
false
89
132
180
3
8
40
true
true
60442001
6
maincity_01
造化副本
60442001
22
0
-1
204
203
10
10200001
-1
600
false
false
204
203
0
3
8
40
true
true
60442002
6
maincity_01
造化副本
60442001
22
0
-1
204
203
10
10200001
-1
600
false
false
204
203
0
3
8
40
true
true
60442003
6
maincity_01
造化副本
60442001
22
0
-1
204
203
10
10200001
-1
600
false
false
204
203
0
3
8
40
true
true
60442004
6
maincity_01
造化副本
60442001
22
0
-1
204
203
10
10200001
-1
600
false
false
204
203
0
3
8
40
true
true
60442005
6
maincity_01
造化副本
60442001
22
0
-1
204
203
10
10200001
-1
600
false
false
204
203
0
3
8
40
true
true
60442006
6
maincity_01
造化副本
60442001
22
0
-1
204
203
10
10200001
-1
600
false
false
204
203
0
3
8
40
true
true
60443001
7
maincity_01
伙伴副本
60443001
22
0
-1
425
54
10
10200001
-1
600
false
false
425
54
0
3
8
40
true
true
60443002
7
maincity_01
伙伴副本
60443001
22
0
-1
425
54
10
10200001
-1
600
false
false
425
54
0
3
8
40
true
true
60443003
7
maincity_01
伙伴副本
60443001
22
0
-1
425
54
10
10200001
-1
600
false
false
425
54
0
3
8
40
true
true
60443004
7
maincity_01
伙伴副本
60443001
22
0
-1
425
54
10
10200001
-1
600
false
false
425
54
0
3
8
40
true
true
60443005
7
maincity_01
伙伴副本
60443001
22
0
-1
425
54
10
10200001
-1
600
false
false
425
54
0
3
8
40
true
true
60443006
7
maincity_01
伙伴副本
60443001
22
0
-1
425
54
10
10200001
-1
600
false
false
425
54
0
3
8
40
true
true
60444001
8
maincity_05
法宝副本
60444001
22
0
-1
216
53
10
10200001
-1
600
false
false
216
53
0
3
8
40
true
true
60444002
8
maincity_05
法宝副本
60444001
22
0
-1
216
53
10
10200001
-1
600
false
false
216
53
0
3
8
40
true
true
60444003
8
maincity_05
法宝副本
60444001
22
0
-1
216
53
10
10200001
-1
600
false
false
216
53
0
3
8
40
true
true
60444004
8
maincity_05
法宝副本
60444001
22
0
-1
216
53
10
10200001
-1
600
false
false
216
53
0
3
8
40
true
true
60444005
8
maincity_05
法宝副本
60444001
22
0
-1
216
53
10
10200001
-1
600
false
false
216
53
0
3
8
40
true
true
60444006
8
maincity_05
法宝副本
60444001
22
0
-1
216
53
10
10200001
-1
600
false
false
216
53
0
3
8
40
true
true
60445001
10
maincity_04
护符副本
60445001
-1
0
-1
131.7
165.9
10
10200001
-1
600
false
false
131.7
165.9
0
3
8
40
true
true
60445002
10
maincity_04
护符副本
60445001
-1
0
-1
131.7
165.9
10
10200001
-1
600
false
false
131.7
165.9
0
3
8
40
true
true
60445003
10
maincity_04
护符副本
60445001
-1
0
-1
131.7
165.9
10
10200001
-1
600
false
false
131.7
165.9
0
3
8
40
true
true
60445004
10
maincity_04
护符副本
60445001
-1
0
-1
131.7
165.9
10
10200001
-1
600
false
false
131.7
165.9
0
3
8
40
true
true
60445005
10
maincity_04
护符副本
60445001
-1
0
-1
131.7
165.9
10
10200001
-1
600
false
false
131.7
165.9
0
3
8
40
true
true
60445006
10
maincity_04
护符副本
60445001
-1
0
-1
131.7
165.9
10
10200001
-1
600
false
false
131.7
165.9
0
3
8
40
true
true
60446001
9
chapter_7_1
玉佩副本
60446001
-1
0
-1
167
127
10
10200001
-1
600
false
false
167
127
0
3
8
40
true
true
60446002
9
chapter_7_1
玉佩副本
60446001
-1
0
-1
167
127
10
10200001
-1
600
false
false
167
127
0
3
8
40
true
true
60446003
9
chapter_7_1
玉佩副本
60446001
-1
0
-1
167
127
10
10200001
-1
600
false
false
167
127
0
3
8
40
true
true
60446004
9
chapter_7_1
玉佩副本
60446001
-1
0
-1
167
127
10
10200001
-1
600
false
false
167
127
0
3
8
40
true
true
60446005
9
chapter_7_1
玉佩副本
60446001
-1
0
-1
167
127
10
10200001
-1
600
false
false
167
127
0
3
8
40
true
true
60446006
9
chapter_7_1
玉佩副本
60446001
-1
0
-1
167
127
10
10200001
-1
600
false
false
167
127
0
3
8
40
true
true
60450001
11
chapter_2_1
个人Boss
60450001
-1
0
0
225
300
-1
10200001
1000
600
false
false
225
300
0
1
8
40
true
true
60450002
11
chapter_2_1
个人Boss
60450001
-1
0
0
225
300
-1
10200001
1000
600
false
false
225
300
0
1
8
40
true
true
60450003
11
chapter_2_1
个人Boss
60450001
-1
0
0
225
300
-1
10200001
1000
600
false
false
225
300
0
1
8
40
true
true
60450004
11
chapter_2_1
个人Boss
60450001
-1
0
0
225
300
-1
10200001
1000
600
false
false
225
300
0
1
8
40
true
true
60450005
11
chapter_2_1
个人Boss
60450001
-1
0
0
225
300
-1
10200001
1000
600
false
false
225
300
0
1
8
40
true
true
60450006
11
chapter_2_1
个人Boss
60450001
-1
0
0
225
300
-1
10200001
1000
600
false
false
225
300
0
1
8
40
true
true
60450007
11
chapter_2_1
个人Boss
60450001
-1
0
0
225
300
-1
10200001
1000
600
false
false
225
300
0
1
8
40
true
true
60450008
11
chapter_2_1
个人Boss
60450001
-1
0
0
225
300
-1
10200001
1000
600
false
false
225
300
0
1
8
40
true
true
60450009
11
chapter_2_1
个人Boss
60450001
-1
0
0
225
300
-1
10200001
1000
600
false
false
225
300
0
1
8
40
true
true
60450010
11
chapter_2_1
个人Boss
60450001
-1
0
0
225
300
-1
10200001
1000
600
false
false
225
300
0
1
8
40
true
true
60450011
11
chapter_2_1
个人Boss
60450001
-1
0
0
225
300
-1
10200001
1000
600
false
false
225
300
0
1
8
40
true
true
60420001
13
chapter_4_1
竞技场
60420001
-1
0
0
86
48
0
10200001
1000
120
true
false
86
48
-45
2
8
300
true
true
60480001
16
chapter_4_1
天下会武
60480001
-1
0
-1
18
-33
5
10200001
-1
300
true
false
18
-33
0
2
8
100
true
true
60481002
20
chapter_13_1
鸿蒙争霸
60481002
-1
0
-1
18
-33
5
10200001
1000
600
true
false
18
-33
0
2
8
40
true
true
60481001
18
chapter_4_1
七脉会武
60480001
-1
0
0
18
-33
0
10200001
1000
600
true
false
18
-33
0
2
8
40
true
true
60460001
21
maincity_06
兽妖攻城
60460001
-1
0
-1
155
350
5
10200001
-1
1200
true
false
155
350
0
0
8
40
true
true
60455001
15
chapter_14_1
陆雪琪
60455001
-1
0
0
318
236
10
10200001
-1
600
false
false
318
236
0
1
8
40
true
true
60455002
15
chapter_14_1
苏茹
60455001
-1
0
0
318
236
10
10200001
-1
600
false
false
318
236
0
1
8
40
true
true
60455003
15
chapter_14_1
田灵儿
60455001
-1
0
0
318
236
10
10200001
-1
600
false
false
318
236
0
1
8
40
true
true
60455004
15
chapter_14_1
普智
60455001
-1
0
0
318
236
10
10200001
-1
600
false
false
318
236
0
1
8
40
true
true
60455005
15
chapter_14_1
田不易
60455001
-1
0
0
318
236
10
10200001
-1
600
false
false
318
236
0
1
8
40
true
true
60455006
15
chapter_14_1
宋大仁
60455001
-1
0
0
318
236
10
10200001
-1
600
false
false
318
236
0
1
8
40
true
true
60455007
15
chapter_14_1
文敏
60455001
-1
0
0
318
236
10
10200001
-1
600
false
false
318
236
0
1
8
40
true
true
60455008
15
chapter_14_1
大黄
60455001
-1
0
0
318
236
10
10200001
-1
600
false
false
318
236
0
1
8
40
true
true
60455009
15
chapter_14_1
三尾
60455001
-1
0
0
318
236
10
10200001
-1
600
false
false
318
236
0
1
8
40
true
true
60455010
15
chapter_14_1
年老大
60455001
-1
0
0
318
236
10
10200001
-1
600
false
false
318
236
0
1
8
40
true
true
60455011
15
chapter_14_1
野狗道人
60455001
-1
0
0
318
236
10
10200001
-1
600
false
false
318
236
0
1
8
40
true
true
60455012
15
chapter_14_1
张小凡
60455001
-1
0
0
318
236
10
10200001
-1
600
false
false
318
236
0
1
8
40
true
true
60455013
15
chapter_14_1
周一仙
60455001
-1
0
0
318
236
10
10200001
-1
600
false
false
318
236
0
1
8
40
true
true
60455014
15
chapter_14_1
小环
60455001
-1
0
0
318
236
10
10200001
-1
600
false
false
318
236
0
1
8
40
true
true
60455015
15
chapter_14_1
六尾魔狐
60455001
-1
0
0
318
236
10
10200001
-1
600
false
false
318
236
0
1
8
40
true
true
60455016
15
chapter_14_1
齐昊
60455001
-1
0
0
318
236
10
10200001
-1
600
false
false
318
236
0
1
8
40
true
true
60455017
15
chapter_14_1
李洵
60455001
-1
0
0
318
236
10
10200001
-1
600
false
false
318
236
0
1
8
40
true
true
60455018
15
chapter_14_1
燕虹
60455001
-1
0
0
318
236
10
10200001
-1
600
false
false
318
236
0
1
8
40
true
true
60455019
15
chapter_14_1
毒神
60455001
-1
0
0
318
236
10
10200001
-1
600
false
false
318
236
0
1
8
40
true
true
60455020
15
chapter_14_1
百毒子
60455001
-1
0
0
318
236
10
10200001
-1
600
false
false
318
236
0
1
8
40
true
true
60455021
15
chapter_14_1
吸血老祖
60455001
-1
0
0
318
236
10
10200001
-1
600
false
false
318
236
0
1
8
40
true
true
60455022
15
chapter_14_1
血鲲
60455001
-1
0
0
318
236
10
10200001
-1
600
false
false
318
236
0
1
8
40
true
true
60455023
15
chapter_14_1
小七
60455001
-1
0
0
318
236
10
10200001
-1
600
false
false
318
236
0
1
8
40
true
true
60455024
15
chapter_14_1
曾书书
60455001
-1
0
0
318
236
10
10200001
-1
600
false
false
318
236
0
1
8
40
true
true
60455025
15
chapter_14_1
法相
60455001
-1
0
0
318
236
10
10200001
-1
600
false
false
318
236
0
1
8
40
true
true
60455026
15
chapter_14_1
水月
60455001
-1
0
0
318
236
10
10200001
-1
600
false
false
318
236
0
1
8
40
true
true
60455027
15
chapter_14_1
苍松
60455001
-1
0
0
318
236
10
10200001
-1
600
false
false
318
236
0
1
8
40
true
true
60455028
15
chapter_14_1
野狗道人
60455001
-1
0
0
318
236
10
10200001
-1
600
false
false
318
236
0
1
8
40
true
true
60455029
15
chapter_14_1
吸血老祖
60455001
-1
0
0
318
236
10
10200001
-1
600
false
false
318
236
0
1
8
40
true
true
60455030
15
chapter_14_1
三尾
60455001
-1
0
0
318
236
10
10200001
-1
600
false
false
318
236
0
1
8
40
true
true
60455031
15
chapter_14_1
毒神
60455001
-1
0
0
318
236
10
10200001
-1
600
false
false
318
236
0
1
8
40
true
true
60455032
15
chapter_14_1
百毒子
60455001
-1
0
0
318
236
10
10200001
-1
600
false
false
318
236
0
1
8
40
true
true
60455033
15
chapter_14_1
吸血老祖
60455001
-1
0
0
318
236
10
10200001
-1
600
false
false
318
236
0
1
8
40
true
true
60455034
15
chapter_14_1
碧瑶
60455001
-1
0
0
318
236
10
10200001
-1
600
false
false
318
236
0
1
8
40
true
true
60455035
15
chapter_14_1
青龙
60455001
-1
0
0
318
236
10
10200001
-1
600
false
false
318
236
0
1
8
40
true
true
60455036
15
chapter_14_1
幽姬
60455001
-1
0
0
318
236
10
10200001
-1
600
false
false
318
236
0
1
8
40
true
true
60455037
15
chapter_14_1
秦无炎
60455001
-1
0
0
318
236
10
10200001
-1
600
false
false
318
236
0
1
8
40
true
true
60455038
15
chapter_14_1
金瓶儿
60455001
-1
0
0
318
236
10
10200001
-1
600
false
false
318
236
0
1
8
40
true
true
60455039
15
chapter_14_1
年老大
60455001
-1
0
0
318
236
10
10200001
-1
600
false
false
318
236
0
1
8
40
true
true
60455040
15
chapter_14_1
野狗道人
60455001
-1
0
0
318
236
10
10200001
-1
600
false
false
318
236
0
1
8
40
true
true
60455041
15
chapter_14_1
毒神
60455001
-1
0
0
318
236
10
10200001
-1
600
false
false
318
236
0
1
8
40
true
true
60455042
15
chapter_14_1
大黄
60455001
-1
0
0
318
236
10
10200001
-1
600
false
false
318
236
0
1
8
40
true
true
60455043
15
chapter_14_1
宋大仁
60455001
-1
0
0
318
236
10
10200001
-1
600
false
false
318
236
0
1
8
40
true
true
60455044
15
chapter_14_1
文敏
60455001
-1
0
0
318
236
10
10200001
-1
600
false
false
318
236
0
1
8
40
true
true
60455045
15
chapter_14_1
林惊羽
60455001
-1
0
0
318
236
10
10200001
-1
600
false
false
318
236
0
1
8
40
true
true
60455046
15
chapter_14_1
普智
60455001
-1
0
0
318
236
10
10200001
-1
600
false
false
318
236
0
1
8
40
true
true
60455047
15
chapter_14_1
六尾魔狐
60455001
-1
0
0
318
236
10
10200001
-1
600
false
false
318
236
0
1
8
40
true
true
60455048
15
chapter_14_1
齐昊
60455001
-1
0
0
318
236
10
10200001
-1
600
false
false
318
236
0
1
8
40
true
true
60455049
15
chapter_14_1
萧逸才
60455001
-1
0
0
318
236
10
10200001
-1
600
false
false
318
236
0
1
8
40
true
true
60455050
15
chapter_14_1
孟骥
60455001
-1
0
0
318
236
10
10200001
-1
600
false
false
318
236
0
1
8
40
true
true
60455051
15
chapter_14_1
玉阳子
60455001
-1
0
0
318
236
10
10200001
-1
600
false
false
318
236
0
1
8
40
true
true
60455052
15
chapter_14_1
燕虹
60455001
-1
0
0
318
236
10
10200001
-1
600
false
false
318
236
0
1
8
40
true
true
60455053
15
chapter_14_1
大黑蛭
60455001
-1
0
0
318
236
10
10200001
-1
600
false
false
318
236
0
1
8
40
true
true
60455054
15
chapter_14_1
三尾
60455001
-1
0
0
318
236
10
10200001
-1
600
false
false
318
236
0
1
8
40
true
true
60455055
15
chapter_14_1
李洵
60455001
-1
0
0
318
236
10
10200001
-1
600
false
false
318
236
0
1
8
40
true
true
60400001
17
maincity_08
序章
60400001
60400001
0
-1
207
190
10
10200001
-1
600
true
true
207
190
0
0
7
100
false
false
60490001
19
chapter_9_1
家族仙府
209
209
0
-1
651
651
10
10200001
-1
3600
false
false
518
650
180
0
8
40
true
true
60490301
23
maincity_06
红尘劫
60490301
60490301
0
3
10
20
-1
10200001
-1
300
true
true
170
318
174
3
7
40
true
true
60490302
23
maincity_06
天伦乐
60490302
60490302
0
3
10
20
-1
10200001
-1
300
true
true
142
403
91
3
7
40
true
true
60490303
23
maincity_06
济世行
60490303
60490303
0
3
10
20
-1
10200001
-1
300
true
true
145
351
-90
3
7
40
true
true
60490304
23
maincity_02
法身不灭
60490304
60490304
0
3
10
20
-1
10200001
-1
300
true
true
237
124
180
3
7
40
true
true
60490401
24
chapter_9_1
四灵降世
60490401
-1
0
-1
651
651
10
10200001
-1
600
false
false
518
650
-90
0
8
100
true
true
