1
4
4
10200001
16
2
2
2
2
2
3
3
3
3
3
3
3
3
3
3
3
8
0
0
0
0
0
0
0
70
10
10200002
13
0
0
0
0
0
0
0
0
0
0
0
0
0
13
100
100
100
100
100
100
100
100
100
100
100
100
100
5
10200001
16
2
2
2
2
2
2
3
3
3
3
3
3
3
3
3
3
8
0
0
0
0
0
0
0
70
10
10200002
13
0
0
0
0
0
0
0
0
0
0
0
0
0
13
100
100
100
100
100
100
100
100
100
100
100
100
100
10
10200001
16
2
2
2
2
2
2
2
3
3
3
3
3
3
3
3
3
8
0
0
0
0
0
0
0
70
10
10200002
13
0
0
0
0
0
0
0
0
0
0
0
0
0
13
100
100
100
100
100
100
100
100
100
100
100
100
100
9
10200001
16
2
2
2
2
2
2
2
2
3
3
3
3
3
3
3
3
8
0
0
0
0
0
0
0
70
10
10200002
13
0
0
0
0
0
0
0
0
0
0
0
0
0
13
100
100
100
100
100
100
100
100
100
100
100
100
100
10200002
16
0
1
2
3
4
5
6
7
8
9
10
11
12
13
14
15
4
20
20
50
100
120
