1
{蛮荒兽潮}世界经验怪
蛮荒兽潮活动还有十分钟开始
蛮荒兽潮活动正在进行
蛮荒兽潮活动已结束
600
300
600
7200
1
20
0
0
15
99
15
5
15
29
8000
27500001
40
-220
180
3
1
10
393.053
383.4532
4.750936
33.5
417
-152
349.8227
394.0914
-23.26721
173.1836
396.6398
-129.7032
41.22859
433.3909
175.3253
195.2084
111.046
179.0868
214.3401
54.01645
43.611
262.6291
71.19334
-117.9956
277.1339
376.8012
-8.027466
303.1061
440.2365
152.1497
4
6
177.8635
72.66193
-26.54245
93.2876
76.37306
38.6424
159.8047
124.6561
37.53597
171.0474
182.8006
-133.1018
103.877
181.7004
133.4396
95.43924
125.9146
-144.5782
5
10
50.68416
123.3659
121.6244
67.4239
136.9341
113.3948
47.80997
137.7328
117.6582
147.636
95.74363
-53.27032
147.3939
120.1279
103.3184
139.8458
137.4421
106.9402
213.5283
112.1675
-48.47748
192.4756
193.4507
-134.1178
216.3303
100.9554
-120.6405
166.9229
204.4523
149.6526
4
2
海量经验
1
cfg.cmd.action.JingYan
1423705
6
海量经验
1
cfg.cmd.action.JingYan
1423705
10
海量经验
1
cfg.cmd.action.JingYan
1423705
20
海量经验
1
cfg.cmd.action.JingYan
1423705
30
44
30000
27500002
30
-220
170
2
10
10
96.54862
67.21923
123.6672
219.5144
167.0302
-32.10999
155.1974
110.2495
157.5511
211.6561
204.8104
-172.2677
84.52431
184.6593
62.4726
28.6542
55.52129
149.5379
37.66179
163.7806
92.33494
194.2009
66.52969
-158.7798
101.204
27.01696
-11.00812
114.2024
138.0804
-49.12201
6
14
136.1648
69.65424
-24.09729
186.0475
110.8232
174.0267
111.6194
142.1178
-47.54733
40.05399
136.5685
40.20088
208.2579
222.4497
-64.28867
223.9017
232.5405
124.893
163.3265
205.7856
-44.58423
464.2327
102.1431
-51.58438
443.8015
80.77583
0
313.7546
80.256
22.7619
321.1911
158.3645
92.52265
461.0449
400.4218
-32.90488
447.7771
426.313
150.9057
390.1196
414.4979
74.72111
4
2
海量经验
1
cfg.cmd.action.JingYan
2178210
6
海量经验
1
cfg.cmd.action.JingYan
2178210
10
海量经验
1
cfg.cmd.action.JingYan
2178210
20
海量经验
1
cfg.cmd.action.JingYan
2178210
45
59
130000
27500003
20
-220
220
2
14
10
244.6002
290.9464
-52.16968
211.9809
323.7192
157.8743
119.7769
321.4655
168.6341
58.31304
328.0945
52.86584
354.1705
248.291
51.48206
371.7477
262.0849
-123.2626
487.9757
132.7082
-100.5534
427.1786
214.9569
-119.9345
412.0492
203.4992
43.1361
457.1098
122.216
65.72163
15
10
168.284
194.4342
140.2248
159.0268
182.9184
110.1037
377.5739
145.948
-41.62451
363.4774
175.0103
111.9943
407.4386
204.9242
0
217.7915
243.7774
0
146.079
349.1705
112.2886
182.2621
361.9259
0
464.8636
206.0987
-50.45859
448.7582
320.6516
-176.7346
4
2
海量经验
1
cfg.cmd.action.JingYan
4205443
6
海量经验
1
cfg.cmd.action.JingYan
4205443
10
海量经验
1
cfg.cmd.action.JingYan
4205443
20
海量经验
1
cfg.cmd.action.JingYan
4205443
60
74
210000
27500004
30
-215
200
2
11
16
37.25903
68.96662
62.38207
77.47122
40.36647
-45.61441
65.633
94.96028
-123.4099
28.43041
214.0731
91.28922
47.98975
191.7217
-69.0824
165.9815
81.53372
-148.423
22.87198
152.0245
81.16601
224.4731
115.8095
103.205
254.8915
118.1373
-50.16833
423.4653
81.84737
-75.44467
420.3956
61.59069
0
439.419
108.9827
0
227.462
302.2949
9.040621
277.6424
326.2735
-160.9753
276.0257
258.1868
28.63342
463.3518
443.8608
-100.4751
23
13
130.2304
132.5018
-37.13593
67.87386
86.96095
-6.871124
131.7767
87.00402
26.37503
71.90225
134.6047
24.49082
186.8366
107.178
41.73569
221.8871
89.73068
21.15932
179.877
215.7094
104.4875
208.3931
154.4903
34.51815
257.2797
208.1805
-98.14804
260.7706
276.9488
-96.51154
123.8212
277.2467
132.2398
117.9288
202.5324
-23.98996
65.28658
237.9896
52.66328
4
2
海量经验
1
cfg.cmd.action.JingYan
9646774
6
海量经验
1
cfg.cmd.action.JingYan
9646774
10
海量经验
1
cfg.cmd.action.JingYan
9646774
20
海量经验
1
cfg.cmd.action.JingYan
9646774
75
90
420000
27500005
20
-250
180
2
12
13
297.5725
128.765
-176.1363
345.933
122.5635
-69.83279
269.5843
105.1572
127.8064
221.9562
71.79073
29.0065
296.808
46.7269
-18.65045
111.2302
152.4477
33.30786
172.0635
162.0049
-41.72574
122.3606
242.5252
-133.3802
163.2045
257.4711
54.25595
214.354
230.7713
-105.7326
393.3537
419.8771
173.4497
446.7222
396.8174
154.3022
385.9597
360.2809
37.58315
13
8
142.8236
154.4161
-5.882294
154.4543
205.8956
-139.3207
104.6555
224.181
171.0466
171.6748
56.94242
-34.0271
182.5283
75.99689
-66.66168
113.0037
121.0786
-57.26721
88.20041
115.3923
20.75645
114.8392
161.7916
21.058
4
2
海量经验
1
cfg.cmd.action.JingYan
21620490
6
海量经验
1
cfg.cmd.action.JingYan
21620490
10
海量经验
1
cfg.cmd.action.JingYan
21620490
20
海量经验
1
cfg.cmd.action.JingYan
21620490
