1
6
2
12
18
7
0
0
10
10
10
10
10
5
1
青云上仙
21
60455001
Texture_HeroSets_01
11
60455001
22100002
100
5
恭喜您刷新到了稀有的陆雪琪！
60455002
22100018
100
4
刷新成功！当前英雄品质橙
60455003
22100027
100
4
刷新成功！当前英雄品质橙
60455004
22100005
100
4
刷新成功！当前英雄品质橙
60455005
22100019
100
4
刷新成功！当前英雄品质橙
60455006
22100007
100
3
刷新成功！当前英雄品质紫
60455007
22100032
100
3
刷新成功！当前英雄品质紫
60455008
22100023
100
3
刷新成功！当前英雄品质紫
60455009
22100028
100
3
刷新成功！当前英雄品质紫
60455010
22100033
100
3
刷新成功！当前英雄品质紫
60455011
22100022
100
3
刷新成功！当前英雄品质紫
11
22100002
22100018
22100027
22100005
22100019
22100007
22100032
22100023
22100028
22100033
22100022
2
人中龙凤
30
60455012
Texture_HeroSets_02
11
60455012
22100001
100
5
恭喜您刷新到了稀有的张小凡！
60455013
22100021
100
4
刷新成功！当前英雄品质橙
60455014
22100029
100
4
刷新成功！当前英雄品质橙
60455015
22100041
100
3
刷新成功！当前英雄品质橙
60455016
22100009
100
4
刷新成功！当前英雄品质橙
60455017
22100016
100
3
刷新成功！当前英雄品质紫
60455018
22100024
100
3
刷新成功！当前英雄品质紫
60455019
22100035
100
3
刷新成功！当前英雄品质紫
60455020
22100036
100
3
刷新成功！当前英雄品质紫
60455021
22100037
100
3
刷新成功！当前英雄品质紫
60455022
22100034
100
3
刷新成功！当前英雄品质紫
11
22100001
22100021
22100029
22100041
22100009
22100016
22100024
22100035
22100036
22100037
22100034
3
正道高人
45
60455023
Texture_HeroSets_03
11
60455023
22100006
100
5
恭喜您刷新到了稀有的小七！
60455024
22100011
100
5
刷新成功！当前英雄品质橙
60455025
22100008
100
4
刷新成功！当前英雄品质橙
60455026
22100014
100
4
刷新成功！当前英雄品质橙
60455027
22100010
100
4
刷新成功！当前英雄品质橙
60455028
22100022
100
3
刷新成功！当前英雄品质紫
60455029
22100037
100
3
刷新成功！当前英雄品质紫
60455030
22100028
100
3
刷新成功！当前英雄品质紫
60455031
22100035
100
3
刷新成功！当前英雄品质紫
60455032
22100036
100
3
刷新成功！当前英雄品质紫
60455033
22100037
100
3
刷新成功！当前英雄品质紫
10
22100006
22100011
22100008
22100014
22100010
22100022
22100028
22100035
22100036
22100037
4
圣教遗脉
60
60455034
Texture_HeroSets_04
11
60455034
22100004
100
5
恭喜您刷新到了稀有的碧瑶！
60455035
22100017
100
4
刷新成功！当前英雄品质橙
60455036
22100031
100
4
刷新成功！当前英雄品质橙
60455037
22100026
100
4
刷新成功！当前英雄品质橙
60455038
22100015
100
4
刷新成功！当前英雄品质橙
60455039
22100033
100
3
刷新成功！当前英雄品质紫
60455040
22100022
100
3
刷新成功！当前英雄品质紫
60455041
22100035
100
3
刷新成功！当前英雄品质紫
60455042
22100023
100
3
刷新成功！当前英雄品质紫
60455043
22100007
100
3
刷新成功！当前英雄品质紫
60455044
22100032
100
3
刷新成功！当前英雄品质紫
11
22100004
22100017
22100031
22100026
22100015
22100033
22100022
22100035
22100023
22100007
22100032
5
六界仙灵
75
60455022
Texture_HeroSets_05
11
60455045
22100003
100
5
恭喜您刷新到了稀有的林惊羽！
60455046
22100005
100
4
刷新成功！当前英雄品质橙
60455047
22100041
100
3
刷新成功！当前英雄品质橙
60455048
22100009
100
4
刷新成功！当前英雄品质橙
60455049
22100020
100
4
刷新成功！当前英雄品质橙
60455050
22100038
100
3
刷新成功！当前英雄品质紫
60455051
22100039
100
3
刷新成功！当前英雄品质紫
60455052
22100024
100
3
刷新成功！当前英雄品质紫
60455053
22100040
100
3
刷新成功！当前英雄品质紫
60455054
22100028
100
3
刷新成功！当前英雄品质紫
60455055
22100016
100
3
刷新成功！当前英雄品质紫
11
22100003
22100005
22100041
22100009
22100020
22100038
22100039
22100024
22100040
22100028
22100016
