7
30
39
100000
9
103000
113000
123000
133000
143000
153000
163000
173000
183000
300
1
10200002
13
1
2
2
2
3
3
3
4
4
4
5
5
5
7
10
20
30
40
50
60
60
3
10000001
10000001
10000001
多人战场开启时系统广播
300
300
2
10
1
cfg.cmd.action.Item
10000005
2
1000
1
cfg.cmd.action.Item
10000005
100000
40
49
100000
9
103000
113000
123000
133000
143000
153000
163000
173000
183000
300
1
10200002
13
1
2
2
2
3
3
3
4
4
4
5
5
5
7
10
20
30
40
50
60
60
3
10000001
10000001
10000001
多人战场开启时系统广播
300
300
2
10
1
cfg.cmd.action.Item
10000005
2
1000
1
cfg.cmd.action.Item
10000005
100000
50
59
100000
9
103000
113000
123000
133000
143000
153000
163000
173000
183000
300
1
10200002
13
1
2
2
2
3
3
3
4
4
4
5
5
5
7
10
20
30
40
50
60
60
3
10000001
10000001
10000001
多人战场开启时系统广播
300
300
2
10
1
cfg.cmd.action.Item
10000005
2
1000
1
cfg.cmd.action.Item
10000005
100000
60
69
100000
9
103000
113000
123000
133000
143000
153000
163000
173000
183000
300
1
10200002
13
1
2
2
2
3
3
3
4
4
4
5
5
5
7
10
20
30
40
50
60
60
3
10000001
10000001
10000001
多人战场开启时系统广播
300
300
2
10
1
cfg.cmd.action.Item
10000005
2
1000
1
cfg.cmd.action.Item
10000005
100000
70
79
100000
9
103000
113000
123000
133000
143000
153000
163000
173000
183000
300
1
10200002
13
1
2
2
2
3
3
3
4
4
4
5
5
5
7
10
20
30
40
50
60
60
3
10000001
10000001
10000001
多人战场开启时系统广播
300
300
2
10
1
cfg.cmd.action.Item
10000005
2
1000
1
cfg.cmd.action.Item
10000005
100000
80
89
100000
9
103000
113000
123000
133000
143000
153000
163000
173000
183000
300
1
10200002
13
1
2
2
2
3
3
3
4
4
4
5
5
5
7
10
20
30
40
50
60
60
3
10000001
10000001
10000001
多人战场开启时系统广播
300
300
2
10
1
cfg.cmd.action.Item
10000005
2
1000
1
cfg.cmd.action.Item
10000005
100000
90
99
100000
9
103000
113000
123000
133000
143000
153000
163000
173000
183000
300
1
10200002
13
1
2
2
2
3
3
3
4
4
4
5
5
5
7
10
20
30
40
50
60
60
3
10000001
10000001
10000001
多人战场开启时系统广播
300
300
2
10
1
cfg.cmd.action.Item
10000005
2
1000
1
cfg.cmd.action.Item
10000005
100000
