1
1
600
120
1.活动期间，每10分钟开启一轮活动，每轮前2分钟可以报名.g9~/2.活动中，6名玩家分为2队，在地图两侧出现.g9~/3.活动开始后，参与的玩家需要击杀小怪，以获得积分.g9~/4.积分达到副本区域解锁条件后，玩家可以进入最终BOSS区域。.g9~/5.对BOSS伤害高的一方获得最终的胜利。
滴血成画万里沙，鸿蒙剑影指天涯。鸿蒙争霸活动已经开启，请广大侠士积极备战！
滴血成画万里沙，鸿蒙剑影指天涯。鸿蒙争霸活动火热进行中，请广大侠士积极前往！
1800
鸿蒙争霸活动已结束，请期待下次活动开启！
3
42
2
12
0
0
16
0
0
18
0
0
22
0
0
16
2
3
3
3
3
4
4
4
4
5
5
5
5
5
6
6
5
1
42
44
3
11200011
11200016
11200008
60481002
27203001
1
1
1
102
1
442
245
3
2
-1
false
积分达到200分后解锁下一区域
412
244
394.5
245.2
3
200
false
积分达到400分后解锁BOSS区域
352
245
324.4
246.4
4
400
true
BOSS区域已解锁，请速前往击杀
280
249
263
249
11
67
246
3
12
-1
false
积分达到200分后解锁下一区域
95
246
110.2
245.2
13
200
false
积分达到400分后解锁BOSS区域
163
241
187
230
14
400
true
BOSS区域已解锁，请速前往击杀
224
247
262.5
242.7
8
27203006
15
1
200
5
1
27203006
15
1
200
15
1
27203012
5
3
40
5
5
27203012
5
3
40
15
5
27203012
10
3
40
6
5
27203012
10
3
40
16
5
27203017
5
5
20
7
20
27203017
5
5
20
17
20
120
2
2
12
5
5
2
1
10
2
10
5
20
2
cfg.cmd.action.XuNiBi
100000
cfg.cmd.action.JingYan
3872373
100
2
cfg.cmd.action.XuNiBi
125000
cfg.cmd.action.JingYan
4517769
200
2
cfg.cmd.action.XuNiBi
150000
cfg.cmd.action.JingYan
5163164
400
2
cfg.cmd.action.XuNiBi
200000
cfg.cmd.action.JingYan
5808560
1000
2
cfg.cmd.action.XuNiBi
250000
cfg.cmd.action.JingYan
6453955
2
45
59
3
11200011
11200016
11200008
60481002
27203002
1
1
1
102
1
442
245
3
2
-1
false
积分达到200分后解锁下一区域
412
244
394.5
245.2
3
200
false
积分达到400分后解锁BOSS区域
352
245
324.4
246.4
4
400
true
BOSS区域已解锁，请速前往击杀
280
249
263
249
11
67
246
3
12
-1
false
积分达到200分后解锁下一区域
95
246
110.2
245.2
13
200
false
积分达到400分后解锁BOSS区域
163
241
187
230
14
400
true
BOSS区域已解锁，请速前往击杀
224
247
262.5
242.7
8
27203007
15
1
200
5
1
27203007
15
1
200
15
1
27203013
5
3
40
5
5
27203013
5
3
40
15
5
27203013
10
3
40
6
5
27203013
10
3
40
16
5
27203018
5
5
20
7
20
27203018
5
5
20
17
20
120
2
2
12
5
5
2
1
10
2
10
5
20
2
cfg.cmd.action.XuNiBi
100000
cfg.cmd.action.JingYan
7476343
100
2
cfg.cmd.action.XuNiBi
125000
cfg.cmd.action.JingYan
8722400
200
2
cfg.cmd.action.XuNiBi
150000
cfg.cmd.action.JingYan
9968458
400
2
cfg.cmd.action.XuNiBi
200000
cfg.cmd.action.JingYan
11214515
1000
2
cfg.cmd.action.XuNiBi
250000
cfg.cmd.action.JingYan
12460572
3
60
74
3
11200012
11200017
11200008
60481002
27203003
1
1
1
102
1
442
245
3
2
-1
false
积分达到200分后解锁下一区域
412
244
394.5
245.2
3
200
false
积分达到400分后解锁BOSS区域
352
245
324.4
246.4
4
400
true
BOSS区域已解锁，请速前往击杀
280
249
263
249
11
67
246
3
12
-1
false
积分达到200分后解锁下一区域
95
246
110.2
245.2
13
200
false
积分达到400分后解锁BOSS区域
163
241
187
230
14
400
true
BOSS区域已解锁，请速前往击杀
224
247
262.5
242.7
8
27203008
15
1
200
5
1
27203008
15
1
200
15
1
27203014
5
3
40
5
5
27203014
5
3
40
15
5
27203014
10
3
40
6
5
27203014
10
3
40
16
5
27203019
5
5
20
7
20
27203019
5
5
20
17
20
120
2
2
12
5
5
2
1
10
2
10
5
20
2
cfg.cmd.action.XuNiBi
100000
cfg.cmd.action.JingYan
17149820
100
2
cfg.cmd.action.XuNiBi
125000
cfg.cmd.action.JingYan
20008124
200
2
cfg.cmd.action.XuNiBi
150000
cfg.cmd.action.JingYan
22866427
400
2
cfg.cmd.action.XuNiBi
200000
cfg.cmd.action.JingYan
25724731
1000
2
cfg.cmd.action.XuNiBi
250000
cfg.cmd.action.JingYan
28583034
4
75
99
3
11200013
11200018
11200008
60481002
27203004
1
1
1
102
1
442
245
3
2
-1
false
积分达到200分后解锁下一区域
412
244
394.5
245.2
3
200
false
积分达到400分后解锁BOSS区域
352
245
324.4
246.4
4
400
true
BOSS区域已解锁，请速前往击杀
280
249
263
249
11
67
246
3
12
-1
false
积分达到200分后解锁下一区域
95
246
110.2
245.2
13
200
false
积分达到400分后解锁BOSS区域
163
241
187
230
14
400
true
BOSS区域已解锁，请速前往击杀
224
247
262.5
242.7
8
27203009
15
1
200
5
1
27203009
15
1
200
15
1
27203015
5
3
40
5
5
27203015
5
3
40
15
5
27203015
10
3
40
6
5
27203015
10
3
40
16
5
27203020
5
5
20
7
20
27203020
5
5
20
17
20
120
2
2
12
5
5
2
1
10
2
10
5
20
2
cfg.cmd.action.XuNiBi
100000
cfg.cmd.action.JingYan
38436427
100
2
cfg.cmd.action.XuNiBi
125000
cfg.cmd.action.JingYan
44842498
200
2
cfg.cmd.action.XuNiBi
150000
cfg.cmd.action.JingYan
51248569
400
2
cfg.cmd.action.XuNiBi
200000
cfg.cmd.action.JingYan
57654640
1000
2
cfg.cmd.action.XuNiBi
250000
cfg.cmd.action.JingYan
64060711
5
90
104
3
11200014
11200019
11200008
60481002
27203005
1
1
1
102
1
442
245
3
2
-1
false
积分达到200分后解锁下一区域
412
244
394.5
245.2
3
200
false
积分达到400分后解锁BOSS区域
352
245
324.4
246.4
4
400
true
BOSS区域已解锁，请速前往击杀
280
249
263
249
11
67
246
3
12
-1
false
积分达到200分后解锁下一区域
95
246
110.2
245.2
13
200
false
积分达到400分后解锁BOSS区域
163
241
187
230
14
400
true
BOSS区域已解锁，请速前往击杀
224
247
262.5
242.7
8
27203010
15
1
200
5
1
27203010
15
1
200
15
1
27203016
5
3
40
5
5
27203016
5
3
40
15
5
27203016
10
3
40
6
5
27203016
10
3
40
16
5
27203021
5
5
20
7
20
27203021
5
5
20
17
20
120
2
2
12
5
5
2
1
10
2
10
5
20
2
cfg.cmd.action.XuNiBi
100000
cfg.cmd.action.JingYan
33311570
100
2
cfg.cmd.action.XuNiBi
125000
cfg.cmd.action.JingYan
41639462
200
2
cfg.cmd.action.XuNiBi
150000
cfg.cmd.action.JingYan
49967354
400
2
cfg.cmd.action.XuNiBi
200000
cfg.cmd.action.JingYan
66623139
1000
2
cfg.cmd.action.XuNiBi
250000
cfg.cmd.action.JingYan
83278924
