53
1
1
10
2
1
20
5
1
40
6
1
50
7
1
55
8
2
995
996
9
1
1010
10
1
1020
11
1
1170
12
1
1250
13
1
1400
14
1
1500
16
11
1100
1101
1102
1103
1104
1105
1106
1107
1108
1109
1110
17
6
3200
3201
3202
3203
3204
3205
19
5
1154
1155
1156
1157
1158
20
6
1160
1161
1162
1163
1164
1165
21
5
3000
3001
3002
3003
3004
22
9
4300
4301
4302
4303
4304
4305
4306
4307
4308
23
1
1189
24
4
1200
1201
1202
1203
25
10
1206
1207
1208
1209
1210
1211
1212
1213
1214
1215
26
5
1220
1221
1222
1223
1224
27
1
1239
28
3
1269
1270
1271
29
1
1280
30
1
1420
31
1
1520
32
1
1600
33
4
1700
1701
1702
1703
34
1
1999
35
1
1820
36
4
1900
1901
1902
1903
37
4
2100
2101
2102
2103
38
5
1194
1195
1196
1197
1198
40
1
3400
44
3
3800
3801
3802
45
1
4200
46
5
4700
4701
4702
4703
4704
47
3
4998
4999
5000
48
5
5100
5101
5102
5103
5104
49
1
5200
50
1
5300
51
1
5400
52
1
5401
53
1
5402
55
1
5600
56
5
5700
5701
5702
5703
5704
57
1
5800
58
4
5900
5901
5902
5903
59
7
6000
6001
6002
6003
6004
6005
6006
60
1
1604
61
3
6100
6101
6102
62
5
6200
6201
6202
6203
6204
