1
60490601
106
206
101
201
102
202
0
60
1
3
10
1800
4
15
30
6043
30
11
1
3
27302001
27302010
27302019
15
3
27302002
27302011
27302020
30
3
27302003
27302012
27302021
45
3
27302004
27302013
27302022
60
3
27302005
27302014
27302023
75
3
27302006
27302015
27302024
90
3
27302007
27302016
27302025
105
3
27302008
27302017
27302026
120
3
27302009
27302018
27302027
135
3
27302073
27302074
27302075
150
3
27302076
27302077
27302078
9
1
5
27302030
27302039
27302048
27302057
27302066
2
5
27302031
27302040
27302049
27302058
27302067
3
5
27302032
27302041
27302050
27302059
27302068
4
5
27302033
27302042
27302051
27302060
27302069
5
5
27302034
27302043
27302052
27302061
27302070
6
5
27302035
27302044
27302053
27302062
27302071
7
5
27302036
27302045
27302054
27302063
27302072
8
5
27302079
27302080
27302081
27302082
27302083
9
5
27302084
27302085
27302086
27302087
27302088
100
500
3
3000
3000
3000
3
546
650
573
650
600
650
3
488
650
463
650
435
650
10
0
1
cfg.cmd.action.Items
3
10200004
2500
10200015
1000
10400014
5
30
1
cfg.cmd.action.Items
3
10200004
3000
10200015
1000
10400014
5
45
1
cfg.cmd.action.Items
3
10200004
3500
10200015
1000
10400014
5
60
2
cfg.cmd.action.Items
3
10200004
4000
10200015
1000
10400014
5
cfg.cmd.action.NeiDan
100
75
2
cfg.cmd.action.Items
3
10200004
4500
10200015
1000
10400014
5
cfg.cmd.action.NeiDan
100
90
2
cfg.cmd.action.Items
3
10200004
5000
10200015
1000
10400014
5
cfg.cmd.action.NeiDan
100
105
2
cfg.cmd.action.Items
3
10200004
5500
10200015
1000
10400014
5
cfg.cmd.action.NeiDan
100
120
2
cfg.cmd.action.Items
3
10200004
6000
10200015
1000
10400014
5
cfg.cmd.action.NeiDan
100
135
2
cfg.cmd.action.Items
3
10200004
6500
10200015
1000
10400014
5
cfg.cmd.action.NeiDan
100
150
2
cfg.cmd.action.Items
3
10200004
7000
10200015
1000
10400014
5
cfg.cmd.action.NeiDan
100
10
0
1
cfg.cmd.action.Items
3
10200004
2000
10200015
500
10400014
3
30
1
cfg.cmd.action.Items
3
10200004
2400
10200015
500
10400014
3
45
1
cfg.cmd.action.Items
3
10200004
2800
10200015
500
10400014
3
60
2
cfg.cmd.action.Items
3
10200004
3200
10200015
500
10400014
3
cfg.cmd.action.NeiDan
60
75
2
cfg.cmd.action.Items
3
10200004
3600
10200015
500
10400014
3
cfg.cmd.action.NeiDan
60
90
2
cfg.cmd.action.Items
3
10200004
4000
10200015
500
10400014
3
cfg.cmd.action.NeiDan
60
105
2
cfg.cmd.action.Items
3
10200004
4400
10200015
500
10400014
3
cfg.cmd.action.NeiDan
60
120
2
cfg.cmd.action.Items
3
10200004
4800
10200015
500
10400014
3
cfg.cmd.action.NeiDan
60
135
2
cfg.cmd.action.Items
3
10200004
5200
10200015
500
10400014
3
cfg.cmd.action.NeiDan
60
150
2
cfg.cmd.action.Items
3
10200004
5600
10200015
500
10400014
3
cfg.cmd.action.NeiDan
60
10
0
1
cfg.cmd.action.Items
3
10200004
2250
10200015
750
10400014
4
30
1
cfg.cmd.action.Items
3
10200004
2700
10200015
750
10400014
4
45
1
cfg.cmd.action.Items
3
10200004
3150
10200015
750
10400014
4
60
2
cfg.cmd.action.Items
3
10200004
3600
10200015
750
10400014
4
cfg.cmd.action.NeiDan
80
75
2
cfg.cmd.action.Items
3
10200004
4050
10200015
750
10400014
4
cfg.cmd.action.NeiDan
80
90
2
cfg.cmd.action.Items
3
10200004
4500
10200015
750
10400014
4
cfg.cmd.action.NeiDan
80
105
2
cfg.cmd.action.Items
3
10200004
4950
10200015
750
10400014
4
cfg.cmd.action.NeiDan
80
120
2
cfg.cmd.action.Items
3
10200004
5400
10200015
750
10400014
4
cfg.cmd.action.NeiDan
80
135
2
cfg.cmd.action.Items
3
10200004
5850
10200015
750
10400014
4
cfg.cmd.action.NeiDan
80
150
2
cfg.cmd.action.Items
3
10200004
6300
10200015
750
10400014
4
cfg.cmd.action.NeiDan
80
10
1
1
cfg.cmd.action.BangGong
1000
2
1
cfg.cmd.action.BangGong
900
3
1
cfg.cmd.action.BangGong
750
4
1
cfg.cmd.action.BangGong
600
5
1
cfg.cmd.action.BangGong
600
6
1
cfg.cmd.action.BangGong
500
7
1
cfg.cmd.action.BangGong
500
8
1
cfg.cmd.action.BangGong
500
9
1
cfg.cmd.action.BangGong
500
10
1
cfg.cmd.action.BangGong
500
10000
5000
7
1
12
0
0
1
23
0
0
2
12
0
0
2
23
0
0
3
12
0
0
3
23
0
0
4
12
0
0
4
23
0
0
5
12
0
0
5
23
0
0
6
12
0
0
6
23
0
0
7
12
0
0
7
23
0
0
1.家族约战活动由家族族长，副族长发起.g9~/2.每天的12：00 - 23：00为活动时间，发起方家族需≥3级，且在线人数≥10人，才可发起挑战，同时可对多个家族发起挑战，并与最先应战的家族结成对战关系，每个家族每天仅可参与1次活动战场.g9~/3.每个约战邀请持续30分钟，超过时间没有家族应战，则邀请失败.g9~/4.活动最多持续30分钟，同时开2个战场，每个战场每个家族最多进入10名成员.g9~/5.战场中，每个家族拥有3个建筑，杀死对方玩家、摧毁对方建筑、击败对方神兽均可获得积分，最先摧毁对方全部建筑的家族获得胜利（战斗结束时，若双方建筑均未被全部摧毁，则积分较高一方获胜）.g9~/6.凡是参与的家族都将会获得家族建设度的奖励，家族全体成员也将会根据所做的贡献获得家族贡献的奖励，获胜方奖励加倍
