1
16
3
5
7
9
12
16
20
25
30
35
40
45
50
60
80
100
100
1
2
50000
0.4
2
0
2
2
50000
0.8
2
0
3
2
50000
0.9
2
0
4
2
50000
0.3
2
1
5
2
50000
0.9
2
1
6
5
50000
0.6
2
2
7
5
50000
0.9
2
2
8
5
50000
0.3
2
3
9
5
50000
0.9
2
3
10
5
50000
0.6
2
4
11
10
75000
0.9
2
4
12
10
75000
0.3
2
4
13
10
75000
0.9
2
5
14
10
75000
0.6
2
5
15
10
75000
0.9
2
5
16
10
75000
0.3
2
5
17
10
75000
0.9
2
6
18
10
75000
0.6
2
6
19
10
75000
0.9
2
6
20
10
75000
0.3
2
6
21
20
100000
0.9
2
7
22
20
100000
0.6
2
7
23
20
100000
0.9
2
7
24
20
100000
0.3
2
7
25
20
100000
0.9
2
7
26
20
100000
0.6
2
8
27
20
100000
0.9
2
8
28
20
100000
0.3
2
8
29
20
100000
0.9
2
8
30
20
100000
0.6
2
8
31
20
100000
0.9
2
9
32
20
100000
0.3
2
9
33
20
100000
0.9
2
9
34
20
100000
0.6
2
9
35
20
100000
0.9
2
9
36
20
100000
0.3
2
10
37
20
100000
0.9
2
10
38
20
100000
0.6
2
10
39
20
100000
0.9
2
10
40
20
100000
0.3
2
10
41
20
100000
0.9
2
11
42
20
100000
0.6
2
11
43
20
100000
0.9
2
11
44
20
100000
0.3
2
11
45
20
100000
0.9
2
11
46
20
100000
0.6
2
12
47
20
100000
0.9
2
12
48
20
100000
0.6
2
12
49
20
100000
0.9
2
12
50
20
100000
0.3
2
12
51
50
150000
0.9
2
13
52
50
150000
0.7
2
13
53
50
150000
0.7
2
13
54
50
150000
0.7
2
13
55
50
150000
0.7
2
13
56
50
150000
0.7
2
13
57
50
150000
0.7
2
13
58
50
150000
0.7
2
13
59
50
150000
0.7
2
13
60
50
150000
0.7
2
13
61
50
150000
0.7
2
14
62
50
150000
0.7
2
14
63
50
150000
0.7
2
14
64
50
150000
0.7
2
14
65
50
150000
0.7
2
14
66
50
150000
0.7
2
14
67
50
150000
0.7
2
14
68
50
150000
0.7
2
14
69
50
150000
0.7
2
14
70
50
150000
0.7
2
14
71
50
150000
0.7
2
14
72
50
150000
0.7
2
14
73
50
150000
0.7
2
14
74
50
150000
0.7
2
14
75
50
150000
0.7
2
14
76
50
150000
0.7
2
14
77
50
150000
0.7
2
14
78
50
150000
0.7
2
14
79
50
150000
0.7
2
14
80
50
150000
0.7
2
14
81
50
150000
0.7
2
15
82
50
150000
0.7
2
15
83
50
150000
0.7
2
15
84
50
150000
0.7
2
15
85
50
150000
0.7
2
15
86
50
150000
0.7
2
15
87
50
150000
0.7
2
15
88
50
150000
0.7
2
15
89
50
150000
0.7
2
15
90
50
150000
0.7
2
15
91
50
150000
0.7
2
15
92
50
150000
0.7
2
15
93
50
150000
0.7
2
15
94
50
150000
0.7
2
15
95
50
150000
0.7
2
15
96
50
150000
0.7
2
15
97
50
150000
0.7
2
15
98
50
150000
0.7
2
15
99
50
150000
0.7
2
15
100
50
150000
0.7
2
15
