6
1
初露锋芒
15
Texture_StoryNote_01
15
101
1
54100028
2
19
40
102
2
54100022
2
54100033
2
17
250
103
3
54100007
2
54100032
2
54100023
2
71
20
104
1
54100023
2
20
40
105
2
54100019
1
54100027
1
22
45
106
3
54100028
4
54100023
3
54100022
2
23
45
107
1
54200006
5
66
0.005
108
2
54100007
3
54100019
1
16
1500
109
3
54100019
1
54100018
1
54100027
3
72
0.005
110
1
54100005
3
16
2000
111
2
54100019
1
54100018
1
20
50
112
1
54200021
2
18
40
113
1
54100033
5
19
40
114
2
54100023
3
54100028
3
71
20
115
3
54100019
1
54100005
2
54100023
5
18
40
2
登堂入室
30
Texture_StoryNote_02
15
201
1
54100035
5
16
2000
202
2
54100021
1
54100029
1
22
70
203
2
54100019
1
54100001
1
19
60
204
1
54200012
3
23
70
205
2
54100009
2
54100027
2
17
350
206
2
54100028
3
54100041
2
71
60
207
1
54100001
1
19
120
208
2
54100029
2
54100022
3
20
40
209
2
54100001
1
54100002
1
18
100
210
1
54100018
2
16
3000
211
2
54100016
3
54100024
3
20
60
212
1
54200002
3
16
3000
213
1
54200019
5
8
0.02
214
2
54100035
4
54100036
4
66
0.005
215
3
54100033
3
54100037
3
54100034
3
7
0.005
3
声名鹊起
45
Texture_StoryNote_03
15
301
2
54100005
2
54100008
2
16
3500
302
2
54100011
4
54100002
1
18
80
303
2
54100010
2
54100019
2
20
80
304
1
54200022
1
6
0.005
305
2
54100014
2
54100002
1
20
90
306
3
54100006
1
54100003
1
54100001
1
70
0.005
307
2
54100001
1
54100004
1
19
130
308
1
54200010
3
17
450
309
3
54100002
1
54100014
2
54100032
3
16
4000
310
2
54100004
1
54100002
1
22
120
311
3
54100006
1
54100028
2
54100041
2
23
120
312
2
54100008
2
54100011
2
71
75
313
2
54100029
1
54100001
1
6
0.005
314
2
54200001
1
54200007
1
67
0.01
315
3
54100008
2
54100009
2
54100020
2
71
75
4
名扬四海
60
Texture_StoryNote_04
15
401
1
54100010
3
16
4000
402
2
54100031
2
54100017
2
71
90
403
3
54100035
3
54100033
3
54100039
3
20
100
404
1
54100003
2
22
125
405
2
54100007
3
54100001
1
16
4500
406
2
54100017
2
54100010
2
18
150
407
1
54100004
2
23
125
408
1
54200003
2
20
55
409
3
54100014
2
54100010
2
54100019
2
73
0.005
410
1
54200018
5
66
0.01
411
2
54100007
4
54100008
2
8
0.02
412
3
54100005
2
54100001
1
54100003
1
9
0.01
413
1
54200015
5
19
130
414
3
54100003
1
54100002
1
54100001
1
6
0.005
415
3
54100040
4
54100034
3
54100023
2
23
100
5
人中龙凤
75
Texture_StoryNote_05
20
501
1
54100004
2
16
5000
502
2
54100003
1
54100010
2
18
200
503
2
54100011
3
54100017
3
20
100
504
2
54200020
5
54200017
5
22
110
505
2
54100003
1
54100019
2
73
0.005
506
3
54100008
2
54100006
1
54100017
2
16
6000
507
2
54100014
2
54100029
2
19
150
508
2
54100031
3
54100002
2
19
170
509
1
54200021
5
20
100
510
1
54100003
2
18
150
511
1
54100021
3
9
0.01
512
2
54100003
3
54100017
3
6
0.005
513
2
54100006
1
54100001
1
23
120
514
2
54100014
4
54100024
5
7
0.005
515
3
54100016
3
54100028
2
54100041
1
17
800
516
2
54200014
2
54200007
2
15
0.05
517
2
54100020
2
54100031
2
69
0.01
518
1
54100019
6
16
7000
519
2
54100008
3
54100007
4
16
8000
520
3
54100029
1
54100021
2
54100015
3
9
0.02
6
登峰造极
90
Texture_StoryNote_06
20
601
1
54200013
3
16
8500
602
1
54100008
6
20
150
603
1
54200022
3
71
120
604
3
54100005
4
54100010
3
54100026
2
20
150
605
1
54100003
3
72
0.008
606
2
54100021
4
54100009
4
73
0.01
607
3
54100018
3
54100024
5
54100029
3
74
0.01
608
1
54200003
3
16
8500
609
2
54100011
4
54100019
4
68
0.01
610
3
54100004
1
54100021
3
54100029
3
16
9000
611
2
54100001
2
54100020
4
69
0.01
612
3
54100009
3
54100010
3
54100011
3
22
140
613
3
54100014
3
54100006
2
54100021
3
23
140
614
1
54100005
6
70
0.01
615
3
54100002
2
54100003
2
54100015
4
6
0.01
616
2
54100006
2
54100011
3
7
0.01
617
2
54100033
8
54100035
8
67
0.01
618
2
54100029
4
54100004
2
15
0.05
619
1
54100002
3
66
0.01
620
2
54100021
3
54100007
4
17
1000
