11
1
李易峰
又梦见小时候在河阳街头堆雪人了。
山中岁月清苦，修炼之途艰辛，还好有你相伴。
npc_zhangxiaofan
HEAD_Pet_01
1000
7
1
500
张小凡（碎片）X2
1
54100001
2
2
1000
偶像称号“蜜蜂”
1
59000114
1
3
2000
张小凡（碎片）X2
1
54100001
2
4
3000
张小凡（碎片）X2
1
54100001
2
5
5000
偶像称号“易生相守，峰雨同舟”
1
59000115
1
6
10000
张小凡（碎片）X5
1
54100001
5
7
20000
张小凡（碎片）X5
1
54100001
5
59001114
2
赵丽颖
哼，那个傻子！
看遍世间繁华，却少了个人一块儿，嗯，就是你了！
npc_biyao
HEAD_Pet_05
1000
7
1
500
碧瑶（碎片）X2
1
54100004
2
2
1000
偶像称号“颖火虫”
1
59000116
1
3
2000
碧瑶（碎片）X2
1
54100004
2
4
3000
碧瑶（碎片）X2
1
54100004
2
5
5000
偶像称号“如颖随行”
1
59000117
1
6
10000
碧瑶（碎片）X5
1
54100004
5
7
20000
碧瑶（碎片）X5
1
54100004
5
59001115
3
杨紫
空山望月，天涯路远。
望月亭台，你可愿与我共一场剑舞？
npc_luxueqi
HEAD_Pet_04
1000
7
1
500
陆雪琪（碎片）X2
1
54100002
2
2
1000
偶像称号“紫米”
1
59000118
1
3
2000
陆雪琪（碎片）X2
1
54100002
2
4
3000
陆雪琪（碎片）X2
1
54100002
2
5
5000
偶像称号“执紫之手”
1
59000119
1
6
10000
陆雪琪（碎片）X5
1
54100002
5
7
20000
陆雪琪（碎片）X5
1
54100002
5
59001116
4
成毅
我还是草庙村的那个我。
斩龙与你，皆为知己。
npc_linjingyu
HEAD_Pet_10
1000
7
1
500
林惊羽（碎片）X2
1
54100003
2
2
1000
偶像称号“奇异果”
1
59000120
1
3
2000
林惊羽（碎片）X2
1
54100003
2
4
3000
林惊羽（碎片）X2
1
54100003
2
5
5000
偶像称号“毅然爱你”
1
59000121
1
6
10000
林惊羽（碎片）X5
1
54100003
5
7
20000
林惊羽（碎片）X5
1
54100003
5
59001117
5
少年张小凡
今天和惊羽一起吃了麻辣小龙虾。
有你在我什么也不怕，因为你就是我的底气啊！
NPC_xiaozhangxiaofan
HEAD_Pet_02
1000
7
1
500
张小凡（碎片）X2
1
54100001
2
2
1000
偶像称号“小汤圆”
1
59000130
1
3
2000
张小凡（碎片）X2
1
54100001
2
4
3000
张小凡（碎片）X2
1
54100001
2
5
5000
偶像称号“伴你成长，为你护航”
1
59000131
1
6
10000
张小凡（碎片）X5
1
54100001
5
7
20000
张小凡（碎片）X5
1
54100001
5
59001120
6
少年林惊羽
我们一起坚持梦想。
无论三年，五年，还是十年，你都会陪着我吗？
npc_xiaolinjingyu
HEAD_Pet_11
1000
7
1
500
林惊羽（碎片）X2
1
54100003
2
2
1000
偶像称号“小螃蟹”
1
59000128
1
3
2000
林惊羽（碎片）X2
1
54100003
2
4
3000
林惊羽（碎片）X2
1
54100003
2
5
5000
偶像称号“从开始到未来”
1
59000129
1
6
10000
林惊羽（碎片）X5
1
54100003
5
7
20000
林惊羽（碎片）X5
1
54100003
5
59001121
7
小七
有没有人来和我跳支舞呢？
你和七哥成了永远的好朋友！
npc_xiaoqi
HEAD_Pet_17
1000
7
1
500
小七（碎片）X2
1
54100006
2
2
1000
偶像称号“千纸鹤”
1
59000132
1
3
2000
小七（碎片）X2
1
54100006
2
4
3000
小七（碎片）X2
1
54100006
2
5
5000
偶像称号“一心一意”
1
59000133
1
6
10000
小七（碎片）X5
1
54100006
5
7
20000
小七（碎片）X5
1
54100006
5
59001122
8
秦俊杰
跪求良策博美人一笑！
逍遥于花花世界，怎能没好友相伴？就等你了！
Npc_ZengShuShu
HEAD_Pet_24
1000
7
1
500
曾书书（碎片）X2
1
54100011
2
2
1000
偶像称号“晴天”
1
59000122
1
3
2000
曾书书（碎片）X2
1
54100011
2
4
3000
曾书书（碎片）X2
1
54100011
2
5
5000
偶像称号“晴天携手，杰出精彩”
1
59000123
1
6
10000
曾书书（碎片）X5
1
54100011
5
7
20000
曾书书（碎片）X5
1
54100011
5
59001118
9
秦无炎
天下至毒，是人心。
唯有你才能与秦某并肩，毒公子恭候多时了。
Npc_QingWuYan
HEAD_Pet_35
1000
7
1
500
秦无炎（碎片）X2
1
54100026
2
2
1000
偶像称号“帽子军”
1
59000124
1
3
2000
秦无炎（碎片）X2
1
54100026
2
4
3000
秦无炎（碎片）X2
1
54100026
2
5
5000
偶像称号“俊临天下”
1
59000125
1
6
10000
秦无炎（碎片）X5
1
54100026
5
7
20000
秦无炎（碎片）X5
1
54100026
5
59001124
10
田灵儿
唉，已有十二个时辰没见到齐师兄了。
为了等你，我都不去找齐师兄了~
NPC_TianLingEr
HEAD_Pet_40
1000
7
1
500
田灵儿（碎片）X2
1
54100027
2
2
1000
偶像称号“糖心”
1
59000126
1
3
2000
田灵儿（碎片）X2
1
54100027
2
4
3000
田灵儿（碎片）X2
1
54100027
2
5
5000
偶像称号“百里挑艺，昕昕相惜”
1
59000127
1
6
10000
田灵儿（碎片）X5
1
54100027
5
7
20000
田灵儿（碎片）X5
1
54100027
5
59001123
11
刘学义
天下谁人知我心！
赏江地浩大，江山如画，唯君与共。
npc_xiaoyicai
HEAD_Pet_38
1000
7
1
500
萧逸才（碎片）X2
1
54100020
2
2
1000
偶像称号“义鸣惊人”
1
59000134
1
3
2000
萧逸才（碎片）X2
1
54100020
2
4
3000
萧逸才（碎片）X2
1
54100020
2
5
5000
偶像称号“义无反顾”
1
59000135
1
6
10000
萧逸才（碎片）X5
1
54100020
5
7
20000
萧逸才（碎片）X5
1
54100020
5
59001119
