90
1
43
1
0.4
2
81
2
0.4
3
103
3
0.4
4
131
4
0.4
5
167
5
0.4
6
213
6
0.4
7
274
7
0.4
8
354
8
0.4
9
461
9
0.4
10
603
10
0.4
11
796
11
0.4
12
1061
12
0.4
13
1433
13
0.4
14
1965
14
0.4
15
2751
22.5
0.4
16
3962
24
0.4
17
5943
25.5
0.4
18
9508
27
0.4
19
17115
28.5
0.4
20
41076
30
0.4
21
61614
31.5
0.4
22
84499
33
0.4
23
118299
34.5
0.4
24
170350
36
0.4
25
255526
37.5
0.4
26
350435
39
0.4
27
490609
40.5
0.4
28
706477
42
0.4
29
1059716
43.5
0.4
30
1554250
60
0.4
31
1902402
62
0.4
32
2449342
64
0.4
33
2547316
66
0.4
34
2674682
68
0.4
35
2835162
70
0.4
36
3033624
72
0.4
37
3276314
74
0.4
38
3571182
76
0.4
39
3928300
78
0.4
40
4360413
80
0.4
41
4883663
82
0.4
42
5518539
84
0.4
43
6291134
86
0.4
44
7234804
88
0.4
45
10852207
112.5
0.4
46
11069251
115
0.4
47
11401328
117.5
0.4
48
11857381
120
0.4
49
12450251
122.5
0.4
50
13197266
125
0.4
51
14121074
127.5
0.4
52
15250760
130
0.4
53
16623328
132.5
0.4
54
18285661
135
0.4
55
20297084
137.5
0.4
56
22732734
140
0.4
57
25687990
142.5
0.4
58
29284308
145
0.4
59
33676954
147.5
0.4
60
50515432
180
0.4
61
51525740
183
0.4
62
53071512
186
0.4
63
55194373
189
0.4
64
57954092
192
0.4
65
61431337
195
0.4
66
65731531
198
0.4
67
70990053
201
0.4
68
77379158
204
0.4
69
85117074
207
0.4
70
94479952
210
0.4
71
105817546
213
0.4
72
119573827
216
0.4
73
136314163
219
0.4
74
156761287
222
0.4
75
235141931
262.5
0.4
76
239844769
266
0.4
77
247040113
269.5
0.4
78
256921717
273
0.4
79
269767803
276.5
0.4
80
285953871
280
0.4
81
305970642
283.5
0.4
82
330448293
287
0.4
83
360188640
290.5
0.4
84
396207504
294
0.4
85
439790329
297.5
0.4
86
492565169
301
0.4
87
556598641
304.5
0.4
88
634522450
308
0.4
89
729700818
311.5
0.4
90
1094551227
360
0.4
