38
22100001
张小凡
6
天书绝学
提升伙伴星阶即可提升该缘分属性。
1
22100001
1
9
1
1
72
0.03
11
1
72
0.045
21
1
72
0.06
31
1
72
0.075
41
1
72
0.09
51
1
72
0.105
61
1
72
0.12
71
1
72
0.135
81
1
72
0.15
三人同行
提升缘分相关的伙伴觉醒等级即可提升该缘分属性。
3
22100001
22100006
22100003
2
10
0
1
66
0.03
1
1
66
0.06
2
1
66
0.09
3
1
66
0.12
4
1
66
0.15
5
1
66
0.18
6
1
66
0.21
7
1
66
0.24
8
1
66
0.27
9
1
66
0.3
情动九天
提升缘分相关的伙伴觉醒等级即可提升该缘分属性。
2
22100001
22100002
2
10
0
1
72
0.015
1
1
72
0.03
2
1
72
0.045
3
1
72
0.06
4
1
72
0.075
5
1
72
0.09
6
1
72
0.105
7
1
72
0.12
8
1
72
0.135
9
1
72
0.15
碧血痴情
提升缘分相关的伙伴觉醒等级即可提升该缘分属性。
2
22100001
22100004
2
10
0
1
70
0.0225
1
1
70
0.045
2
1
70
0.0675
3
1
70
0.09
4
1
70
0.1125
5
1
70
0.135
6
1
70
0.1575
7
1
70
0.18
8
1
70
0.2025
9
1
70
0.225
情比父子
提升缘分相关的伙伴觉醒等级即可提升该缘分属性。
2
22100001
22100019
2
10
0
1
70
0.0225
1
1
70
0.045
2
1
70
0.0675
3
1
70
0.09
4
1
70
0.1125
5
1
70
0.135
6
1
70
0.1575
7
1
70
0.18
8
1
70
0.2025
9
1
70
0.225
山城竹马
提升缘分相关的伙伴觉醒等级即可提升该缘分属性。
2
22100001
22100003
2
10
0
1
73
0.0225
1
1
73
0.045
2
1
73
0.0675
3
1
73
0.09
4
1
73
0.1125
5
1
73
0.135
6
1
73
0.1575
7
1
73
0.18
8
1
73
0.2025
9
1
73
0.225
22100002
陆雪琪
6
天书绝学
提升伙伴星阶即可提升该缘分属性。
1
22100002
1
9
1
1
72
0.03
11
1
72
0.045
21
1
72
0.06
31
1
72
0.075
41
1
72
0.09
51
1
72
0.105
61
1
72
0.12
71
1
72
0.135
81
1
72
0.15
小竹师徒
提升缘分相关的伙伴觉醒等级即可提升该缘分属性。
2
22100002
22100014
2
10
0
1
66
0.0225
1
1
66
0.045
2
1
66
0.0675
3
1
66
0.09
4
1
66
0.1125
5
1
66
0.135
6
1
66
0.1575
7
1
66
0.18
8
1
66
0.2025
9
1
66
0.225
情动九天
提升缘分相关的伙伴觉醒等级即可提升该缘分属性。
2
22100002
22100001
2
10
0
1
72
0.015
1
1
72
0.03
2
1
72
0.045
3
1
72
0.06
4
1
72
0.075
5
1
72
0.09
6
1
72
0.105
7
1
72
0.12
8
1
72
0.135
9
1
72
0.15
天赋绝伦
提升缘分相关的伙伴觉醒等级即可提升该缘分属性。
2
22100002
22100003
2
10
0
1
70
0.015
1
1
70
0.03
2
1
70
0.045
3
1
70
0.06
4
1
70
0.075
5
1
70
0.09
6
1
70
0.105
7
1
70
0.12
8
1
70
0.135
9
1
70
0.15
倾世佳人
提升缘分相关的伙伴觉醒等级即可提升该缘分属性。
2
22100002
22100004
2
10
0
1
66
0.0225
1
1
66
0.045
2
1
66
0.0675
3
1
66
0.09
4
1
66
0.1125
5
1
66
0.135
6
1
66
0.1575
7
1
66
0.18
8
1
66
0.2025
9
1
66
0.225
青云翘楚
提升缘分相关的伙伴觉醒等级即可提升该缘分属性。
2
22100002
22100011
2
10
0
1
70
0.015
1
1
70
0.03
2
1
70
0.045
3
1
70
0.06
4
1
70
0.075
5
1
70
0.09
6
1
70
0.105
7
1
70
0.12
8
1
70
0.135
9
1
70
0.15
22100003
林惊羽
6
太极玄清道
提升伙伴星阶即可提升该缘分属性。
1
22100003
1
9
1
1
72
0.03
11
1
72
0.045
21
1
72
0.06
31
1
72
0.075
41
1
72
0.09
51
1
72
0.105
61
1
72
0.12
71
1
72
0.135
81
1
72
0.15
三人同行
提升缘分相关的伙伴觉醒等级即可提升该缘分属性。
3
22100003
22100001
22100006
2
10
0
1
66
0.03
1
1
66
0.06
2
1
66
0.09
3
1
66
0.12
4
1
66
0.15
5
1
66
0.18
6
1
66
0.21
7
1
66
0.24
8
1
66
0.27
9
1
66
0.3
陌路师徒
提升缘分相关的伙伴觉醒等级即可提升该缘分属性。
2
22100003
22100010
2
10
0
1
72
0.015
1
1
72
0.03
2
1
72
0.045
3
1
72
0.06
4
1
72
0.075
5
1
72
0.09
6
1
72
0.105
7
1
72
0.12
8
1
72
0.135
9
1
72
0.15
天赋绝伦
提升缘分相关的伙伴觉醒等级即可提升该缘分属性。
2
22100003
22100002
2
10
0
1
72
0.015
1
1
72
0.03
2
1
72
0.045
3
1
72
0.06
4
1
72
0.075
5
1
72
0.09
6
1
72
0.105
7
1
72
0.12
8
1
72
0.135
9
1
72
0.15
山城竹马
提升缘分相关的伙伴觉醒等级即可提升该缘分属性。
2
22100003
22100001
2
10
0
1
70
0.015
1
1
70
0.03
2
1
70
0.045
3
1
70
0.06
4
1
70
0.075
5
1
70
0.09
6
1
70
0.105
7
1
70
0.12
8
1
70
0.135
9
1
70
0.15
流水无情
提升缘分相关的伙伴觉醒等级即可提升该缘分属性。
2
22100003
22100015
2
10
0
1
6
0.03
1
1
6
0.06
2
1
6
0.09
3
1
6
0.12
4
1
6
0.15
5
1
6
0.18
6
1
6
0.21
7
1
6
0.24
8
1
6
0.27
9
1
6
0.3
22100004
碧瑶
6
通玄鬼神道
提升伙伴星阶即可提升该缘分属性。
1
22100004
1
9
1
1
66
0.06
11
1
66
0.09
21
1
66
0.12
31
1
66
0.15
41
1
66
0.18
51
1
66
0.21
61
1
66
0.24
71
1
66
0.27
81
1
66
0.3
狐山相依
提升缘分相关的伙伴觉醒等级即可提升该缘分属性。
2
22100004
22100031
2
10
0
1
66
0.0225
1
1
66
0.045
2
1
66
0.0675
3
1
66
0.09
4
1
66
0.1125
5
1
66
0.135
6
1
66
0.1575
7
1
66
0.18
8
1
66
0.2025
9
1
66
0.225
宗主之伴
提升缘分相关的伙伴觉醒等级即可提升该缘分属性。
2
22100004
22100030
2
10
0
1
72
0.015
1
1
72
0.03
2
1
72
0.045
3
1
72
0.06
4
1
72
0.075
5
1
72
0.09
6
1
72
0.105
7
1
72
0.12
8
1
72
0.135
9
1
72
0.15
碧血痴情
提升缘分相关的伙伴觉醒等级即可提升该缘分属性。
2
22100004
22100001
2
10
0
1
70
0.015
1
1
70
0.03
2
1
70
0.045
3
1
70
0.06
4
1
70
0.075
5
1
70
0.09
6
1
70
0.105
7
1
70
0.12
8
1
70
0.135
9
1
70
0.15
倾世佳人
提升缘分相关的伙伴觉醒等级即可提升该缘分属性。
2
22100004
22100002
2
10
0
1
66
0.0225
1
1
66
0.045
2
1
66
0.0675
3
1
66
0.09
4
1
66
0.1125
5
1
66
0.135
6
1
66
0.1575
7
1
66
0.18
8
1
66
0.2025
9
1
66
0.225
欢喜冤家
提升缘分相关的伙伴觉醒等级即可提升该缘分属性。
2
22100004
22100006
2
10
0
1
74
0.015
1
1
74
0.03
2
1
74
0.045
3
1
74
0.06
4
1
74
0.075
5
1
74
0.09
6
1
74
0.105
7
1
74
0.12
8
1
74
0.135
9
1
74
0.15
22100005
普智
6
大梵班若
提升伙伴星阶即可提升该缘分属性。
1
22100005
1
9
1
1
66
0.06
11
1
66
0.09
21
1
66
0.12
31
1
66
0.15
41
1
66
0.18
51
1
66
0.21
61
1
66
0.24
71
1
66
0.27
81
1
66
0.3
鬼影魔心
提升缘分相关的伙伴觉醒等级即可提升该缘分属性。
2
22100005
22100030
2
10
0
1
66
0.0225
1
1
66
0.045
2
1
66
0.0675
3
1
66
0.09
4
1
66
0.1125
5
1
66
0.135
6
1
66
0.1575
7
1
66
0.18
8
1
66
0.2025
9
1
66
0.225
一面师徒
提升缘分相关的伙伴觉醒等级即可提升该缘分属性。
2
22100005
22100001
2
10
0
1
72
0.015
1
1
72
0.03
2
1
72
0.045
3
1
72
0.06
4
1
72
0.075
5
1
72
0.09
6
1
72
0.105
7
1
72
0.12
8
1
72
0.135
9
1
72
0.15
旷世奇战
提升缘分相关的伙伴觉醒等级即可提升该缘分属性。
2
22100005
22100010
2
10
0
1
72
0.015
1
1
72
0.03
2
1
72
0.045
3
1
72
0.06
4
1
72
0.075
5
1
72
0.09
6
1
72
0.105
7
1
72
0.12
8
1
72
0.135
9
1
72
0.15
佛法无边
提升缘分相关的伙伴觉醒等级即可提升该缘分属性。
2
22100005
22100008
2
10
0
1
70
0.015
1
1
70
0.03
2
1
70
0.045
3
1
70
0.06
4
1
70
0.075
5
1
70
0.09
6
1
70
0.105
7
1
70
0.12
8
1
70
0.135
9
1
70
0.15
恩仇并济
提升缘分相关的伙伴觉醒等级即可提升该缘分属性。
2
22100005
22100003
2
10
0
1
6
0.015
1
1
6
0.03
2
1
6
0.045
3
1
6
0.06
4
1
6
0.075
5
1
6
0.09
6
1
6
0.105
7
1
6
0.12
8
1
6
0.135
9
1
6
0.15
22100006
小七
6
狐族心法
提升伙伴星阶即可提升该缘分属性。
1
22100006
1
9
1
1
70
0.03
11
1
70
0.045
21
1
70
0.06
31
1
70
0.075
41
1
70
0.09
51
1
70
0.105
61
1
70
0.12
71
1
70
0.135
81
1
70
0.15
三人同行
提升缘分相关的伙伴觉醒等级即可提升该缘分属性。
3
22100006
22100001
22100003
2
10
0
1
66
0.03
1
1
66
0.06
2
1
66
0.09
3
1
66
0.12
4
1
66
0.15
5
1
66
0.18
6
1
66
0.21
7
1
66
0.24
8
1
66
0.27
9
1
66
0.3
兄弟同心
提升缘分相关的伙伴觉醒等级即可提升该缘分属性。
2
22100006
22100041
2
10
0
1
72
0.015
1
1
72
0.03
2
1
72
0.045
3
1
72
0.06
4
1
72
0.075
5
1
72
0.09
6
1
72
0.105
7
1
72
0.12
8
1
72
0.135
9
1
72
0.15
情同姐弟
提升缘分相关的伙伴觉醒等级即可提升该缘分属性。
2
22100006
22100028
2
10
0
1
70
0.015
1
1
70
0.03
2
1
70
0.045
3
1
70
0.06
4
1
70
0.075
5
1
70
0.09
6
1
70
0.105
7
1
70
0.12
8
1
70
0.135
9
1
70
0.15
不共戴天
提升缘分相关的伙伴觉醒等级即可提升该缘分属性。
3
22100006
22100016
22100024
2
10
0
1
70
0.015
1
1
70
0.03
2
1
70
0.045
3
1
70
0.06
4
1
70
0.075
5
1
70
0.09
6
1
70
0.105
7
1
70
0.12
8
1
70
0.135
9
1
70
0.15
欢喜冤家
提升缘分相关的伙伴觉醒等级即可提升该缘分属性。
2
22100006
22100004
2
10
0
1
74
0.03
1
1
74
0.06
2
1
74
0.09
3
1
74
0.12
4
1
74
0.15
5
1
74
0.18
6
1
74
0.21
7
1
74
0.24
8
1
74
0.27
9
1
74
0.3
22100007
宋大仁
5
太极玄清道
提升伙伴星阶即可提升该缘分属性。
1
22100007
1
9
1
1
72
0.03
11
1
72
0.045
21
1
72
0.06
31
1
72
0.075
41
1
72
0.09
51
1
72
0.105
61
1
72
0.12
71
1
72
0.135
81
1
72
0.15
灵兽义主
提升缘分相关的伙伴觉醒等级即可提升该缘分属性。
2
22100007
22100023
2
10
0
1
66
0.03
1
1
66
0.06
2
1
66
0.09
3
1
66
0.12
4
1
66
0.15
5
1
66
0.18
6
1
66
0.21
7
1
66
0.24
8
1
66
0.27
9
1
66
0.3
神仙眷侣
提升缘分相关的伙伴觉醒等级即可提升该缘分属性。
2
22100007
22100032
2
10
0
1
70
0.015
1
1
70
0.03
2
1
70
0.045
3
1
70
0.06
4
1
70
0.075
5
1
70
0.09
6
1
70
0.105
7
1
70
0.12
8
1
70
0.135
9
1
70
0.15
首座首徒
提升缘分相关的伙伴觉醒等级即可提升该缘分属性。
2
22100007
22100019
2
10
0
1
73
0.015
1
1
73
0.03
2
1
73
0.045
3
1
73
0.06
4
1
73
0.075
5
1
73
0.09
6
1
73
0.105
7
1
73
0.12
8
1
73
0.135
9
1
73
0.15
师出同门
提升缘分相关的伙伴觉醒等级即可提升该缘分属性。
2
22100007
22100027
2
10
0
1
74
0.015
1
1
74
0.03
2
1
74
0.045
3
1
74
0.06
4
1
74
0.075
5
1
74
0.09
6
1
74
0.105
7
1
74
0.12
8
1
74
0.135
9
1
74
0.15
22100008
法相
6
大梵班若
提升伙伴星阶即可提升该缘分属性。
1
22100008
1
9
1
1
70
0.03
11
1
70
0.045
21
1
70
0.06
31
1
70
0.075
41
1
70
0.09
51
1
70
0.105
61
1
70
0.12
71
1
70
0.135
81
1
70
0.15
正道精英
提升缘分相关的伙伴觉醒等级即可提升该缘分属性。
2
22100008
22100003
2
10
0
1
66
0.0225
1
1
66
0.045
2
1
66
0.0675
3
1
66
0.09
4
1
66
0.1125
5
1
66
0.135
6
1
66
0.1575
7
1
66
0.18
8
1
66
0.2025
9
1
66
0.225
悟法奇才
提升缘分相关的伙伴觉醒等级即可提升该缘分属性。
2
22100008
22100020
2
10
0
1
66
0.0225
1
1
66
0.045
2
1
66
0.0675
3
1
66
0.09
4
1
66
0.1125
5
1
66
0.135
6
1
66
0.1575
7
1
66
0.18
8
1
66
0.2025
9
1
66
0.225
锦绣相逢
提升缘分相关的伙伴觉醒等级即可提升该缘分属性。
2
22100008
22100015
2
10
0
1
70
0.015
1
1
70
0.03
2
1
70
0.045
3
1
70
0.06
4
1
70
0.075
5
1
70
0.09
6
1
70
0.105
7
1
70
0.12
8
1
70
0.135
9
1
70
0.15
佛法无边
提升缘分相关的伙伴觉醒等级即可提升该缘分属性。
2
22100008
22100005
2
10
0
1
66
0.0225
1
1
66
0.045
2
1
66
0.0675
3
1
66
0.09
4
1
66
0.1125
5
1
66
0.135
6
1
66
0.1575
7
1
66
0.18
8
1
66
0.2025
9
1
66
0.225
相逢投缘
提升缘分相关的伙伴觉醒等级即可提升该缘分属性。
2
22100008
22100001
2
10
0
1
66
0.0225
1
1
66
0.045
2
1
66
0.0675
3
1
66
0.09
4
1
66
0.1125
5
1
66
0.135
6
1
66
0.1575
7
1
66
0.18
8
1
66
0.2025
9
1
66
0.225
22100009
齐昊
6
太极玄清道
提升伙伴星阶即可提升该缘分属性。
1
22100009
1
9
1
1
66
0.03
11
1
66
0.045
21
1
66
0.06
31
1
66
0.075
41
1
66
0.09
51
1
66
0.105
61
1
66
0.12
71
1
66
0.135
81
1
66
0.15
龙首双璧
提升缘分相关的伙伴觉醒等级即可提升该缘分属性。
2
22100009
22100003
2
10
0
1
72
0.015
1
1
72
0.03
2
1
72
0.045
3
1
72
0.06
4
1
72
0.075
5
1
72
0.09
6
1
72
0.105
7
1
72
0.12
8
1
72
0.135
9
1
72
0.15
天作之合
提升缘分相关的伙伴觉醒等级即可提升该缘分属性。
2
22100009
22100027
2
10
0
1
70
0.015
1
1
70
0.03
2
1
70
0.045
3
1
70
0.06
4
1
70
0.075
5
1
70
0.09
6
1
70
0.105
7
1
70
0.12
8
1
70
0.135
9
1
70
0.15
青云精英
提升缘分相关的伙伴觉醒等级即可提升该缘分属性。
2
22100009
22100011
2
10
0
1
73
0.015
1
1
73
0.03
2
1
73
0.045
3
1
73
0.06
4
1
73
0.075
5
1
73
0.09
6
1
73
0.105
7
1
73
0.12
8
1
73
0.135
9
1
73
0.15
青云双龙
提升缘分相关的伙伴觉醒等级即可提升该缘分属性。
2
22100009
22100020
2
10
0
1
74
0.015
1
1
74
0.03
2
1
74
0.045
3
1
74
0.06
4
1
74
0.075
5
1
74
0.09
6
1
74
0.105
7
1
74
0.12
8
1
74
0.135
9
1
74
0.15
八字不合
提升缘分相关的伙伴觉醒等级即可提升该缘分属性。
2
22100009
22100019
2
10
0
1
6
0.015
1
1
6
0.03
2
1
6
0.045
3
1
6
0.06
4
1
6
0.075
5
1
6
0.09
6
1
6
0.105
7
1
6
0.12
8
1
6
0.135
9
1
6
0.15
22100010
苍松
6
太极玄清道
提升伙伴星阶即可提升该缘分属性。
1
22100010
1
9
1
1
70
0.03
11
1
70
0.045
21
1
70
0.06
31
1
70
0.075
41
1
70
0.09
51
1
70
0.105
61
1
70
0.12
71
1
70
0.135
81
1
70
0.15
双面卧底
提升缘分相关的伙伴觉醒等级即可提升该缘分属性。
2
22100010
22100020
2
10
0
1
66
0.0225
1
1
66
0.045
2
1
66
0.0675
3
1
66
0.09
4
1
66
0.1125
5
1
66
0.135
6
1
66
0.1575
7
1
66
0.18
8
1
66
0.2025
9
1
66
0.225
陌路师徒
提升缘分相关的伙伴觉醒等级即可提升该缘分属性。
2
22100010
22100003
2
10
0
1
66
0.0225
1
1
66
0.045
2
1
66
0.0675
3
1
66
0.09
4
1
66
0.1125
5
1
66
0.135
6
1
66
0.1575
7
1
66
0.18
8
1
66
0.2025
9
1
66
0.225
夙怨难遣
提升缘分相关的伙伴觉醒等级即可提升该缘分属性。
2
22100010
22100019
2
10
0
1
72
0.015
1
1
72
0.03
2
1
72
0.045
3
1
72
0.06
4
1
72
0.075
5
1
72
0.09
6
1
72
0.105
7
1
72
0.12
8
1
72
0.135
9
1
72
0.15
旷世奇战
提升缘分相关的伙伴觉醒等级即可提升该缘分属性。
2
22100010
22100005
2
10
0
1
72
0.015
1
1
72
0.03
2
1
72
0.045
3
1
72
0.06
4
1
72
0.075
5
1
72
0.09
6
1
72
0.105
7
1
72
0.12
8
1
72
0.135
9
1
72
0.15
心照不宣
提升缘分相关的伙伴觉醒等级即可提升该缘分属性。
2
22100010
22100030
2
10
0
1
70
0.015
1
1
70
0.03
2
1
70
0.045
3
1
70
0.06
4
1
70
0.075
5
1
70
0.09
6
1
70
0.105
7
1
70
0.12
8
1
70
0.135
9
1
70
0.15
22100011
曾书书
6
太极玄清道
提升伙伴星阶即可提升该缘分属性。
1
22100011
1
9
1
1
66
0.045
11
1
66
0.0675
21
1
66
0.09
31
1
66
0.1125
41
1
66
0.135
51
1
66
0.1575
61
1
66
0.18
71
1
66
0.2025
81
1
66
0.225
表兄弟
提升缘分相关的伙伴觉醒等级即可提升该缘分属性。
2
22100011
22100016
2
10
0
1
66
0.03
1
1
66
0.06
2
1
66
0.09
3
1
66
0.12
4
1
66
0.15
5
1
66
0.18
6
1
66
0.21
7
1
66
0.24
8
1
66
0.27
9
1
66
0.3
一见投缘
提升缘分相关的伙伴觉醒等级即可提升该缘分属性。
2
22100011
22100001
2
10
0
1
72
0.015
1
1
72
0.03
2
1
72
0.045
3
1
72
0.06
4
1
72
0.075
5
1
72
0.09
6
1
72
0.105
7
1
72
0.12
8
1
72
0.135
9
1
72
0.15
同门之义
提升缘分相关的伙伴觉醒等级即可提升该缘分属性。
2
22100011
22100003
2
10
0
1
70
0.015
1
1
70
0.03
2
1
70
0.045
3
1
70
0.06
4
1
70
0.075
5
1
70
0.09
6
1
70
0.105
7
1
70
0.12
8
1
70
0.135
9
1
70
0.15
渝都之缘
提升缘分相关的伙伴觉醒等级即可提升该缘分属性。
2
22100011
22100029
2
10
0
1
74
0.015
1
1
74
0.03
2
1
74
0.045
3
1
74
0.06
4
1
74
0.075
5
1
74
0.09
6
1
74
0.105
7
1
74
0.12
8
1
74
0.135
9
1
74
0.15
青云翘楚
提升缘分相关的伙伴觉醒等级即可提升该缘分属性。
2
22100011
22100002
2
10
0
1
74
0.015
1
1
74
0.03
2
1
74
0.045
3
1
74
0.06
4
1
74
0.075
5
1
74
0.09
6
1
74
0.105
7
1
74
0.12
8
1
74
0.135
9
1
74
0.15
22100014
水月
6
太极玄清道
提升伙伴星阶即可提升该缘分属性。
1
22100014
1
9
1
1
73
0.03
11
1
73
0.045
21
1
73
0.06
31
1
73
0.075
41
1
73
0.09
51
1
73
0.105
61
1
73
0.12
71
1
73
0.135
81
1
73
0.15
小竹师徒
提升缘分相关的伙伴觉醒等级即可提升该缘分属性。
2
22100014
22100002
2
10
0
1
66
0.0225
1
1
66
0.045
2
1
66
0.0675
3
1
66
0.09
4
1
66
0.1125
5
1
66
0.135
6
1
66
0.1575
7
1
66
0.18
8
1
66
0.2025
9
1
66
0.225
小竹姐妹
提升缘分相关的伙伴觉醒等级即可提升该缘分属性。
2
22100014
22100018
2
10
0
1
66
0.0225
1
1
66
0.045
2
1
66
0.0675
3
1
66
0.09
4
1
66
0.1125
5
1
66
0.135
6
1
66
0.1575
7
1
66
0.18
8
1
66
0.2025
9
1
66
0.225
终归一脉
提升缘分相关的伙伴觉醒等级即可提升该缘分属性。
2
22100014
22100007
2
10
0
1
72
0.015
1
1
72
0.03
2
1
72
0.045
3
1
72
0.06
4
1
72
0.075
5
1
72
0.09
6
1
72
0.105
7
1
72
0.12
8
1
72
0.135
9
1
72
0.15
师徒连心
提升缘分相关的伙伴觉醒等级即可提升该缘分属性。
2
22100014
22100032
2
10
0
1
70
0.015
1
1
70
0.03
2
1
70
0.045
3
1
70
0.06
4
1
70
0.075
5
1
70
0.09
6
1
70
0.105
7
1
70
0.12
8
1
70
0.135
9
1
70
0.15
横眉冷目
提升缘分相关的伙伴觉醒等级即可提升该缘分属性。
2
22100014
22100019
2
10
0
1
74
0.015
1
1
74
0.03
2
1
74
0.045
3
1
74
0.06
4
1
74
0.075
5
1
74
0.09
6
1
74
0.105
7
1
74
0.12
8
1
74
0.135
9
1
74
0.15
22100015
金瓶儿
6
玉女心经
提升伙伴星阶即可提升该缘分属性。
1
22100015
1
9
1
1
72
0.03
11
1
72
0.045
21
1
72
0.06
31
1
72
0.075
41
1
72
0.09
51
1
72
0.105
61
1
72
0.12
71
1
72
0.135
81
1
72
0.15
萍水相逢
提升缘分相关的伙伴觉醒等级即可提升该缘分属性。
2
22100015
22100001
2
10
0
1
66
0.03
1
1
66
0.06
2
1
66
0.09
3
1
66
0.12
4
1
66
0.15
5
1
66
0.18
6
1
66
0.21
7
1
66
0.24
8
1
66
0.27
9
1
66
0.3
落花有意
提升缘分相关的伙伴觉醒等级即可提升该缘分属性。
2
22100015
22100003
2
10
0
1
70
0.015
1
1
70
0.03
2
1
70
0.045
3
1
70
0.06
4
1
70
0.075
5
1
70
0.09
6
1
70
0.105
7
1
70
0.12
8
1
70
0.135
9
1
70
0.15
圣教双璧
提升缘分相关的伙伴觉醒等级即可提升该缘分属性。
2
22100015
22100026
2
10
0
1
73
0.015
1
1
73
0.03
2
1
73
0.045
3
1
73
0.06
4
1
73
0.075
5
1
73
0.09
6
1
73
0.105
7
1
73
0.12
8
1
73
0.135
9
1
73
0.15
金兰姐妹
提升缘分相关的伙伴觉醒等级即可提升该缘分属性。
2
22100015
22100029
2
10
0
1
6
0.015
1
1
6
0.03
2
1
6
0.045
3
1
6
0.06
4
1
6
0.075
5
1
6
0.09
6
1
6
0.105
7
1
6
0.12
8
1
6
0.135
9
1
6
0.15
锦绣相逢
提升缘分相关的伙伴觉醒等级即可提升该缘分属性。
2
22100015
22100008
2
10
0
1
6
0.015
1
1
6
0.03
2
1
6
0.045
3
1
6
0.06
4
1
6
0.075
5
1
6
0.09
6
1
6
0.105
7
1
6
0.12
8
1
6
0.135
9
1
6
0.15
22100016
李洵
5
焚香玉册
提升伙伴星阶即可提升该缘分属性。
1
22100016
1
9
1
1
66
0.06
11
1
66
0.09
21
1
66
0.12
31
1
66
0.15
41
1
66
0.18
51
1
66
0.21
61
1
66
0.24
71
1
66
0.27
81
1
66
0.3
难解宿敌
提升缘分相关的伙伴觉醒等级即可提升该缘分属性。
2
22100016
22100041
2
10
0
1
72
0.015
1
1
72
0.03
2
1
72
0.045
3
1
72
0.06
4
1
72
0.075
5
1
72
0.09
6
1
72
0.105
7
1
72
0.12
8
1
72
0.135
9
1
72
0.15
宿世之仇
提升缘分相关的伙伴觉醒等级即可提升该缘分属性。
2
22100016
22100006
2
10
0
1
70
0.015
1
1
70
0.03
2
1
70
0.045
3
1
70
0.06
4
1
70
0.075
5
1
70
0.09
6
1
70
0.105
7
1
70
0.12
8
1
70
0.135
9
1
70
0.15
金童玉女
提升缘分相关的伙伴觉醒等级即可提升该缘分属性。
2
22100016
22100024
2
10
0
1
73
0.015
1
1
73
0.03
2
1
73
0.045
3
1
73
0.06
4
1
73
0.075
5
1
73
0.09
6
1
73
0.105
7
1
73
0.12
8
1
73
0.135
9
1
73
0.15
表兄弟
提升缘分相关的伙伴觉醒等级即可提升该缘分属性。
2
22100016
22100011
2
10
0
1
74
0.015
1
1
74
0.03
2
1
74
0.045
3
1
74
0.06
4
1
74
0.075
5
1
74
0.09
6
1
74
0.105
7
1
74
0.12
8
1
74
0.135
9
1
74
0.15
22100017
青龙
6
通玄鬼神道
提升伙伴星阶即可提升该缘分属性。
1
22100017
1
9
1
1
72
0.03
11
1
72
0.045
21
1
72
0.06
31
1
72
0.075
41
1
72
0.09
51
1
72
0.105
61
1
72
0.12
71
1
72
0.135
81
1
72
0.15
罪魁祸首
提升缘分相关的伙伴觉醒等级即可提升该缘分属性。
2
22100017
22100020
2
10
0
1
72
0.015
1
1
72
0.03
2
1
72
0.045
3
1
72
0.06
4
1
72
0.075
5
1
72
0.09
6
1
72
0.105
7
1
72
0.12
8
1
72
0.135
9
1
72
0.15
圣教护法
提升缘分相关的伙伴觉醒等级即可提升该缘分属性。
2
22100017
22100031
2
10
0
1
70
0.015
1
1
70
0.03
2
1
70
0.045
3
1
70
0.06
4
1
70
0.075
5
1
70
0.09
6
1
70
0.105
7
1
70
0.12
8
1
70
0.135
9
1
70
0.15
忠心护主
提升缘分相关的伙伴觉醒等级即可提升该缘分属性。
2
22100017
22100030
2
10
0
1
70
0.015
1
1
70
0.03
2
1
70
0.045
3
1
70
0.06
4
1
70
0.075
5
1
70
0.09
6
1
70
0.105
7
1
70
0.12
8
1
70
0.135
9
1
70
0.15
鬼王双翼
提升缘分相关的伙伴觉醒等级即可提升该缘分属性。
2
22100017
22100030
2
10
0
1
73
0.015
1
1
73
0.03
2
1
73
0.045
3
1
73
0.06
4
1
73
0.075
5
1
73
0.09
6
1
73
0.105
7
1
73
0.12
8
1
73
0.135
9
1
73
0.15
生死之交
提升缘分相关的伙伴觉醒等级即可提升该缘分属性。
2
22100017
22100026
2
10
0
1
6
0.015
1
1
6
0.03
2
1
6
0.045
3
1
6
0.06
4
1
6
0.075
5
1
6
0.09
6
1
6
0.105
7
1
6
0.12
8
1
6
0.135
9
1
6
0.15
22100018
苏茹
6
太极玄清道
提升伙伴星阶即可提升该缘分属性。
1
22100018
1
9
1
1
72
0.03
11
1
72
0.045
21
1
72
0.06
31
1
72
0.075
41
1
72
0.09
51
1
72
0.105
61
1
72
0.12
71
1
72
0.135
81
1
72
0.15
伉俪情深
提升缘分相关的伙伴觉醒等级即可提升该缘分属性。
2
22100018
22100019
2
10
0
1
66
0.0225
1
1
66
0.045
2
1
66
0.0675
3
1
66
0.09
4
1
66
0.1125
5
1
66
0.135
6
1
66
0.1575
7
1
66
0.18
8
1
66
0.2025
9
1
66
0.225
小竹姐妹
提升缘分相关的伙伴觉醒等级即可提升该缘分属性。
2
22100018
22100014
2
10
0
1
66
0.015
1
1
66
0.03
2
1
66
0.045
3
1
66
0.06
4
1
66
0.075
5
1
66
0.09
6
1
66
0.105
7
1
66
0.12
8
1
66
0.135
9
1
66
0.15
大竹峰
提升缘分相关的伙伴觉醒等级即可提升该缘分属性。
3
22100018
22100019
22100027
2
10
0
1
70
0.015
1
1
70
0.03
2
1
70
0.045
3
1
70
0.06
4
1
70
0.075
5
1
70
0.09
6
1
70
0.105
7
1
70
0.12
8
1
70
0.135
9
1
70
0.15
慈心暖意
提升缘分相关的伙伴觉醒等级即可提升该缘分属性。
2
22100018
22100001
2
10
0
1
66
0.015
1
1
66
0.03
2
1
66
0.045
3
1
66
0.06
4
1
66
0.075
5
1
66
0.09
6
1
66
0.105
7
1
66
0.12
8
1
66
0.135
9
1
66
0.15
长徒如子
提升缘分相关的伙伴觉醒等级即可提升该缘分属性。
2
22100018
22100007
2
10
0
1
70
0.015
1
1
70
0.03
2
1
70
0.045
3
1
70
0.06
4
1
70
0.075
5
1
70
0.09
6
1
70
0.105
7
1
70
0.12
8
1
70
0.135
9
1
70
0.15
22100019
田不易
6
太极玄清道
提升伙伴星阶即可提升该缘分属性。
1
22100019
1
9
1
1
73
0.06
11
1
73
0.09
21
1
73
0.12
31
1
73
0.15
41
1
73
0.18
51
1
73
0.21
61
1
73
0.24
71
1
73
0.27
81
1
73
0.3
情比父子
提升缘分相关的伙伴觉醒等级即可提升该缘分属性。
2
22100019
22100001
2
10
0
1
66
0.03
1
1
66
0.06
2
1
66
0.09
3
1
66
0.12
4
1
66
0.15
5
1
66
0.18
6
1
66
0.21
7
1
66
0.24
8
1
66
0.27
9
1
66
0.3
横眉冷对
提升缘分相关的伙伴觉醒等级即可提升该缘分属性。
2
22100019
22100014
2
10
0
1
66
0.015
1
1
66
0.03
2
1
66
0.045
3
1
66
0.06
4
1
66
0.075
5
1
66
0.09
6
1
66
0.105
7
1
66
0.12
8
1
66
0.135
9
1
66
0.15
大竹峰
提升缘分相关的伙伴觉醒等级即可提升该缘分属性。
3
22100019
22100018
22100027
2
10
0
1
72
0.015
1
1
72
0.03
2
1
72
0.045
3
1
72
0.06
4
1
72
0.075
5
1
72
0.09
6
1
72
0.105
7
1
72
0.12
8
1
72
0.135
9
1
72
0.15
首座首徒
提升缘分相关的伙伴觉醒等级即可提升该缘分属性。
2
22100019
22100007
2
10
0
1
66
0.0225
1
1
66
0.045
2
1
66
0.0675
3
1
66
0.09
4
1
66
0.1125
5
1
66
0.135
6
1
66
0.1575
7
1
66
0.18
8
1
66
0.2025
9
1
66
0.225
夙怨难遣
提升缘分相关的伙伴觉醒等级即可提升该缘分属性。
2
22100019
22100010
2
10
0
1
70
0.015
1
1
70
0.03
2
1
70
0.045
3
1
70
0.06
4
1
70
0.075
5
1
70
0.09
6
1
70
0.105
7
1
70
0.12
8
1
70
0.135
9
1
70
0.15
22100020
萧逸才
6
太极玄清道
提升伙伴星阶即可提升该缘分属性。
1
22100020
1
9
1
1
6
0.045
11
1
6
0.0675
21
1
6
0.09
31
1
6
0.1125
41
1
6
0.135
51
1
6
0.1575
61
1
6
0.18
71
1
6
0.2025
81
1
6
0.225
青云奇才
提升缘分相关的伙伴觉醒等级即可提升该缘分属性。
2
22100020
22100011
2
10
0
1
66
0.03
1
1
66
0.06
2
1
66
0.09
3
1
66
0.12
4
1
66
0.15
5
1
66
0.18
6
1
66
0.21
7
1
66
0.24
8
1
66
0.27
9
1
66
0.3
青云双龙
提升缘分相关的伙伴觉醒等级即可提升该缘分属性。
2
22100020
22100009
2
10
0
1
66
0.015
1
1
66
0.03
2
1
66
0.045
3
1
66
0.06
4
1
66
0.075
5
1
66
0.09
6
1
66
0.105
7
1
66
0.12
8
1
66
0.135
9
1
66
0.15
罪魁祸首
提升缘分相关的伙伴觉醒等级即可提升该缘分属性。
2
22100020
22100017
2
10
0
1
69
0.015
1
1
69
0.03
2
1
69
0.045
3
1
69
0.06
4
1
69
0.075
5
1
69
0.09
6
1
69
0.105
7
1
69
0.12
8
1
69
0.135
9
1
69
0.15
双面卧底
提升缘分相关的伙伴觉醒等级即可提升该缘分属性。
2
22100020
22100010
2
10
0
1
66
0.0225
1
1
66
0.045
2
1
66
0.0675
3
1
66
0.09
4
1
66
0.1125
5
1
66
0.135
6
1
66
0.1575
7
1
66
0.18
8
1
66
0.2025
9
1
66
0.225
惊才艳绝
提升缘分相关的伙伴觉醒等级即可提升该缘分属性。
2
22100020
22100003
2
10
0
1
70
0.0225
1
1
70
0.045
2
1
70
0.0675
3
1
70
0.09
4
1
70
0.1125
5
1
70
0.135
6
1
70
0.1575
7
1
70
0.18
8
1
70
0.2025
9
1
70
0.225
22100021
周一仙
6
太极玄清道
提升伙伴星阶即可提升该缘分属性。
1
22100021
1
9
1
1
66
0.06
11
1
66
0.09
21
1
66
0.12
31
1
66
0.15
41
1
66
0.18
51
1
66
0.21
61
1
66
0.24
71
1
66
0.27
81
1
66
0.3
得道高人
提升缘分相关的伙伴觉醒等级即可提升该缘分属性。
2
22100021
22100030
2
10
0
1
66
0.03
1
1
66
0.06
2
1
66
0.09
3
1
66
0.12
4
1
66
0.15
5
1
66
0.18
6
1
66
0.21
7
1
66
0.24
8
1
66
0.27
9
1
66
0.3
祖孙相伴
提升缘分相关的伙伴觉醒等级即可提升该缘分属性。
2
22100021
22100029
2
10
0
1
66
0.03
1
1
66
0.06
2
1
66
0.09
3
1
66
0.12
4
1
66
0.15
5
1
66
0.18
6
1
66
0.21
7
1
66
0.24
8
1
66
0.27
9
1
66
0.3
仙人指路
提升缘分相关的伙伴觉醒等级即可提升该缘分属性。
2
22100021
22100001
2
10
0
1
70
0.0225
1
1
70
0.045
2
1
70
0.0675
3
1
70
0.09
4
1
70
0.1125
5
1
70
0.135
6
1
70
0.1575
7
1
70
0.18
8
1
70
0.2025
9
1
70
0.225
道破天机
提升缘分相关的伙伴觉醒等级即可提升该缘分属性。
2
22100021
22100026
2
10
0
1
70
0.0225
1
1
70
0.045
2
1
70
0.0675
3
1
70
0.09
4
1
70
0.1125
5
1
70
0.135
6
1
70
0.1575
7
1
70
0.18
8
1
70
0.2025
9
1
70
0.225
忘年之交
提升缘分相关的伙伴觉醒等级即可提升该缘分属性。
2
22100021
22100015
2
10
0
1
7
0.0225
1
1
7
0.045
2
1
7
0.0675
3
1
7
0.09
4
1
7
0.1125
5
1
7
0.135
6
1
7
0.1575
7
1
7
0.18
8
1
7
0.2025
9
1
7
0.225
22100022
野狗道人
5
炼血秘法
提升伙伴星阶即可提升该缘分属性。
1
22100022
1
9
1
1
66
0.06
11
1
66
0.09
21
1
66
0.12
31
1
66
0.15
41
1
66
0.18
51
1
66
0.21
61
1
66
0.24
71
1
66
0.27
81
1
66
0.3
炼血门下
提升缘分相关的伙伴觉醒等级即可提升该缘分属性。
2
22100022
22100033
2
10
0
1
72
0.015
1
1
72
0.03
2
1
72
0.045
3
1
72
0.06
4
1
72
0.075
5
1
72
0.09
6
1
72
0.105
7
1
72
0.12
8
1
72
0.135
9
1
72
0.15
单身狗
提升缘分相关的伙伴觉醒等级即可提升该缘分属性。
2
22100022
22100023
2
10
0
1
70
0.015
1
1
70
0.03
2
1
70
0.045
3
1
70
0.06
4
1
70
0.075
5
1
70
0.09
6
1
70
0.105
7
1
70
0.12
8
1
70
0.135
9
1
70
0.15
守护者
提升缘分相关的伙伴觉醒等级即可提升该缘分属性。
2
22100022
22100029
2
10
0
1
73
0.015
1
1
73
0.03
2
1
73
0.045
3
1
73
0.06
4
1
73
0.075
5
1
73
0.09
6
1
73
0.105
7
1
73
0.12
8
1
73
0.135
9
1
73
0.15
一心护主
提升缘分相关的伙伴觉醒等级即可提升该缘分属性。
2
22100022
22100004
2
10
0
1
73
0.015
1
1
73
0.03
2
1
73
0.045
3
1
73
0.06
4
1
73
0.075
5
1
73
0.09
6
1
73
0.105
7
1
73
0.12
8
1
73
0.135
9
1
73
0.15
22100023
大黄
5
长生之术
提升伙伴星阶即可提升该缘分属性。
1
22100023
1
9
1
1
72
0.03
11
1
72
0.045
21
1
72
0.06
31
1
72
0.075
41
1
72
0.09
51
1
72
0.105
61
1
72
0.12
71
1
72
0.135
81
1
72
0.15
单身狗
提升缘分相关的伙伴觉醒等级即可提升该缘分属性。
2
22100023
22100022
2
10
0
1
66
0.03
1
1
66
0.06
2
1
66
0.09
3
1
66
0.12
4
1
66
0.15
5
1
66
0.18
6
1
66
0.21
7
1
66
0.24
8
1
66
0.27
9
1
66
0.3
竹峰小友
提升缘分相关的伙伴觉醒等级即可提升该缘分属性。
2
22100023
22100027
2
10
0
1
70
0.015
1
1
70
0.03
2
1
70
0.045
3
1
70
0.06
4
1
70
0.075
5
1
70
0.09
6
1
70
0.105
7
1
70
0.12
8
1
70
0.135
9
1
70
0.15
义兽随主
提升缘分相关的伙伴觉醒等级即可提升该缘分属性。
2
22100023
22100019
2
10
0
1
73
0.015
1
1
73
0.03
2
1
73
0.045
3
1
73
0.06
4
1
73
0.075
5
1
73
0.09
6
1
73
0.105
7
1
73
0.12
8
1
73
0.135
9
1
73
0.15
灵兽义主
提升缘分相关的伙伴觉醒等级即可提升该缘分属性。
2
22100023
22100007
2
10
0
1
74
0.015
1
1
74
0.03
2
1
74
0.045
3
1
74
0.06
4
1
74
0.075
5
1
74
0.09
6
1
74
0.105
7
1
74
0.12
8
1
74
0.135
9
1
74
0.15
22100024
燕虹
5
焚香玉册
提升伙伴星阶即可提升该缘分属性。
1
22100024
1
9
1
1
72
0.03
11
1
72
0.045
21
1
72
0.06
31
1
72
0.075
41
1
72
0.09
51
1
72
0.105
61
1
72
0.12
71
1
72
0.135
81
1
72
0.15
一言不合
提升缘分相关的伙伴觉醒等级即可提升该缘分属性。
2
22100024
22100029
2
10
0
1
66
0.03
1
1
66
0.06
2
1
66
0.09
3
1
66
0.12
4
1
66
0.15
5
1
66
0.18
6
1
66
0.21
7
1
66
0.24
8
1
66
0.27
9
1
66
0.3
棋逢对手
提升缘分相关的伙伴觉醒等级即可提升该缘分属性。
2
22100024
22100041
2
10
0
1
70
0.015
1
1
70
0.03
2
1
70
0.045
3
1
70
0.06
4
1
70
0.075
5
1
70
0.09
6
1
70
0.105
7
1
70
0.12
8
1
70
0.135
9
1
70
0.15
金童玉女
提升缘分相关的伙伴觉醒等级即可提升该缘分属性。
2
22100024
22100016
2
10
0
1
73
0.015
1
1
73
0.03
2
1
73
0.045
3
1
73
0.06
4
1
73
0.075
5
1
73
0.09
6
1
73
0.105
7
1
73
0.12
8
1
73
0.135
9
1
73
0.15
正道红颜
提升缘分相关的伙伴觉醒等级即可提升该缘分属性。
2
22100024
22100032
2
10
0
1
73
0.015
1
1
73
0.03
2
1
73
0.045
3
1
73
0.06
4
1
73
0.075
5
1
73
0.09
6
1
73
0.105
7
1
73
0.12
8
1
73
0.135
9
1
73
0.15
22100026
秦无炎
6
万毒归宗
提升伙伴星阶即可提升该缘分属性。
1
22100026
1
9
1
1
66
0.045
11
1
66
0.0675
21
1
66
0.09
31
1
66
0.1125
41
1
66
0.135
51
1
66
0.1575
61
1
66
0.18
71
1
66
0.2025
81
1
66
0.225
毒影红颜
提升缘分相关的伙伴觉醒等级即可提升该缘分属性。
2
22100026
22100004
2
10
0
1
66
0.03
1
1
66
0.06
2
1
66
0.09
3
1
66
0.12
4
1
66
0.15
5
1
66
0.18
6
1
66
0.21
7
1
66
0.24
8
1
66
0.27
9
1
66
0.3
生死之交
提升缘分相关的伙伴觉醒等级即可提升该缘分属性。
2
22100026
22100017
2
10
0
1
72
0.015
1
1
72
0.03
2
1
72
0.045
3
1
72
0.06
4
1
72
0.075
5
1
72
0.09
6
1
72
0.105
7
1
72
0.12
8
1
72
0.135
9
1
72
0.15
圣教双璧
提升缘分相关的伙伴觉醒等级即可提升该缘分属性。
2
22100026
22100015
2
10
0
1
70
0.015
1
1
70
0.03
2
1
70
0.045
3
1
70
0.06
4
1
70
0.075
5
1
70
0.09
6
1
70
0.105
7
1
70
0.12
8
1
70
0.135
9
1
70
0.15
公子无双
提升缘分相关的伙伴觉醒等级即可提升该缘分属性。
2
22100026
22100001
2
10
0
1
73
0.0225
1
1
73
0.045
2
1
73
0.0675
3
1
73
0.09
4
1
73
0.1125
5
1
73
0.135
6
1
73
0.1575
7
1
73
0.18
8
1
73
0.2025
9
1
73
0.225
亲传弟子
提升缘分相关的伙伴觉醒等级即可提升该缘分属性。
2
22100026
22100035
2
10
0
1
73
0.0225
1
1
73
0.045
2
1
73
0.0675
3
1
73
0.09
4
1
73
0.1125
5
1
73
0.135
6
1
73
0.1575
7
1
73
0.18
8
1
73
0.2025
9
1
73
0.225
22100027
田灵儿
6
太极玄清道
提升伙伴星阶即可提升该缘分属性。
1
22100027
1
9
1
1
66
0.03
11
1
66
0.045
21
1
66
0.06
31
1
66
0.075
41
1
66
0.09
51
1
66
0.105
61
1
66
0.12
71
1
66
0.135
81
1
66
0.15
师出同门
提升缘分相关的伙伴觉醒等级即可提升该缘分属性。
2
22100027
22100007
2
10
0
1
72
0.015
1
1
72
0.03
2
1
72
0.045
3
1
72
0.06
4
1
72
0.075
5
1
72
0.09
6
1
72
0.105
7
1
72
0.12
8
1
72
0.135
9
1
72
0.15
天作之合
提升缘分相关的伙伴觉醒等级即可提升该缘分属性。
2
22100027
22100009
2
10
0
1
70
0.015
1
1
70
0.03
2
1
70
0.045
3
1
70
0.06
4
1
70
0.075
5
1
70
0.09
6
1
70
0.105
7
1
70
0.12
8
1
70
0.135
9
1
70
0.15
大竹峰
提升缘分相关的伙伴觉醒等级即可提升该缘分属性。
3
22100027
22100018
22100019
2
10
0
1
74
0.015
1
1
74
0.03
2
1
74
0.045
3
1
74
0.06
4
1
74
0.075
5
1
74
0.09
6
1
74
0.105
7
1
74
0.12
8
1
74
0.135
9
1
74
0.15
青云伊人
提升缘分相关的伙伴觉醒等级即可提升该缘分属性。
2
22100027
22100002
2
10
0
1
74
0.015
1
1
74
0.03
2
1
74
0.045
3
1
74
0.06
4
1
74
0.075
5
1
74
0.09
6
1
74
0.105
7
1
74
0.12
8
1
74
0.135
9
1
74
0.15
情窦初开
提升缘分相关的伙伴觉醒等级即可提升该缘分属性。
2
22100027
22100001
2
10
0
1
6
0.015
1
1
6
0.03
2
1
6
0.045
3
1
6
0.06
4
1
6
0.075
5
1
6
0.09
6
1
6
0.105
7
1
6
0.12
8
1
6
0.135
9
1
6
0.15
22100028
三尾
5
狐族心法
提升伙伴星阶即可提升该缘分属性。
1
22100028
1
9
1
1
72
0.03
11
1
72
0.045
21
1
72
0.06
31
1
72
0.075
41
1
72
0.09
51
1
72
0.105
61
1
72
0.12
71
1
72
0.135
81
1
72
0.15
劫难相逢
提升缘分相关的伙伴觉醒等级即可提升该缘分属性。
2
22100028
22100029
2
10
0
1
66
0.03
1
1
66
0.06
2
1
66
0.09
3
1
66
0.12
4
1
66
0.15
5
1
66
0.18
6
1
66
0.21
7
1
66
0.24
8
1
66
0.27
9
1
66
0.3
情同姐弟
提升缘分相关的伙伴觉醒等级即可提升该缘分属性。
2
22100028
22100006
2
10
0
1
70
0.015
1
1
70
0.03
2
1
70
0.045
3
1
70
0.06
4
1
70
0.075
5
1
70
0.09
6
1
70
0.105
7
1
70
0.12
8
1
70
0.135
9
1
70
0.15
生死相随
提升缘分相关的伙伴觉醒等级即可提升该缘分属性。
2
22100028
22100041
2
10
0
1
73
0.015
1
1
73
0.03
2
1
73
0.045
3
1
73
0.06
4
1
73
0.075
5
1
73
0.09
6
1
73
0.105
7
1
73
0.12
8
1
73
0.135
9
1
73
0.15
黑石洞底
提升缘分相关的伙伴觉醒等级即可提升该缘分属性。
2
22100028
22100040
2
10
0
1
74
0.015
1
1
74
0.03
2
1
74
0.045
3
1
74
0.06
4
1
74
0.075
5
1
74
0.09
6
1
74
0.105
7
1
74
0.12
8
1
74
0.135
9
1
74
0.15
22100029
小环
6
鬼道心法
提升伙伴星阶即可提升该缘分属性。
1
22100029
1
9
1
1
66
0.06
11
1
66
0.09
21
1
66
0.12
31
1
66
0.15
41
1
66
0.18
51
1
66
0.21
61
1
66
0.24
71
1
66
0.27
81
1
66
0.3
守护者
提升缘分相关的伙伴觉醒等级即可提升该缘分属性。
2
22100029
22100022
2
10
0
1
72
0.015
1
1
72
0.03
2
1
72
0.045
3
1
72
0.06
4
1
72
0.075
5
1
72
0.09
6
1
72
0.105
7
1
72
0.12
8
1
72
0.135
9
1
72
0.15
祖孙相伴
提升缘分相关的伙伴觉醒等级即可提升该缘分属性。
2
22100029
22100021
2
10
0
1
66
0.03
1
1
66
0.06
2
1
66
0.09
3
1
66
0.12
4
1
66
0.15
5
1
66
0.18
6
1
66
0.21
7
1
66
0.24
8
1
66
0.27
9
1
66
0.3
鬼道传人
提升缘分相关的伙伴觉醒等级即可提升该缘分属性。
2
22100029
22100030
2
10
0
1
72
0.015
1
1
72
0.03
2
1
72
0.045
3
1
72
0.06
4
1
72
0.075
5
1
72
0.09
6
1
72
0.105
7
1
72
0.12
8
1
72
0.135
9
1
72
0.15
金兰姐妹
提升缘分相关的伙伴觉醒等级即可提升该缘分属性。
2
22100029
22100015
2
10
0
1
70
0.015
1
1
70
0.03
2
1
70
0.045
3
1
70
0.06
4
1
70
0.075
5
1
70
0.09
6
1
70
0.105
7
1
70
0.12
8
1
70
0.135
9
1
70
0.15
仙人指路
提升缘分相关的伙伴觉醒等级即可提升该缘分属性。
2
22100029
22100001
2
10
0
1
15
0.0225
1
1
15
0.045
2
1
15
0.0675
3
1
15
0.09
4
1
15
0.1125
5
1
15
0.135
6
1
15
0.1575
7
1
15
0.18
8
1
15
0.2025
9
1
15
0.225
22100030
鬼先生
6
鬼道心法
提升伙伴星阶即可提升该缘分属性。
1
22100030
1
9
1
1
70
0.03
11
1
70
0.045
21
1
70
0.06
31
1
70
0.075
41
1
70
0.09
51
1
70
0.105
61
1
70
0.12
71
1
70
0.135
81
1
70
0.15
宗主之伴
提升缘分相关的伙伴觉醒等级即可提升该缘分属性。
2
22100030
22100004
2
10
0
1
66
0.0225
1
1
66
0.045
2
1
66
0.0675
3
1
66
0.09
4
1
66
0.1125
5
1
66
0.135
6
1
66
0.1575
7
1
66
0.18
8
1
66
0.2025
9
1
66
0.225
图谋不轨
提升缘分相关的伙伴觉醒等级即可提升该缘分属性。
2
22100030
22100001
2
10
0
1
66
0.0225
1
1
66
0.045
2
1
66
0.0675
3
1
66
0.09
4
1
66
0.1125
5
1
66
0.135
6
1
66
0.1575
7
1
66
0.18
8
1
66
0.2025
9
1
66
0.225
鬼道传人
提升缘分相关的伙伴觉醒等级即可提升该缘分属性。
2
22100030
22100029
2
10
0
1
72
0.015
1
1
72
0.03
2
1
72
0.045
3
1
72
0.06
4
1
72
0.075
5
1
72
0.09
6
1
72
0.105
7
1
72
0.12
8
1
72
0.135
9
1
72
0.15
鬼影魔心
提升缘分相关的伙伴觉醒等级即可提升该缘分属性。
2
22100030
22100005
2
10
0
1
72
0.015
1
1
72
0.03
2
1
72
0.045
3
1
72
0.06
4
1
72
0.075
5
1
72
0.09
6
1
72
0.105
7
1
72
0.12
8
1
72
0.135
9
1
72
0.15
心照不宣
提升缘分相关的伙伴觉醒等级即可提升该缘分属性。
2
22100030
22100010
2
10
0
1
73
0.0225
1
1
73
0.045
2
1
73
0.0675
3
1
73
0.09
4
1
73
0.1125
5
1
73
0.135
6
1
73
0.1575
7
1
73
0.18
8
1
73
0.2025
9
1
73
0.225
22100031
幽姬
6
通玄鬼神道
提升伙伴星阶即可提升该缘分属性。
1
22100031
1
9
1
1
66
0.06
11
1
66
0.09
21
1
66
0.12
31
1
66
0.15
41
1
66
0.18
51
1
66
0.21
61
1
66
0.24
71
1
66
0.27
81
1
66
0.3
圣教同僚
提升缘分相关的伙伴觉醒等级即可提升该缘分属性。
2
22100031
22100030
2
10
0
1
72
0.015
1
1
72
0.03
2
1
72
0.045
3
1
72
0.06
4
1
72
0.075
5
1
72
0.09
6
1
72
0.105
7
1
72
0.12
8
1
72
0.135
9
1
72
0.15
圣教护法
提升缘分相关的伙伴觉醒等级即可提升该缘分属性。
2
22100031
22100017
2
10
0
1
72
0.015
1
1
72
0.03
2
1
72
0.045
3
1
72
0.06
4
1
72
0.075
5
1
72
0.09
6
1
72
0.105
7
1
72
0.12
8
1
72
0.135
9
1
72
0.15
惊鸿一瞥
提升缘分相关的伙伴觉醒等级即可提升该缘分属性。
2
22100031
22100014
2
10
0
1
70
0.015
1
1
70
0.03
2
1
70
0.045
3
1
70
0.06
4
1
70
0.075
5
1
70
0.09
6
1
70
0.105
7
1
70
0.12
8
1
70
0.135
9
1
70
0.15
亲传弟子
提升缘分相关的伙伴觉醒等级即可提升该缘分属性。
2
22100031
22100004
2
10
0
1
73
0.015
1
1
73
0.03
2
1
73
0.045
3
1
73
0.06
4
1
73
0.075
5
1
73
0.09
6
1
73
0.105
7
1
73
0.12
8
1
73
0.135
9
1
73
0.15
蛮荒对峙
提升缘分相关的伙伴觉醒等级即可提升该缘分属性。
2
22100031
22100018
2
10
0
1
7
0.0225
1
1
7
0.045
2
1
7
0.0675
3
1
7
0.09
4
1
7
0.1125
5
1
7
0.135
6
1
7
0.1575
7
1
7
0.18
8
1
7
0.2025
9
1
7
0.225
22100032
文敏
5
太极玄清道
提升伙伴星阶即可提升该缘分属性。
1
22100032
1
9
1
1
66
0.06
11
1
66
0.09
21
1
66
0.12
31
1
66
0.15
41
1
66
0.18
51
1
66
0.21
61
1
66
0.24
71
1
66
0.27
81
1
66
0.3
青云双姝
提升缘分相关的伙伴觉醒等级即可提升该缘分属性。
2
22100032
22100027
2
10
0
1
72
0.015
1
1
72
0.03
2
1
72
0.045
3
1
72
0.06
4
1
72
0.075
5
1
72
0.09
6
1
72
0.105
7
1
72
0.12
8
1
72
0.135
9
1
72
0.15
神仙眷侣
提升缘分相关的伙伴觉醒等级即可提升该缘分属性。
2
22100032
22100007
2
10
0
1
70
0.015
1
1
70
0.03
2
1
70
0.045
3
1
70
0.06
4
1
70
0.075
5
1
70
0.09
6
1
70
0.105
7
1
70
0.12
8
1
70
0.135
9
1
70
0.15
师徒连心
提升缘分相关的伙伴觉醒等级即可提升该缘分属性。
2
22100032
22100014
2
10
0
1
73
0.015
1
1
73
0.03
2
1
73
0.045
3
1
73
0.06
4
1
73
0.075
5
1
73
0.09
6
1
73
0.105
7
1
73
0.12
8
1
73
0.135
9
1
73
0.15
正道红颜
提升缘分相关的伙伴觉醒等级即可提升该缘分属性。
2
22100032
22100024
2
10
0
1
74
0.015
1
1
74
0.03
2
1
74
0.045
3
1
74
0.06
4
1
74
0.075
5
1
74
0.09
6
1
74
0.105
7
1
74
0.12
8
1
74
0.135
9
1
74
0.15
22100033
年老大
5
炼血秘法
提升伙伴星阶即可提升该缘分属性。
1
22100033
1
9
1
1
72
0.03
11
1
72
0.045
21
1
72
0.06
31
1
72
0.075
41
1
72
0.09
51
1
72
0.105
61
1
72
0.12
71
1
72
0.135
81
1
72
0.15
炼血门下
提升缘分相关的伙伴觉醒等级即可提升该缘分属性。
2
22100033
22100022
2
10
0
1
66
0.03
1
1
66
0.06
2
1
66
0.09
3
1
66
0.12
4
1
66
0.15
5
1
66
0.18
6
1
66
0.21
7
1
66
0.24
8
1
66
0.27
9
1
66
0.3
炼血灵兽
提升缘分相关的伙伴觉醒等级即可提升该缘分属性。
2
22100033
22100034
2
10
0
1
70
0.015
1
1
70
0.03
2
1
70
0.045
3
1
70
0.06
4
1
70
0.075
5
1
70
0.09
6
1
70
0.105
7
1
70
0.12
8
1
70
0.135
9
1
70
0.15
血毒之首
提升缘分相关的伙伴觉醒等级即可提升该缘分属性。
2
22100033
22100035
2
10
0
1
73
0.015
1
1
73
0.03
2
1
73
0.045
3
1
73
0.06
4
1
73
0.075
5
1
73
0.09
6
1
73
0.105
7
1
73
0.12
8
1
73
0.135
9
1
73
0.15
一方霸主
提升缘分相关的伙伴觉醒等级即可提升该缘分属性。
2
22100033
22100039
2
10
0
1
74
0.015
1
1
74
0.03
2
1
74
0.045
3
1
74
0.06
4
1
74
0.075
5
1
74
0.09
6
1
74
0.105
7
1
74
0.12
8
1
74
0.135
9
1
74
0.15
22100034
血鲲
5
炼血秘法
提升伙伴星阶即可提升该缘分属性。
1
22100034
1
9
1
1
66
0.06
11
1
66
0.09
21
1
66
0.12
31
1
66
0.15
41
1
66
0.18
51
1
66
0.21
61
1
66
0.24
71
1
66
0.27
81
1
66
0.3
深渊之灵
提升缘分相关的伙伴觉醒等级即可提升该缘分属性。
2
22100034
22100040
2
10
0
1
66
0.03
1
1
66
0.06
2
1
66
0.09
3
1
66
0.12
4
1
66
0.15
5
1
66
0.18
6
1
66
0.21
7
1
66
0.24
8
1
66
0.27
9
1
66
0.3
炼血灵兽
提升缘分相关的伙伴觉醒等级即可提升该缘分属性。
2
22100034
22100033
2
10
0
1
72
0.015
1
1
72
0.03
2
1
72
0.045
3
1
72
0.06
4
1
72
0.075
5
1
72
0.09
6
1
72
0.105
7
1
72
0.12
8
1
72
0.135
9
1
72
0.15
道人驭兽
提升缘分相关的伙伴觉醒等级即可提升该缘分属性。
2
22100034
22100022
2
10
0
1
70
0.015
1
1
70
0.03
2
1
70
0.045
3
1
70
0.06
4
1
70
0.075
5
1
70
0.09
6
1
70
0.105
7
1
70
0.12
8
1
70
0.135
9
1
70
0.15
命中相克
提升缘分相关的伙伴觉醒等级即可提升该缘分属性。
2
22100034
22100027
2
10
0
1
73
0.015
1
1
73
0.03
2
1
73
0.045
3
1
73
0.06
4
1
73
0.075
5
1
73
0.09
6
1
73
0.105
7
1
73
0.12
8
1
73
0.135
9
1
73
0.15
22100035
毒神
5
万毒归宗
提升伙伴星阶即可提升该缘分属性。
1
22100035
1
9
1
1
72
0.03
11
1
72
0.045
21
1
72
0.06
31
1
72
0.075
41
1
72
0.09
51
1
72
0.105
61
1
72
0.12
71
1
72
0.135
81
1
72
0.15
圣教掌门
提升缘分相关的伙伴觉醒等级即可提升该缘分属性。
2
22100035
22100039
2
10
0
1
66
0.03
1
1
66
0.06
2
1
66
0.09
3
1
66
0.12
4
1
66
0.15
5
1
66
0.18
6
1
66
0.21
7
1
66
0.24
8
1
66
0.27
9
1
66
0.3
不肖之徒
提升缘分相关的伙伴觉醒等级即可提升该缘分属性。
2
22100035
22100036
2
10
0
1
72
0.015
1
1
72
0.03
2
1
72
0.045
3
1
72
0.06
4
1
72
0.075
5
1
72
0.09
6
1
72
0.105
7
1
72
0.12
8
1
72
0.135
9
1
72
0.15
圣教祖师
提升缘分相关的伙伴觉醒等级即可提升该缘分属性。
2
22100035
22100037
2
10
0
1
70
0.015
1
1
70
0.03
2
1
70
0.045
3
1
70
0.06
4
1
70
0.075
5
1
70
0.09
6
1
70
0.105
7
1
70
0.12
8
1
70
0.135
9
1
70
0.15
亲传弟子
提升缘分相关的伙伴觉醒等级即可提升该缘分属性。
2
22100035
22100026
2
10
0
1
73
0.015
1
1
73
0.03
2
1
73
0.045
3
1
73
0.06
4
1
73
0.075
5
1
73
0.09
6
1
73
0.105
7
1
73
0.12
8
1
73
0.135
9
1
73
0.15
22100036
百毒子
5
万毒归宗
提升伙伴星阶即可提升该缘分属性。
1
22100036
1
9
1
1
70
0.03
11
1
70
0.045
21
1
70
0.06
31
1
70
0.075
41
1
70
0.09
51
1
70
0.105
61
1
70
0.12
71
1
70
0.135
81
1
70
0.15
毒心血手
提升缘分相关的伙伴觉醒等级即可提升该缘分属性。
2
22100036
22100037
2
10
0
1
66
0.03
1
1
66
0.06
2
1
66
0.09
3
1
66
0.12
4
1
66
0.15
5
1
66
0.18
6
1
66
0.21
7
1
66
0.24
8
1
66
0.27
9
1
66
0.3
不肖之徒
提升缘分相关的伙伴觉醒等级即可提升该缘分属性。
2
22100036
22100035
2
10
0
1
72
0.015
1
1
72
0.03
2
1
72
0.045
3
1
72
0.06
4
1
72
0.075
5
1
72
0.09
6
1
72
0.105
7
1
72
0.12
8
1
72
0.135
9
1
72
0.15
同根相煎
提升缘分相关的伙伴觉醒等级即可提升该缘分属性。
2
22100036
22100026
2
10
0
1
73
0.015
1
1
73
0.03
2
1
73
0.045
3
1
73
0.06
4
1
73
0.075
5
1
73
0.09
6
1
73
0.105
7
1
73
0.12
8
1
73
0.135
9
1
73
0.15
圣教精英
提升缘分相关的伙伴觉醒等级即可提升该缘分属性。
2
22100036
22100038
2
10
0
1
73
0.015
1
1
73
0.03
2
1
73
0.045
3
1
73
0.06
4
1
73
0.075
5
1
73
0.09
6
1
73
0.105
7
1
73
0.12
8
1
73
0.135
9
1
73
0.15
22100037
吸血老祖
5
万毒归宗
提升伙伴星阶即可提升该缘分属性。
1
22100037
1
9
1
1
72
0.03
11
1
72
0.045
21
1
72
0.06
31
1
72
0.075
41
1
72
0.09
51
1
72
0.105
61
1
72
0.12
71
1
72
0.135
81
1
72
0.15
毒心血手
提升缘分相关的伙伴觉醒等级即可提升该缘分属性。
2
22100037
22100036
2
10
0
1
66
0.03
1
1
66
0.06
2
1
66
0.09
3
1
66
0.12
4
1
66
0.15
5
1
66
0.18
6
1
66
0.21
7
1
66
0.24
8
1
66
0.27
9
1
66
0.3
一脉相承
提升缘分相关的伙伴觉醒等级即可提升该缘分属性。
2
22100037
22100033
2
10
0
1
70
0.015
1
1
70
0.03
2
1
70
0.045
3
1
70
0.06
4
1
70
0.075
5
1
70
0.09
6
1
70
0.105
7
1
70
0.12
8
1
70
0.135
9
1
70
0.15
圣教祖师
提升缘分相关的伙伴觉醒等级即可提升该缘分属性。
2
22100037
22100035
2
10
0
1
73
0.015
1
1
73
0.03
2
1
73
0.045
3
1
73
0.06
4
1
73
0.075
5
1
73
0.09
6
1
73
0.105
7
1
73
0.12
8
1
73
0.135
9
1
73
0.15
忠肝义胆
提升缘分相关的伙伴觉醒等级即可提升该缘分属性。
2
22100037
22100022
2
10
0
1
74
0.015
1
1
74
0.03
2
1
74
0.045
3
1
74
0.06
4
1
74
0.075
5
1
74
0.09
6
1
74
0.105
7
1
74
0.12
8
1
74
0.135
9
1
74
0.15
22100038
孟骥
5
长生诀
提升伙伴星阶即可提升该缘分属性。
1
22100038
1
9
1
1
72
0.03
11
1
72
0.045
21
1
72
0.06
31
1
72
0.075
41
1
72
0.09
51
1
72
0.105
61
1
72
0.12
71
1
72
0.135
81
1
72
0.15
修道长生
提升缘分相关的伙伴觉醒等级即可提升该缘分属性。
2
22100038
22100039
2
10
0
1
66
0.03
1
1
66
0.06
2
1
66
0.09
3
1
66
0.12
4
1
66
0.15
5
1
66
0.18
6
1
66
0.21
7
1
66
0.24
8
1
66
0.27
9
1
66
0.3
圣教精英
提升缘分相关的伙伴觉醒等级即可提升该缘分属性。
2
22100038
22100036
2
10
0
1
70
0.015
1
1
70
0.03
2
1
70
0.045
3
1
70
0.06
4
1
70
0.075
5
1
70
0.09
6
1
70
0.105
7
1
70
0.12
8
1
70
0.135
9
1
70
0.15
鞍前马后
提升缘分相关的伙伴觉醒等级即可提升该缘分属性。
2
22100038
22100022
2
10
0
1
73
0.015
1
1
73
0.03
2
1
73
0.045
3
1
73
0.06
4
1
73
0.075
5
1
73
0.09
6
1
73
0.105
7
1
73
0.12
8
1
73
0.135
9
1
73
0.15
亡命之徒
提升缘分相关的伙伴觉醒等级即可提升该缘分属性。
2
22100038
22100033
2
10
0
1
73
0.015
1
1
73
0.03
2
1
73
0.045
3
1
73
0.06
4
1
73
0.075
5
1
73
0.09
6
1
73
0.105
7
1
73
0.12
8
1
73
0.135
9
1
73
0.15
22100039
玉阳子
5
长生诀
提升伙伴星阶即可提升该缘分属性。
1
22100039
1
9
1
1
66
0.06
11
1
66
0.09
21
1
66
0.12
31
1
66
0.15
41
1
66
0.18
51
1
66
0.21
61
1
66
0.24
71
1
66
0.27
81
1
66
0.3
圣教掌门
提升缘分相关的伙伴觉醒等级即可提升该缘分属性。
2
22100039
22100035
2
10
0
1
72
0.015
1
1
72
0.03
2
1
72
0.045
3
1
72
0.06
4
1
72
0.075
5
1
72
0.09
6
1
72
0.105
7
1
72
0.12
8
1
72
0.135
9
1
72
0.15
修道长生
提升缘分相关的伙伴觉醒等级即可提升该缘分属性。
2
22100039
22100038
2
10
0
1
70
0.015
1
1
70
0.03
2
1
70
0.045
3
1
70
0.06
4
1
70
0.075
5
1
70
0.09
6
1
70
0.105
7
1
70
0.12
8
1
70
0.135
9
1
70
0.15
炼血长生
提升缘分相关的伙伴觉醒等级即可提升该缘分属性。
2
22100039
22100037
2
10
0
1
73
0.015
1
1
73
0.03
2
1
73
0.045
3
1
73
0.06
4
1
73
0.075
5
1
73
0.09
6
1
73
0.105
7
1
73
0.12
8
1
73
0.135
9
1
73
0.15
一方霸主
提升缘分相关的伙伴觉醒等级即可提升该缘分属性。
2
22100039
22100033
2
10
0
1
6
0.015
1
1
6
0.03
2
1
6
0.045
3
1
6
0.06
4
1
6
0.075
5
1
6
0.09
6
1
6
0.105
7
1
6
0.12
8
1
6
0.135
9
1
6
0.15
22100040
大黑蛭
5
长生之术
提升伙伴星阶即可提升该缘分属性。
1
22100040
1
9
1
1
70
0.03
11
1
70
0.045
21
1
70
0.06
31
1
70
0.075
41
1
70
0.09
51
1
70
0.105
61
1
70
0.12
71
1
70
0.135
81
1
70
0.15
深渊之灵
提升缘分相关的伙伴觉醒等级即可提升该缘分属性。
2
22100040
22100034
2
10
0
1
66
0.03
1
1
66
0.06
2
1
66
0.09
3
1
66
0.12
4
1
66
0.15
5
1
66
0.18
6
1
66
0.21
7
1
66
0.24
8
1
66
0.27
9
1
66
0.3
黑石洞底
提升缘分相关的伙伴觉醒等级即可提升该缘分属性。
2
22100040
22100028
2
10
0
1
66
0.0225
1
1
66
0.045
2
1
66
0.0675
3
1
66
0.09
4
1
66
0.1125
5
1
66
0.135
6
1
66
0.1575
7
1
66
0.18
8
1
66
0.2025
9
1
66
0.225
共患难
提升缘分相关的伙伴觉醒等级即可提升该缘分属性。
2
22100040
22100041
2
10
0
1
66
0.03
1
1
66
0.06
2
1
66
0.09
3
1
66
0.12
4
1
66
0.15
5
1
66
0.18
6
1
66
0.21
7
1
66
0.24
8
1
66
0.27
9
1
66
0.3
天狐御兽
提升缘分相关的伙伴觉醒等级即可提升该缘分属性。
2
22100040
22100006
2
10
0
1
72
0.015
1
1
72
0.03
2
1
72
0.045
3
1
72
0.06
4
1
72
0.075
5
1
72
0.09
6
1
72
0.105
7
1
72
0.12
8
1
72
0.135
9
1
72
0.15
22100041
六尾魔狐
6
狐族心法
提升伙伴星阶即可提升该缘分属性。
1
22100041
1
9
1
1
66
0.06
11
1
66
0.09
21
1
66
0.12
31
1
66
0.15
41
1
66
0.18
51
1
66
0.21
61
1
66
0.24
71
1
66
0.27
81
1
66
0.3
共患难
提升缘分相关的伙伴觉醒等级即可提升该缘分属性。
2
22100041
22100040
2
10
0
1
66
0.03
1
1
66
0.06
2
1
66
0.09
3
1
66
0.12
4
1
66
0.15
5
1
66
0.18
6
1
66
0.21
7
1
66
0.24
8
1
66
0.27
9
1
66
0.3
兄弟同心
提升缘分相关的伙伴觉醒等级即可提升该缘分属性。
2
22100041
22100006
2
10
0
1
72
0.015
1
1
72
0.03
2
1
72
0.045
3
1
72
0.06
4
1
72
0.075
5
1
72
0.09
6
1
72
0.105
7
1
72
0.12
8
1
72
0.135
9
1
72
0.15
生死相随
提升缘分相关的伙伴觉醒等级即可提升该缘分属性。
2
22100041
22100028
2
10
0
1
70
0.015
1
1
70
0.03
2
1
70
0.045
3
1
70
0.06
4
1
70
0.075
5
1
70
0.09
6
1
70
0.105
7
1
70
0.12
8
1
70
0.135
9
1
70
0.15
誓死一战
提升缘分相关的伙伴觉醒等级即可提升该缘分属性。
3
22100041
22100016
22100024
2
10
0
1
73
0.015
1
1
73
0.03
2
1
73
0.045
3
1
73
0.06
4
1
73
0.075
5
1
73
0.09
6
1
73
0.105
7
1
73
0.12
8
1
73
0.135
9
1
73
0.15
毒手天妖
提升缘分相关的伙伴觉醒等级即可提升该缘分属性。
2
22100041
22100026
2
10
0
1
73
0.0225
1
1
73
0.045
2
1
73
0.0675
3
1
73
0.09
4
1
73
0.1125
5
1
73
0.135
6
1
73
0.1575
7
1
73
0.18
8
1
73
0.2025
9
1
73
0.225
