38
22100001
张小凡
5
40011
79004
40014
40015
40016
1
40017
22100002
陆雪琪
5
40231
79004
40234
40235
40236
1
40237
22100003
林惊羽
5
40022
79004
40023
40024
40025
1
40026
22100004
碧瑶
5
40191
79004
40192
40193
40195
1
40194
22100005
普智
5
40001
79004
40002
40005
40004
1
40003
22100006
小七
5
40031
79004
40034
40035
40037
1
40036
22100007
宋大仁
4
40051
79004
40053
40054
1
40052
22100008
法相
5
40041
79004
40042
40043
40045
1
40044
22100009
齐昊
5
40061
79004
40062
40063
40065
1
40064
22100010
苍松
5
40071
79004
40072
40073
40075
1
40074
22100011
曾书书
5
40081
79004
40084
40087
40086
1
40085
22100014
水月
5
40111
79004
40112
40113
40115
1
40114
22100015
金瓶儿
5
40121
79004
40122
40124
40125
1
40123
22100016
李洵
4
40131
79004
40132
40134
1
40133
22100017
青龙
5
40141
79004
40143
40144
40146
1
40145
22100018
苏茹
5
40151
79004
40152
40153
40155
1
40154
22100019
田不易
5
40161
79004
40164
40165
40166
1
40167
22100020
萧逸才
5
40171
79004
40172
40173
40174
1
40175
22100021
周一仙
5
40181
79004
40182
40183
40184
1
40185
22100022
野狗道人
4
40321
79004
40322
40324
1
40323
22100023
大黄
3
40201
79004
40202
1
40203
22100024
燕虹
4
40211
79004
40213
70004
1
40214
22100026
秦无炎
5
40291
79004
40292
40293
40295
1
40294
22100027
田灵儿
5
40281
79004
40282
40284
40285
1
40283
22100028
三尾
4
40251
79004
40252
40254
1
40253
22100029
小环
5
40241
79004
40242
40244
40245
1
40243
22100030
鬼先生
5
40261
79004
40262
40264
40265
1
40263
22100031
幽姬
5
40271
79004
40272
40273
40275
1
40274
22100032
文敏
4
40411
79004
40412
70005
1
40413
22100033
年老大
4
40301
79004
40302
40303
1
40304
22100034
血鲲
4
40311
79004
40312
40313
1
40314
22100035
毒神
4
40331
79004
40332
40334
1
40333
22100036
百毒子
4
40341
79004
40342
40344
1
40343
22100037
吸血老祖
4
40351
79004
40354
40353
1
40352
22100038
孟骥
4
40361
79004
40364
40363
1
40362
22100039
玉阳子
4
40371
79004
40374
40373
1
40372
22100040
大黑蛭
4
40391
79004
40394
40393
1
40392
22100041
六尾魔狐
4
40401
79004
40402
40403
1
40404
