70
1

1.4
0
1
10400026
4
2000
2

1.43
0
1
10400026
4
4000
3

1.46
0
1
10400026
4
6000
4

1.49
0
1
10400026
4
8000
5

1.52
0
1
10400026
4
10000
6

1.55
0
1
10400026
4
12000
7

1.58
0
1
10400026
4
14000
8

1.61
0
1
10400026
4
16000
9

1.64
0
1
10400026
4
18000
10

1.67
15
2
10400026
4
10400031
2
20000
11

1.82
15
1
10400026
4
22000
12

1.85
15
1
10400026
4
24000
13

1.88
15
1
10400026
4
26000
14

1.91
15
1
10400026
4
28000
15

1.94
15
1
10400026
4
30000
16

1.97
15
1
10400026
4
32000
17

2
15
1
10400026
4
34000
18

2.03
15
1
10400026
4
36000
19

2.06
15
1
10400026
4
38000
20

2.09
30
2
10400026
4
10400031
4
40000
21

2.24
30
1
10400027
8
42000
22

2.27
30
1
10400027
8
44000
23

2.3
30
1
10400027
8
46000
24

2.33
30
1
10400027
8
48000
25

2.36
30
1
10400027
8
50000
26

2.39
30
1
10400027
8
52000
27

2.42
30
1
10400027
8
54000
28

2.45
30
1
10400027
8
56000
29

2.48
30
1
10400027
8
58000
30

2.51
45
2
10400027
8
10400032
8
60000
31

2.66
45
1
10400027
16
62000
32

2.69
45
1
10400027
16
64000
33

2.72
45
1
10400027
16
66000
34

2.75
45
1
10400027
16
68000
35

2.78
45
1
10400027
16
70000
36

2.81
45
1
10400027
16
72000
37

2.84
45
1
10400027
16
74000
38

2.87
45
1
10400027
16
76000
39

2.9
45
1
10400027
16
78000
40

2.93
60
2
10400027
16
10400032
16
80000
41

3.08
60
1
10400028
32
82000
42

3.11
60
1
10400028
32
84000
43

3.14
60
1
10400028
32
86000
44

3.17
60
1
10400028
32
88000
45

3.2
60
1
10400028
32
90000
46

3.23
60
1
10400028
32
92000
47

3.26
60
1
10400028
32
94000
48

3.29
60
1
10400028
32
96000
49

3.32
60
1
10400028
32
98000
50

3.35
75
2
10400028
32
10400033
32
100000
51

3.5
75
1
10400028
64
102000
52

3.53
75
1
10400028
64
104000
53

3.56
75
1
10400028
64
106000
54

3.59
75
1
10400028
64
108000
55

3.62
75
1
10400028
64
110000
56

3.65
75
1
10400028
64
112000
57

3.68
75
1
10400028
64
114000
58

3.71
75
1
10400028
64
116000
59

3.74
75
1
10400028
64
118000
60

3.77
90
2
10400028
64
10400033
64
120000
61

3.92
90
1
10400029
128
122000
62

3.95
90
1
10400029
128
124000
63

3.98
90
1
10400029
128
126000
64

4.01
90
1
10400029
128
128000
65

4.04
90
1
10400029
128
130000
66

4.07
90
1
10400029
128
132000
67

4.1
90
1
10400029
128
134000
68

4.13
90
1
10400029
128
136000
69

4.16
90
1
10400029
128
138000
70

4.19
105
2
10400029
128
10400034
128
140000
