43
22100001
张小凡
10
1
0
10
0
全属性+5%，获得技能“诛仙剑气”。
2
cfg.pet.Property
2
85
0.05
30
0.1
cfg.pet.GetSkill
40017
2
0
20
0
全属性+5%，攻击+10%
1
cfg.pet.Property
2
85
0.05
72
0.1
3
0
30
0
全属性+5%，大梵心咒额外附加眩晕效果。。
2
cfg.pet.Property
2
85
0.05
30
0.05
cfg.pet.GetBuff
5003
4
0
50
0
全属性+5%，暴击+15%
1
cfg.pet.Property
2
85
0.05
6
0.15
5
0
80
0
全属性+5%，嗜血斩额外附带吸血效果。
2
cfg.pet.Property
1
85
0.05
cfg.pet.GetBuff
5002
6
0
120
0
全属性+5%，命中+20%，卓越一击+15%
1
cfg.pet.Property
3
85
0.05
73
0.2
2
0.15
7
0
240
0
全属性+5%，大幅度增加自身幸运，卓越一击和卓越一击伤害。
1
cfg.pet.Property
5
85
0.05
30
0.05
2
0.15
4
0.15
15
0.2
8
0
360
0
全属性+10%，气血+20%，卓越一击伤害减免+30%
1
cfg.pet.Property
3
85
0.1
66
0.2
5
0.3
9
0
600
0
全属性+10%，施放噬血斩之后一定时间内获得吸血效果。
2
cfg.pet.Property
2
85
0.1
30
0.05
cfg.pet.GetBuff
5147
10
0
880
0
气血+22%,韧性+20%,减免22%受到的伤害。
1
cfg.pet.Property
3
7
0.2
66
0.22
11
0.22
22100002
陆雪琪
10
1
0
10
0
全属性+5%，获得技能“神剑御雷真诀”。
2
cfg.pet.Property
2
85
0.05
30
0.1
cfg.pet.GetSkill
40237
2
0
20
0
全属性+5%，攻击+10%
1
cfg.pet.Property
2
85
0.05
72
0.1
3
0
30
0
全属性+5%，寒霜剑气额外附加减速效果。
2
cfg.pet.Property
2
85
0.05
30
0.05
cfg.pet.GetBuff
5004
4
0
50
0
全属性+5%，气血+20%
1
cfg.pet.Property
2
85
0.05
66
0.2
5
0
80
0
全属性+5%，所有技能最大作用个数+2。
2
cfg.pet.Property
1
85
0.05
cfg.pet.GetBuff
5080
6
0
120
0
全属性+5%，暴击+15%，卓越一击+15%
1
cfg.pet.Property
3
85
0.05
6
0.15
2
0.15
7
0
240
0
全属性+5%，施放技能时有一定概率提升自身暴击。
2
cfg.pet.Property
2
85
0.05
30
0.05
cfg.pet.GetBuff
5005
8
0
360
0
全属性+10%，气血+20%，幸运+20%
1
cfg.pet.Property
3
85
0.1
66
0.2
15
0.2
9
0
600
0
全属性+10%，施放神剑御雷真诀时附加额外的暴击率。
2
cfg.pet.Property
2
85
0.1
30
0.05
cfg.pet.GetBuff
5118
10
0
880
0
气血+19%,韧性+21%,减免21%受到的伤害。
1
cfg.pet.Property
3
7
0.21
66
0.19
11
0.21
22100003
林惊羽
10
1
0
10
0
全属性+5%，获得技能“斩龙决”。
2
cfg.pet.Property
2
85
0.05
30
0.1
cfg.pet.GetSkill
40026
2
0
20
0
全属性+5%，攻击+10%
1
cfg.pet.Property
2
85
0.05
72
0.1
3
0
30
0
全属性+5%，少阳剑命中敌人后额外带来敌人韧性下降效果。
2
cfg.pet.Property
2
85
0.05
30
0.05
cfg.pet.GetBuff
5015
4
0
50
0
全属性+5%，命中+10%
1
cfg.pet.Property
2
85
0.05
73
0.1
5
0
80
0
全属性+5%，怒剑惊鸿命中敌人之后额外造成自身暴击上升效果。
2
cfg.pet.Property
1
85
0.05
cfg.pet.GetBuff
5016
6
0
120
0
全属性+5%，气血+20%，卓越一击+15%
1
cfg.pet.Property
3
85
0.05
66
0.2
2
0.15
7
0
240
0
全属性+5%，斩龙决附加无视防御和无视躲闪的效果。
2
cfg.pet.Property
2
85
0.05
30
0.05
cfg.pet.GetBuff
5017
8
0
360
0
全属性+10%，暴击+15%，暴击伤害+30%
1
cfg.pet.Property
3
85
0.1
6
0.15
8
0.3
9
0
600
0
全属性+10%，斩龙决必定造成暴击。
2
cfg.pet.Property
2
85
0.1
30
0.05
cfg.pet.GetBuff
5121
10
0
880
0
气血+20%,韧性+19%,减免20%受到的伤害。
1
cfg.pet.Property
3
7
0.19
66
0.2
11
0.2
22100004
碧瑶
10
1
0
10
0
全属性+5%，获得技能“痴情咒”。
2
cfg.pet.Property
2
85
0.05
30
0.1
cfg.pet.GetSkill
40194
2
0
20
0
全属性+5%，气血+20%
1
cfg.pet.Property
2
85
0.05
66
0.2
3
0
30
0
全属性+5%，无常令额外附加沉默效果。
2
cfg.pet.Property
2
85
0.05
30
0.05
cfg.pet.GetBuff
5009
4
0
50
0
全属性+5%，攻击+10%
1
cfg.pet.Property
2
85
0.05
72
0.1
5
0
80
0
全属性+5%，施放伤心花雨之后自身命中率和异常命中率上升。
2
cfg.pet.Property
1
85
0.05
cfg.pet.GetBuff
5010
6
0
120
0
全属性+5%，防御+10%，卓越一击+15%
1
cfg.pet.Property
3
85
0.05
70
0.1
2
0.15
7
0
240
0
全属性+5%，施放痴情咒时，自身免疫异常状态。
2
cfg.pet.Property
2
85
0.05
30
0.05
cfg.pet.GetBuff
5011
8
0
360
0
全属性+10%，气血+20%，躲闪+15%
1
cfg.pet.Property
3
85
0.1
66
0.2
23
0.15
9
0
600
0
全属性+10%，施放痴情咒时附加大范围的异常免疫和防御上升光环。
2
cfg.pet.Property
2
85
0.1
30
0.05
cfg.pet.GetBuff
5119
10
0
880
0
气血+19%,韧性+21%,减免19%受到的伤害。
1
cfg.pet.Property
3
7
0.21
66
0.19
11
0.19
22100005
普智
10
1
0
10
0
全属性+5%，获得技能“大梵般若”。
2
cfg.pet.Property
2
85
0.05
30
0.1
cfg.pet.GetSkill
40003
2
0
20
0
全属性+5%，气血+20%
1
cfg.pet.Property
2
85
0.05
66
0.2
3
0
30
0
全属性+5%，狮子印造成伤害增加。
2
cfg.pet.Property
2
85
0.05
30
0.05
cfg.pet.GetBuff
5061
4
0
50
0
全属性+5%，攻击+10%
1
cfg.pet.Property
2
85
0.05
72
0.1
5
0
80
0
全属性+5%，大梵般若有一定机率额外造成眩晕效果。
2
cfg.pet.Property
1
85
0.05
cfg.pet.GetBuff
5062
6
0
120
0
全属性+5%，防御+10%，卓越一击+15%
1
cfg.pet.Property
3
85
0.05
70
0.1
2
0.15
7
0
240
0
全属性+5%，施放金刚般若经之后，周围队友气血上限提高。
2
cfg.pet.Property
2
85
0.05
30
0.05
cfg.pet.GetBuff
5063
8
0
360
0
全属性+5%，防御+15%
1
cfg.pet.Property
2
85
0.05
70
0.15
9
0
600
0
全属性+5%，大梵班若的眩晕效果增强。
2
cfg.pet.Property
2
85
0.05
30
0.05
cfg.pet.GetBuff
5141
10
0
880
0
气血+16%,韧性+16%,减免15%受到的伤害。
1
cfg.pet.Property
3
7
0.16
66
0.16
11
0.15
22100006
小七
10
1
0
10
0
全属性+5%，获得技能“焚阳狐火”。
2
cfg.pet.Property
2
85
0.05
30
0.1
cfg.pet.GetSkill
40036
2
0
20
0
全属性+5%，防御+10%
1
cfg.pet.Property
2
85
0.05
70
0.1
3
0
30
0
全属性+5%，云影技能最大伤害个数增加并附加暂时的攻击力上升光环。
2
cfg.pet.Property
2
85
0.05
30
0.05
cfg.pet.GetBuff
5001
4
0
50
0
全属性+5%，攻击+10%
1
cfg.pet.Property
2
85
0.05
72
0.1
5
0
80
0
全属性+5%，施放天狐游之后额外形成一个以自身为中心的躲闪光环。
2
cfg.pet.Property
1
85
0.05
cfg.pet.GetBuff
5013
6
0
120
0
全属性+5%，气血+20%，卓越一击+15%
1
cfg.pet.Property
3
85
0.05
66
0.2
2
0.15
7
0
240
0
全属性+5%，处于焚阳狐火灼烧状态中的敌人攻击力降低。
2
cfg.pet.Property
2
85
0.05
30
0.05
cfg.pet.GetBuff
5014
8
0
360
0
全属性+10%，防御+15%，暴击伤害减免+30%
1
cfg.pet.Property
3
85
0.1
70
0.15
9
0.3
9
0
600
0
全属性+10%，施放千影鹤舞时一定机率大幅度降低敌人命中。
2
cfg.pet.Property
2
85
0.1
30
0.05
cfg.pet.GetBuff
5120
10
0
880
0
气血+20%,韧性+19%,减免18%受到的伤害。
1
cfg.pet.Property
3
7
0.19
66
0.2
11
0.18
22100007
宋大仁
10
1
0
10
0
全属性+5%，获得技能“十虎破”。
2
cfg.pet.Property
2
85
0.05
30
0.1
cfg.pet.GetSkill
40052
2
0
20
0
全属性+5%，攻击+10%
1
cfg.pet.Property
2
85
0.05
72
0.1
3
0
30
0
全属性+5%，闪避+10%。
1
cfg.pet.Property
2
85
0.05
23
0.1
4
0
50
0
全属性+5%，防御+10%
1
cfg.pet.Property
2
85
0.05
70
0.1
5
0
80
0
全属性+5%，暴击+10%
1
cfg.pet.Property
2
85
0.05
6
0.1
6
0
120
0
全属性+5%，气血+10%
1
cfg.pet.Property
2
85
0.05
66
0.1
7
0
240
0
全属性+5%，防御+10%
1
cfg.pet.Property
2
85
0.05
70
0.1
8
0
360
0
全属性+5%，攻击+10%
1
cfg.pet.Property
2
85
0.05
72
0.1
9
0
600
0
全属性+5%，命中+10%
1
cfg.pet.Property
2
85
0.05
73
0.1
10
0
880
0
气血+9%,韧性+11%,减免10%受到的伤害。
1
cfg.pet.Property
3
7
0.11
66
0.09
11
0.1
22100008
法相
10
1
0
10
0
全属性+5%，获得技能“韦陀杵”。
2
cfg.pet.Property
2
85
0.05
30
0.1
cfg.pet.GetSkill
40044
2
0
20
0
全属性+5%，防御+10%
1
cfg.pet.Property
2
85
0.05
70
0.1
3
0
30
0
全属性+5%，略微降低伙伴造成的伤害。
1
cfg.pet.Property
3
85
0.05
30
0.05
28
0.15
4
0
50
0
全属性+5%，气血+15%
1
cfg.pet.Property
2
85
0.05
66
0.15
5
0
80
0
全属性+5%，略微降低玩家造成的伤害。
1
cfg.pet.Property
3
85
0.05
30
0.05
27
0.15
6
0
120
0
全属性+5%，防御+10%，卓越一击+15%
1
cfg.pet.Property
3
85
0.05
70
0.1
2
0.15
7
0
240
0
全属性+5%，施放韦陀杵时产生一个以自身为中心的反弹光环。
2
cfg.pet.Property
2
85
0.05
30
0.05
cfg.pet.GetBuff
5040
8
0
360
0
全属性+5%，气血+15%
1
cfg.pet.Property
2
85
0.05
66
0.15
9
0
600
0
全属性+5%，施放韦陀杵时为自身添加更加强力的反弹效果。
2
cfg.pet.Property
2
85
0.05
30
0.05
cfg.pet.GetBuff
5153
10
0
880
0
气血+14%,韧性+16%,减免16%受到的伤害。
1
cfg.pet.Property
3
7
0.16
66
0.14
11
0.16
22100009
齐昊
10
1
0
10
0
全属性+5%，获得技能“天机印”。
2
cfg.pet.Property
2
85
0.05
30
0.1
cfg.pet.GetSkill
40064
2
0
20
0
全属性+5%，气血+10%
1
cfg.pet.Property
2
85
0.05
66
0.1
3
0
30
0
全属性+5%，天机印附加短时间的眩晕和防御降低效果。
2
cfg.pet.Property
2
85
0.05
30
0.05
cfg.pet.GetBuff
5050
4
0
50
0
全属性+5%，攻击+10%
1
cfg.pet.Property
2
85
0.05
72
0.1
5
0
80
0
全属性+5%，少泽剑命中敌人之后额外降低敌人的异常抗性。
2
cfg.pet.Property
2
85
0.05
30
0.05
cfg.pet.GetBuff
5051
6
0
120
0
全属性+5%，防御+10%，卓越一击+15%
1
cfg.pet.Property
3
85
0.05
70
0.1
2
0.15
7
0
240
0
全属性+5%，攻击敌人时有一定机率使敌人冰冻。
2
cfg.pet.Property
2
85
0.05
30
0.05
cfg.pet.GetBuff
5052
8
0
360
0
全属性+5%，命中+15%
1
cfg.pet.Property
2
85
0.05
73
0.15
9
0
600
0
全属性+5%，减免10%受到的伤害。
1
cfg.pet.Property
3
85
0.05
30
0.05
11
0.1
10
0
880
0
气血+14%,韧性+16%,减免14%受到的伤害。
1
cfg.pet.Property
3
7
0.16
66
0.14
11
0.14
22100010
苍松
10
1
0
10
0
全属性+5%，获得技能“神剑御雷真诀”。
2
cfg.pet.Property
2
85
0.05
30
0.1
cfg.pet.GetSkill
40074
2
0
20
0
全属性+5%，防御+10%
1
cfg.pet.Property
2
85
0.05
70
0.1
3
0
30
0
全属性+5%，血毒幡额外附加无视防御的剧毒。
2
cfg.pet.Property
2
85
0.05
30
0.05
cfg.pet.GetBuff
5027
4
0
50
0
全属性+5%，气血+15%
1
cfg.pet.Property
2
85
0.05
66
0.15
5
0
80
0
全属性+5%，对玩家的伤害大幅增加。
1
cfg.pet.Property
3
85
0.05
30
0.05
25
0.2
6
0
120
0
全属性+5%，攻击+10%，卓越一击+15%
1
cfg.pet.Property
3
85
0.05
72
0.1
2
0.15
7
0
240
0
全属性+5%，攻击技能额外附带毒效果。
2
cfg.pet.Property
2
85
0.05
30
0.05
cfg.pet.GetBuff
5028
8
0
360
0
全属性+5%，气血+15%
1
cfg.pet.Property
2
85
0.05
66
0.15
9
0
600
0
全属性+5%，施放神剑御雷真诀时附加额外的暴击率。
2
cfg.pet.Property
2
85
0.05
30
0.05
cfg.pet.GetBuff
5123
10
0
880
0
气血+16%,韧性+14%,减免15%受到的伤害。
1
cfg.pet.Property
3
7
0.14
66
0.16
11
0.15
22100011
曾书书
10
1
0
10
0
全属性+5%，获得技能“缚神咒”。
2
cfg.pet.Property
2
85
0.05
30
0.1
cfg.pet.GetSkill
40085
2
0
20
0
全属性+5%，气血+15%
1
cfg.pet.Property
2
85
0.05
66
0.15
3
0
30
0
全属性+5%，缚神咒减速成功率和减少敌人攻击力百分比上升。
2
cfg.pet.Property
2
85
0.05
30
0.05
cfg.pet.GetBuff
5021
4
0
50
0
全属性+5%，躲闪+10%
1
cfg.pet.Property
2
85
0.05
74
0.1
5
0
80
0
全属性+5%，大幅度增加自身闪避率。
1
cfg.pet.Property
3
85
0.05
30
0.05
23
0.2
6
0
120
0
全属性+5%，气血+15%，卓越一击+15%
1
cfg.pet.Property
3
85
0.05
66
0.15
2
0.15
7
0
240
0
全属性+5%，缚神咒的负面状态持续时间大幅度增加。
2
cfg.pet.Property
2
85
0.05
30
0.05
cfg.pet.GetBuff
5022
8
0
360
0
全属性+10%，防御+15%，韧性+15%
1
cfg.pet.Property
3
85
0.1
70
0.15
7
0.15
9
0
600
0
全属性+10%，施放守护招来时附加反弹效果。
2
cfg.pet.Property
2
85
0.1
30
0.05
cfg.pet.GetBuff
5122
10
0
880
0
气血+18%,韧性+19%,减免22%受到的伤害。
1
cfg.pet.Property
3
7
0.19
66
0.18
11
0.22
22100014
水月
10
1
0
10
0
全属性+5%，获得技能“镜花水月”。
2
cfg.pet.Property
2
85
0.05
30
0.1
cfg.pet.GetSkill
40114
2
0
20
0
全属性+5%，命中+10%
1
cfg.pet.Property
2
85
0.05
73
0.1
3
0
30
0
全属性+5%，施放水箭术时有一定机率额外造成敌人移动速度暂时降低。
2
cfg.pet.Property
2
85
0.05
30
0.05
cfg.pet.GetBuff
5031
4
0
50
0
全属性+5%，气血+20%
1
cfg.pet.Property
2
85
0.05
66
0.2
5
0
80
0
全属性+5%，施放攻击技能时随机解除自身一个负面状态。
2
cfg.pet.Property
2
85
0.05
30
0.05
cfg.pet.GetBuff
5032
6
0
120
0
全属性+5%，攻击+10%，卓越一击+15%
1
cfg.pet.Property
3
85
0.05
72
0.1
2
0.15
7
0
240
0
全属性+5%，施放攻击技能时随机解除周围队友一个负面状态。
2
cfg.pet.Property
2
85
0.05
30
0.05
cfg.pet.GetBuff
5035
8
0
360
0
全属性+5%，防御+15%
1
cfg.pet.Property
2
85
0.05
70
0.15
9
0
600
0
全属性+5%，施放清风决时为目标附加一段时间的异常免疫效果。
2
cfg.pet.Property
2
85
0.05
30
0.05
cfg.pet.GetBuff
5140
10
0
880
0
气血+14%,韧性+15%,减免15%受到的伤害。
1
cfg.pet.Property
3
7
0.15
66
0.14
11
0.15
22100015
金瓶儿
10
1
0
10
0
全属性+5%，获得技能“蝶梦”。
2
cfg.pet.Property
2
85
0.05
30
0.1
cfg.pet.GetSkill
40123
2
0
20
0
全属性+5%，攻击+10%
1
cfg.pet.Property
2
85
0.05
72
0.1
3
0
30
0
全属性+5%，使用忘情时暂时额外附加暴击率。
2
cfg.pet.Property
2
85
0.05
30
0.05
cfg.pet.GetBuff
5058
4
0
50
0
全属性+5%，防御+10%
1
cfg.pet.Property
2
85
0.05
70
0.1
5
0
80
0
全属性+5%，使用蝶梦时暂时额外附加暴击率。
2
cfg.pet.Property
2
85
0.05
30
0.05
cfg.pet.GetBuff
5059
6
0
120
0
全属性+5%，暴击+15%，卓越一击+15%
1
cfg.pet.Property
3
85
0.05
6
0.15
2
0.15
7
0
240
0
全属性+5%，缠绵额外对敌人附加防御和韧性下降效果。
2
cfg.pet.Property
2
85
0.05
30
0.05
cfg.pet.GetBuff
5060
8
0
360
0
全属性+5%，气血+15%
1
cfg.pet.Property
2
85
0.05
66
0.15
9
0
600
0
全属性+5%，施放缠绵时一定机率获得更大幅度的防御下降效果。
2
cfg.pet.Property
2
85
0.05
30
0.05
cfg.pet.GetBuff
5125
10
0
880
0
气血+14%,韧性+14%,减免15%受到的伤害。
1
cfg.pet.Property
3
7
0.14
66
0.14
11
0.15
22100016
李洵
10
1
0
10
0
全属性+5%，获得技能“九阳尺”。
2
cfg.pet.Property
2
85
0.05
30
0.1
cfg.pet.GetSkill
40133
2
0
20
0
全属性+5%，气血+10%
1
cfg.pet.Property
2
85
0.05
66
0.15
3
0
30
0
全属性+5%，命中+10%
1
cfg.pet.Property
2
85
0.05
22
0.1
4
0
50
0
全属性+5%，防御+10%
1
cfg.pet.Property
2
85
0.05
70
0.1
5
0
80
0
全属性+5%，暴击+10%
1
cfg.pet.Property
2
85
0.05
6
0.1
6
0
120
0
全属性+5%，攻击+10%
1
cfg.pet.Property
2
85
0.05
72
0.1
7
0
240
0
全属性+5%，命中+10%
1
cfg.pet.Property
2
85
0.05
73
0.1
8
0
360
0
全属性+5%，气血+10%
1
cfg.pet.Property
2
85
0.05
66
0.1
9
0
600
0
全属性+5%，气血+10%
1
cfg.pet.Property
2
85
0.05
66
0.1
10
0
880
0
气血+10%,韧性+11%,减免9%受到的伤害。
1
cfg.pet.Property
3
7
0.11
66
0.1
11
0.09
22100017
青龙
10
1
0
10
0
全属性+5%，获得技能“龙魂咒”。
2
cfg.pet.Property
2
85
0.05
30
0.1
cfg.pet.GetSkill
40145
2
0
20
0
全属性+5%，攻击+10%
1
cfg.pet.Property
2
85
0.05
72
0.1
3
0
30
0
全属性+5%，青光斩额外附加短时间内敌人降低命中率效果。
2
cfg.pet.Property
2
85
0.05
30
0.05
cfg.pet.GetBuff
5112
4
0
50
0
全属性+5%，攻击+10%
1
cfg.pet.Property
2
85
0.05
72
0.1
5
0
80
0
全属性+5%，龙啸的最大作用个数+2。
2
cfg.pet.Property
2
85
0.05
30
0.05
cfg.pet.GetBuff
5113
6
0
120
0
全属性+5%，气血+20%，卓越一击+15%
1
cfg.pet.Property
3
85
0.05
66
0.2
2
0.15
7
0
240
0
全属性+5%，施放龙魂咒的威力上升。
2
cfg.pet.Property
2
85
0.05
30
0.05
cfg.pet.GetBuff
5114
8
0
360
0
全属性+5%，防御+15%
1
cfg.pet.Property
2
85
0.05
70
0.15
9
0
600
0
全属性+5%，对伙伴造成的伤害增加15%。
1
cfg.pet.Property
3
85
0.05
30
0.05
26
0.15
10
0
880
0
气血+15%,韧性+15%,减免16%受到的伤害。
1
cfg.pet.Property
3
7
0.15
66
0.15
11
0.16
22100018
苏茹
10
1
0
10
0
全属性+5%，获得技能“墨雪冰龙剑”。
2
cfg.pet.Property
2
85
0.05
30
0.1
cfg.pet.GetSkill
40154
2
0
20
0
全属性+5%，攻击+10%
1
cfg.pet.Property
2
85
0.05
72
0.1
3
0
30
0
全属性+5%，驭雷术额外附加短时间内降低敌人防御效果。
2
cfg.pet.Property
2
85
0.05
30
0.05
cfg.pet.GetBuff
5038
4
0
50
0
全属性+5%，气血+15%
1
cfg.pet.Property
2
85
0.05
66
0.15
5
0
80
0
全属性+5%，墨雪冰龙剑有一定几率造成敌人冰冻。
2
cfg.pet.Property
2
85
0.05
30
0.05
cfg.pet.GetBuff
5039
6
0
120
0
全属性+5%，防御+10%，卓越一击+15%
1
cfg.pet.Property
3
85
0.05
70
0.1
2
0.15
7
0
240
0
全属性+5%，受到来自伙伴的伤害降低。
1
cfg.pet.Property
3
85
0.05
30
0.05
28
0.25
8
0
360
0
全属性+5%，攻击+15%
1
cfg.pet.Property
2
85
0.05
72
0.15
9
0
600
0
全属性+5%，增加10%所造成的伤害。
1
cfg.pet.Property
3
85
0.05
30
0.05
11
0.1
10
0
880
0
气血+15%,韧性+16%,减免16%受到的伤害。
1
cfg.pet.Property
3
7
0.16
66
0.15
11
0.16
22100019
田不易
10
1
0
10
0
全属性+5%，获得技能“赤炎火龙剑”。
2
cfg.pet.Property
2
85
0.05
30
0.1
cfg.pet.GetSkill
40167
2
0
20
0
全属性+5%，命中+10%
1
cfg.pet.Property
2
85
0.05
73
0.1
3
0
30
0
全属性+5%，驭雷术额外附加短时间内降低敌人防御效果。
2
cfg.pet.Property
2
85
0.05
30
0.05
cfg.pet.GetBuff
5024
4
0
50
0
全属性+5%，气血+15%
1
cfg.pet.Property
2
85
0.05
66
0.15
5
0
80
0
全属性+5%，赤炎火龙剑命中率大幅度上升，命中后一定机率额外对敌人造成禁止回复效果。
2
cfg.pet.Property
2
85
0.05
30
0.05
cfg.pet.GetBuff
5025
6
0
120
0
全属性+5%，暴击+15%，卓越一击+15%
1
cfg.pet.Property
3
85
0.05
6
0.15
2
0.15
7
0
240
0
全属性+5%，提升对伙伴的伤害。
1
cfg.pet.Property
3
85
0.05
30
0.05
26
0.25
8
0
360
0
全属性+5%，气血+15%
1
cfg.pet.Property
2
85
0.05
66
0.15
9
0
600
0
全属性+5%，归元剑一定机率附加冰冻效果。
2
cfg.pet.Property
2
85
0.05
30
0.05
cfg.pet.GetBuff
5139
10
0
880
0
气血+16%,韧性+15%,减免15%受到的伤害。
1
cfg.pet.Property
3
7
0.15
66
0.16
11
0.15
22100020
萧逸才
10
1
0
10
0
全属性+5%，获得技能“乱击”。
2
cfg.pet.Property
2
85
0.05
30
0.1
cfg.pet.GetSkill
40175
2
0
20
0
全属性+5%，暴击+15%
1
cfg.pet.Property
2
85
0.05
6
0.15
3
0
30
0
全属性+5%，火焰符额外造成时间不定的眩晕效果。
2
cfg.pet.Property
2
85
0.05
30
0.05
cfg.pet.GetBuff
5041
4
0
50
0
全属性+5%，最大攻击+20%
1
cfg.pet.Property
2
85
0.05
69
0.2
5
0
80
0
全属性+5%，技能伤害产生大幅度波动。
2
cfg.pet.Property
2
85
0.05
30
0.05
cfg.pet.GetBuff
5042
6
0
120
0
全属性+5%，暴击+15%，卓越一击+15%
1
cfg.pet.Property
3
85
0.05
6
0.15
2
0.15
7
0
240
0
全属性+5%，施放技能时有较小机率狂化，大幅度提高攻击力。
2
cfg.pet.Property
2
85
0.05
30
0.05
cfg.pet.GetBuff
5046
8
0
360
0
全属性+5%，暴击伤害+30%
1
cfg.pet.Property
2
85
0.05
8
0.3
9
0
600
0
全属性+5%，施放乱击时有一定几率获得攻击力超大幅度上升效果。
2
cfg.pet.Property
2
85
0.05
30
0.05
cfg.pet.GetBuff
5124
10
0
880
0
气血+14%,韧性+15%,减免15%受到的伤害。
1
cfg.pet.Property
3
7
0.15
66
0.14
11
0.15
22100021
周一仙
10
1
0
10
0
全属性+5%，获得技能“乾卦”。
2
cfg.pet.Property
2
85
0.05
30
0.1
cfg.pet.GetSkill
40185
2
0
20
0
全属性+5%，气血+20%
1
cfg.pet.Property
2
85
0.05
66
0.2
3
0
30
0
全属性+5%，施放坎卦时额外解除目标身上的一个负面状态。
2
cfg.pet.Property
2
85
0.05
30
0.05
cfg.pet.GetBuff
5018
4
0
50
0
全属性+5%，防御+10%
1
cfg.pet.Property
2
85
0.05
70
0.1
5
0
80
0
全属性+5%，离火诀附加灼烧效果。
2
cfg.pet.Property
2
85
0.05
30
0.05
cfg.pet.GetBuff
5019
6
0
120
0
全属性+5%，韧性+15%，卓越一击+15%
1
cfg.pet.Property
3
85
0.05
7
0.15
2
0.15
7
0
240
0
全属性+5%，乾卦有一定机率回血量大幅度上升。
2
cfg.pet.Property
2
85
0.05
30
0.05
cfg.pet.GetBuff
5020
8
0
360
0
全属性+5%，暴击伤害减免+30%
1
cfg.pet.Property
2
85
0.05
9
0.3
9
0
600
0
全属性+5%，坤卦附加移动速度上升效果。
2
cfg.pet.Property
2
85
0.05
30
0.05
cfg.pet.GetBuff
5152
10
0
880
0
气血+15%,韧性+15%,减免16%受到的伤害。
1
cfg.pet.Property
3
7
0.15
66
0.15
11
0.16
22100022
野狗道人
10
1
0
10
0
全属性+5%，获得技能“天雷咒”。
2
cfg.pet.Property
2
85
0.05
30
0.1
cfg.pet.GetSkill
40323
2
0
20
0
全属性+5%，气血+10%
1
cfg.pet.Property
2
85
0.05
66
0.1
3
0
30
0
全属性+5%，攻击力+10%
1
cfg.pet.Property
2
85
0.05
72
0.1
4
0
50
0
全属性+5%，防御+10%
1
cfg.pet.Property
2
85
0.05
70
0.1
5
0
80
0
全属性+5%，韧性+10%
1
cfg.pet.Property
2
85
0.05
7
0.1
6
0
120
0
全属性+5%，气血+10%
1
cfg.pet.Property
2
85
0.05
66
0.1
7
0
240
0
全属性+5%，攻击+10%
1
cfg.pet.Property
2
85
0.05
72
0.1
8
0
360
0
全属性+5%，气血+10%
1
cfg.pet.Property
2
85
0.05
66
0.1
9
0
600
0
全属性+5%，攻击力+10%
1
cfg.pet.Property
2
85
0.05
72
0.1
10
0
880
0
气血+10%,韧性+10%,减免10%受到的伤害。
1
cfg.pet.Property
3
7
0.1
66
0.1
11
0.1
22100023
大黄
10
1
0
10
0
全属性+5%，获得技能“激昂”。
2
cfg.pet.Property
2
85
0.05
30
0.1
cfg.pet.GetSkill
40203
2
0
20
0
全属性+5%，暴击+10%
1
cfg.pet.Property
2
85
0.05
6
0.1
3
0
30
0
全属性+5%，攻击力+10%
1
cfg.pet.Property
2
85
0.05
72
0.1
4
0
50
0
全属性+5%，防御+10%
1
cfg.pet.Property
2
85
0.05
70
0.1
5
0
80
0
全属性+5%，气血+10%
1
cfg.pet.Property
2
85
0.05
66
0.1
6
0
120
0
全属性+5%，命中+10%
1
cfg.pet.Property
2
85
0.05
73
0.1
7
0
240
0
全属性+5%，防御+10%
1
cfg.pet.Property
2
85
0.05
70
0.1
8
0
360
0
全属性+5%，暴击+10%
1
cfg.pet.Property
2
85
0.05
6
0.1
9
0
600
0
全属性+5%，攻击力+10%
1
cfg.pet.Property
2
85
0.05
72
0.1
10
0
880
0
气血+9%,韧性+9%,减免10%受到的伤害。
1
cfg.pet.Property
3
7
0.09
66
0.09
11
0.1
22100024
燕虹
10
1
0
10
0
全属性+5%，获得技能“五色石”。
2
cfg.pet.Property
2
85
0.05
30
0.1
cfg.pet.GetSkill
40214
2
0
20
0
全属性+5%，攻击+10%
1
cfg.pet.Property
2
85
0.05
72
0.1
3
0
30
0
全属性+5%，防御+10%
1
cfg.pet.Property
2
85
0.05
70
0.1
4
0
50
0
全属性+5%，攻击+10%
1
cfg.pet.Property
2
85
0.05
72
0.1
5
0
80
0
全属性+5%，闪避+10%。
1
cfg.pet.Property
2
85
0.05
23
0.1
6
0
120
0
全属性+5%，命中+10%
1
cfg.pet.Property
2
85
0.05
73
0.1
7
0
240
0
全属性+5%，气血+10%
1
cfg.pet.Property
2
85
0.05
66
0.1
8
0
360
0
全属性+5%，气血+10%
1
cfg.pet.Property
2
85
0.05
66
0.1
9
0
600
0
全属性+5%，防御+10%
1
cfg.pet.Property
2
85
0.05
70
0.1
10
0
880
0
气血+10%,韧性+11%,减免11%受到的伤害。
1
cfg.pet.Property
3
7
0.11
66
0.1
11
0.11
22100026
秦无炎
10
1
0
10
0
全属性+5%，获得技能“血毒印”。
2
cfg.pet.Property
2
85
0.05
30
0.1
cfg.pet.GetSkill
40294
2
0
20
0
全属性+5%，气血+15%
1
cfg.pet.Property
2
85
0.05
66
0.15
3
0
30
0
全属性+5%，施放渡情成功之后额外增加自身毒命中率。
2
cfg.pet.Property
2
85
0.05
30
0.05
cfg.pet.GetBuff
5067
4
0
50
0
全属性+5%，攻击+10%
1
cfg.pet.Property
2
85
0.05
72
0.1
5
0
80
0
全属性+5%，血毒印的毒变为无视防御的猛毒。
2
cfg.pet.Property
2
85
0.05
30
0.05
cfg.pet.GetBuff
5068
6
0
120
0
全属性+5%，幸运+15，卓越一击+15%
1
cfg.pet.Property
3
85
0.05
15
0.15
2
0.15
7
0
240
0
全属性+5%，斩相思命中目标后大幅度降低目标的异常抗性。
2
cfg.pet.Property
2
85
0.05
30
0.05
cfg.pet.GetBuff
5072
8
0
360
0
全属性+5%，气血+15%
1
cfg.pet.Property
2
85
0.05
66
0.15
9
0
600
0
全属性+5%，减免10%受到的伤害。
1
cfg.pet.Property
3
85
0.05
30
0.05
11
0.1
10
0
880
0
气血+14%,韧性+15%,减免16%受到的伤害。
1
cfg.pet.Property
3
7
0.15
66
0.14
11
0.16
22100027
田灵儿
10
1
0
10
0
全属性+5%，获得技能“朱绫乱舞”。
2
cfg.pet.Property
2
85
0.05
30
0.1
cfg.pet.GetSkill
40283
2
0
20
0
全属性+5%，气血+10%
1
cfg.pet.Property
2
85
0.05
66
0.1
3
0
30
0
全属性+5%，朱绫缚神有一定概率眩晕敌人。
2
cfg.pet.Property
2
85
0.05
30
0.05
cfg.pet.GetBuff
5107
4
0
50
0
全属性+5%，攻击+10%
1
cfg.pet.Property
2
85
0.05
72
0.1
5
0
80
0
全属性+5%，朱绫乱舞有一定概率降低敌人命中。
2
cfg.pet.Property
2
85
0.05
30
0.05
cfg.pet.GetBuff
5108
6
0
120
0
全属性+5%，命中+10%，卓越一击+15%
1
cfg.pet.Property
3
85
0.05
73
0.1
2
0.15
7
0
240
0
全属性+5%，受到来自伙伴的伤害降低。
1
cfg.pet.Property
3
85
0.05
30
0.05
28
0.25
8
0
360
0
全属性+5%，防御+15%
1
cfg.pet.Property
2
85
0.05
70
0.15
9
0
600
0
全属性+5%，朱绫缚神有一定机率造成超长时间眩晕。
2
cfg.pet.Property
2
85
0.05
30
0.05
cfg.pet.GetBuff
5142
10
0
880
0
气血+15%,韧性+15%,减免15%受到的伤害。
1
cfg.pet.Property
3
7
0.15
66
0.15
11
0.15
22100028
三尾
10
1
0
10
0
全属性+5%，获得技能“灵歌诀”。
2
cfg.pet.Property
2
85
0.05
30
0.1
cfg.pet.GetSkill
40253
2
0
20
0
全属性+5%，攻击+10%
1
cfg.pet.Property
2
85
0.05
72
0.1
3
0
30
0
全属性+5%，气血+10%
1
cfg.pet.Property
2
85
0.05
66
0.1
4
0
50
0
全属性+5%，命中+10%
1
cfg.pet.Property
2
85
0.05
73
0.1
5
0
80
0
全属性+5%，暴击+10%
1
cfg.pet.Property
2
85
0.05
6
0.1
6
0
120
0
全属性+5%，防御+10%
1
cfg.pet.Property
2
85
0.05
70
0.1
7
0
240
0
全属性+5%，命中+10%
1
cfg.pet.Property
2
85
0.05
73
0.1
8
0
360
0
全属性+5%，攻击+10%
1
cfg.pet.Property
2
85
0.05
72
0.1
9
0
600
0
全属性+5%，韧性+10%
1
cfg.pet.Property
2
85
0.05
7
0.1
10
0
880
0
气血+10%,韧性+11%,减免10%受到的伤害。
1
cfg.pet.Property
3
7
0.11
66
0.1
11
0.1
22100029
小环
10
1
0
10
0
全属性+5%，获得技能“聚义酒”。
2
cfg.pet.Property
2
85
0.05
30
0.1
cfg.pet.GetSkill
40243
2
0
20
0
全属性+5%，攻击+10%
1
cfg.pet.Property
2
85
0.05
72
0.1
3
0
30
0
全属性+5%，聚义酒的效果时间延长。
2
cfg.pet.Property
2
85
0.05
30
0.05
cfg.pet.GetBuff
5065
4
0
50
0
全属性+5%，气血+20%
1
cfg.pet.Property
2
85
0.05
66
0.2
5
0
80
0
全属性+5%，糖葫芦添加幸运光环效果。
2
cfg.pet.Property
2
85
0.05
30
0.05
cfg.pet.GetBuff
5082
6
0
120
0
全属性+5%，幸运+15，卓越一击+15%
1
cfg.pet.Property
3
85
0.05
15
0.15
2
0.15
7
0
240
0
全属性+5%，仙人指路的效果时间延长。
2
cfg.pet.Property
2
85
0.05
30
0.05
cfg.pet.GetBuff
5066
8
0
360
0
全属性+5%，攻击+15%
1
cfg.pet.Property
2
85
0.05
72
0.15
9
0
600
0
全属性+5%，聚义酒和仙人指路目标个数+2。
2
cfg.pet.Property
2
85
0.05
30
0.05
cfg.pet.GetBuff
5151
10
0
880
0
气血+14%,韧性+16%,减免14%受到的伤害。
1
cfg.pet.Property
3
7
0.16
66
0.14
11
0.14
22100030
鬼先生
10
1
0
10
0
全属性+5%，获得技能“四灵血阵”。
2
cfg.pet.Property
2
85
0.05
30
0.1
cfg.pet.GetSkill
40263
2
0
20
0
全属性+5%，防御+10%
1
cfg.pet.Property
2
85
0.05
70
0.1
3
0
30
0
全属性+5%，血玉骨片额外降低敌人防御。
2
cfg.pet.Property
2
85
0.05
30
0.05
cfg.pet.GetBuff
5076
4
0
50
0
全属性+5%，韧性+15%
1
cfg.pet.Property
2
85
0.05
7
0.15
5
0
80
0
全属性+5%，血灵之环有一定机率额外造成禁疗效果。
2
cfg.pet.Property
2
85
0.05
30
0.05
cfg.pet.GetBuff
5077
6
0
120
0
全属性+5%，防御+10%，卓越一击+15%
1
cfg.pet.Property
3
85
0.05
70
0.1
2
0.15
7
0
240
0
全属性+5%，血毒万里的毒变为猛毒。
2
cfg.pet.Property
2
85
0.05
30
0.05
cfg.pet.GetBuff
5078
8
0
360
0
全属性+10%，气血+20%，卓越一击减免+10%
1
cfg.pet.Property
3
85
0.1
66
0.2
3
0.1
9
0
600
0
全属性+10%，气血+20%，施放四灵血阵时一定机率附加异常抗性下降效果。
2
cfg.pet.Property
2
85
0.1
30
0.05
cfg.pet.GetBuff
5126
10
0
880
0
气血+19%,韧性+20%,减免20%受到的伤害。
1
cfg.pet.Property
3
7
0.2
66
0.19
11
0.2
22100031
幽姬
10
1
0
10
0
全属性+5%，获得技能“九龙神火舞”
2
cfg.pet.Property
2
85
0.05
30
0.1
cfg.pet.GetSkill
40274
2
0
20
0
全属性+5%，气血+20%
1
cfg.pet.Property
2
85
0.05
66
0.2
3
0
30
0
全属性+5%，所有技能最大伤害个数+1。
2
cfg.pet.Property
2
85
0.05
30
0.05
cfg.pet.GetBuff
5109
4
0
50
0
全属性+5%，防御+10%
1
cfg.pet.Property
2
85
0.05
70
0.1
5
0
80
0
全属性+5%，九龙神火舞额外造成灼烧效果。
2
cfg.pet.Property
2
85
0.05
30
0.05
cfg.pet.GetBuff
5110
6
0
120
0
全属性+5%，攻击+10%，卓越一击+15%
1
cfg.pet.Property
3
85
0.05
72
0.1
2
0.15
7
0
240
0
全属性+5%，烈焰之柱额外附加无视防御的猛烈灼烧。
2
cfg.pet.Property
2
85
0.05
30
0.05
cfg.pet.GetBuff
5111
8
0
360
0
全属性+5%，防御+15%
1
cfg.pet.Property
2
85
0.05
70
0.15
9
0
600
0
全属性+5%，所有技能目标个数+2。
2
cfg.pet.Property
2
85
0.05
30
0.05
cfg.pet.GetBuff
5154
10
0
880
0
气血+14%,韧性+14%,减免15%受到的伤害。
1
cfg.pet.Property
3
7
0.14
66
0.14
11
0.15
22100032
文敏
10
1
0
10
0
全属性+5%，获得技能“火焰符”。
2
cfg.pet.Property
2
85
0.05
30
0.1
cfg.pet.GetSkill
40413
2
0
20
0
全属性+5%，气血+10%
1
cfg.pet.Property
2
85
0.05
66
0.1
3
0
30
0
全属性+5%，暴击+10%
1
cfg.pet.Property
2
85
0.05
6
0.1
4
0
50
0
全属性+5%，攻击+10%
1
cfg.pet.Property
2
85
0.05
72
0.1
5
0
80
0
全属性+5%，防御+10%
1
cfg.pet.Property
2
85
0.05
70
0.1
6
0
120
0
全属性+5%，躲闪+10%
1
cfg.pet.Property
2
85
0.05
74
0.1
7
0
240
0
全属性+5%，气血+10%
1
cfg.pet.Property
2
85
0.05
66
0.1
8
0
360
0
全属性+5%，气血+10%
1
cfg.pet.Property
2
85
0.05
66
0.1
9
0
600
0
全属性+5%，防御+10%
1
cfg.pet.Property
2
85
0.05
70
0.1
10
0
880
0
气血+10%,韧性+9%,减免9%受到的伤害。
1
cfg.pet.Property
3
7
0.09
66
0.1
11
0.09
22100033
年老大
10
1
0
10
0
全属性+5%，获得技能“红眼”。
2
cfg.pet.Property
2
85
0.05
30
0.1
cfg.pet.GetSkill
40304
2
0
20
0
全属性+5%，攻击+10%
1
cfg.pet.Property
2
85
0.05
72
0.1
3
0
30
0
全属性+5%，气血+10%
1
cfg.pet.Property
2
85
0.05
66
0.1
4
0
50
0
全属性+5%，防御+10%
1
cfg.pet.Property
2
85
0.05
70
0.1
5
0
80
0
全属性+5%，命中+10%
1
cfg.pet.Property
2
85
0.05
73
0.1
6
0
120
0
全属性+5%，攻击+10%
1
cfg.pet.Property
2
85
0.05
72
0.1
7
0
240
0
全属性+5%，攻击+10%
1
cfg.pet.Property
2
85
0.05
72
0.1
8
0
360
0
全属性+5%，攻击+10%
1
cfg.pet.Property
2
85
0.05
72
0.1
9
0
600
0
全属性+5%，命中+10%
1
cfg.pet.Property
2
85
0.05
73
0.1
10
0
880
0
气血+11%,韧性+11%,减免10%受到的伤害。
1
cfg.pet.Property
3
7
0.11
66
0.11
11
0.1
22100034
血鲲
10
1
0
10
0
全属性+5%，获得技能“翻江”。
2
cfg.pet.Property
2
85
0.05
30
0.1
cfg.pet.GetSkill
40314
2
0
20
0
全属性+5%，气血+10%
1
cfg.pet.Property
2
85
0.05
66
0.1
3
0
30
0
全属性+5%，攻击力+10%
1
cfg.pet.Property
2
85
0.05
72
0.1
4
0
50
0
全属性+5%，躲闪+10%
1
cfg.pet.Property
2
85
0.05
74
0.1
5
0
80
0
全属性+5%，防御+10%
1
cfg.pet.Property
2
85
0.05
70
0.1
6
0
120
0
全属性+5%，防御+10%
1
cfg.pet.Property
2
85
0.05
70
0.1
7
0
240
0
全属性+5%，气血+10%
1
cfg.pet.Property
2
85
0.05
66
0.1
8
0
360
0
全属性+5%，气血+10%
1
cfg.pet.Property
2
85
0.05
66
0.1
9
0
600
0
全属性+5%，防御+10%
1
cfg.pet.Property
2
85
0.05
70
0.1
10
0
880
0
气血+9%,韧性+10%,减免11%受到的伤害。
1
cfg.pet.Property
3
7
0.1
66
0.09
11
0.11
22100035
毒神
10
1
0
10
0
全属性+5%，获得技能“毒浪滔天”。
2
cfg.pet.Property
2
85
0.05
30
0.1
cfg.pet.GetSkill
40333
2
0
20
0
全属性+5%，攻击+10%
1
cfg.pet.Property
2
85
0.05
72
0.1
3
0
30
0
全属性+5%，韧性+10%
1
cfg.pet.Property
2
85
0.05
7
0.1
4
0
50
0
全属性+5%，攻击+10%
1
cfg.pet.Property
2
85
0.05
72
0.1
5
0
80
0
全属性+5%，命中+10%
1
cfg.pet.Property
2
85
0.05
73
0.1
6
0
120
0
全属性+5%，躲闪+10%
1
cfg.pet.Property
2
85
0.05
74
0.1
7
0
240
0
全属性+5%，攻击+10%
1
cfg.pet.Property
2
85
0.05
72
0.1
8
0
360
0
全属性+5%，攻击+10%
1
cfg.pet.Property
2
85
0.05
72
0.1
9
0
600
0
全属性+5%，命中+10%
1
cfg.pet.Property
2
85
0.05
73
0.1
10
0
880
0
气血+11%,韧性+10%,减免9%受到的伤害。
1
cfg.pet.Property
3
7
0.1
66
0.11
11
0.09
22100036
百毒子
10
1
0
10
0
全属性+5%，获得技能“飞星断”。
2
cfg.pet.Property
2
85
0.05
30
0.1
cfg.pet.GetSkill
40343
2
0
20
0
全属性+5%，防御+10%
1
cfg.pet.Property
2
85
0.05
70
0.1
3
0
30
0
全属性+5%，韧性+10%
1
cfg.pet.Property
2
85
0.05
7
0.1
4
0
50
0
全属性+5%，命中+10%
1
cfg.pet.Property
2
85
0.05
73
0.1
5
0
80
0
全属性+5%，气血+10%
1
cfg.pet.Property
2
85
0.05
66
0.1
6
0
120
0
全属性+5%，躲闪+10%
1
cfg.pet.Property
2
85
0.05
74
0.1
7
0
240
0
全属性+5%，防御+10%
1
cfg.pet.Property
2
85
0.05
70
0.1
8
0
360
0
全属性+5%，防御+10%
1
cfg.pet.Property
2
85
0.05
70
0.1
9
0
600
0
全属性+5%，气血+10%
1
cfg.pet.Property
2
85
0.05
66
0.1
10
0
880
0
气血+10%,韧性+9%,减免11%受到的伤害。
1
cfg.pet.Property
3
7
0.09
66
0.1
11
0.11
22100037
吸血老祖
10
1
0
10
0
全属性+5%，获得技能“天焰”。
2
cfg.pet.Property
2
85
0.05
30
0.1
cfg.pet.GetSkill
40352
2
0
20
0
全属性+5%，攻击+10%
1
cfg.pet.Property
2
85
0.05
72
0.1
3
0
30
0
全属性+5%，防御+10%
1
cfg.pet.Property
2
85
0.05
70
0.1
4
0
50
0
全属性+5%，攻击+10%
1
cfg.pet.Property
2
85
0.05
72
0.1
5
0
80
0
全属性+5%，命中+10%
1
cfg.pet.Property
2
85
0.05
73
0.1
6
0
120
0
全属性+5%，韧性+10%
1
cfg.pet.Property
2
85
0.05
7
0.1
7
0
240
0
全属性+5%，攻击+10%
1
cfg.pet.Property
2
85
0.05
72
0.1
8
0
360
0
全属性+5%，命中+10%
1
cfg.pet.Property
2
85
0.05
73
0.1
9
0
600
0
全属性+5%，命中+10%
1
cfg.pet.Property
2
85
0.05
73
0.1
10
0
880
0
气血+10%,韧性+10%,减免10%受到的伤害。
1
cfg.pet.Property
3
7
0.1
66
0.1
11
0.1
22100038
孟骥
10
1
0
10
0
全属性+5%，获得技能“意凌云”。
2
cfg.pet.Property
2
85
0.05
30
0.1
cfg.pet.GetSkill
40362
2
0
20
0
全属性+5%，攻击+10%
1
cfg.pet.Property
2
85
0.05
72
0.1
3
0
30
0
全属性+5%，防御+10%
1
cfg.pet.Property
2
85
0.05
70
0.1
4
0
50
0
全属性+5%，命中+10%
1
cfg.pet.Property
2
85
0.05
73
0.1
5
0
80
0
全属性+5%，韧性+10%
1
cfg.pet.Property
2
85
0.05
7
0.1
6
0
120
0
全属性+5%，气血+10%
1
cfg.pet.Property
2
85
0.05
66
0.1
7
0
240
0
全属性+5%，攻击+10%
1
cfg.pet.Property
2
85
0.05
72
0.1
8
0
360
0
全属性+5%，攻击+10%
1
cfg.pet.Property
2
85
0.05
72
0.1
9
0
600
0
全属性+5%，韧性+10%
1
cfg.pet.Property
2
85
0.05
7
0.1
10
0
880
0
气血+9%,韧性+10%,减免11%受到的伤害。
1
cfg.pet.Property
3
7
0.1
66
0.09
11
0.11
22100039
玉阳子
10
1
0
10
0
全属性+5%，获得技能“八卦诀”。
2
cfg.pet.Property
2
85
0.05
30
0.1
cfg.pet.GetSkill
40372
2
0
20
0
全属性+5%，气血+10%
1
cfg.pet.Property
2
85
0.05
66
0.1
3
0
30
0
全属性+5%，攻击力+10%
1
cfg.pet.Property
2
85
0.05
72
0.1
4
0
50
0
全属性+5%，防御+10%
1
cfg.pet.Property
2
85
0.05
70
0.1
5
0
80
0
全属性+5%，暴击+10%
1
cfg.pet.Property
2
85
0.05
6
0.1
6
0
120
0
全属性+5%，攻击+10%
1
cfg.pet.Property
2
85
0.05
72
0.1
7
0
240
0
全属性+5%，气血+10%
1
cfg.pet.Property
2
85
0.05
66
0.1
8
0
360
0
全属性+5%，防御+10%
1
cfg.pet.Property
2
85
0.05
70
0.1
9
0
600
0
全属性+5%，暴击+10%
1
cfg.pet.Property
2
85
0.05
6
0.1
10
0
880
0
气血+10%,韧性+10%,减免10%受到的伤害。
1
cfg.pet.Property
3
7
0.1
66
0.1
11
0.1
22100040
大黑蛭
10
1
0
10
0
全属性+5%，获得技能“飞湍瀑流”。
2
cfg.pet.Property
2
85
0.05
30
0.1
cfg.pet.GetSkill
40392
2
0
20
0
全属性+5%，攻击+10%
1
cfg.pet.Property
2
85
0.05
72
0.1
3
0
30
0
全属性+5%，气血+10%
1
cfg.pet.Property
2
85
0.05
66
0.1
4
0
50
0
全属性+5%，攻击+10%
1
cfg.pet.Property
2
85
0.05
72
0.1
5
0
80
0
全属性+5%，命中+10%
1
cfg.pet.Property
2
85
0.05
73
0.1
6
0
120
0
全属性+5%，攻击+10%
1
cfg.pet.Property
2
85
0.05
72
0.1
7
0
240
0
全属性+5%，攻击+10%
1
cfg.pet.Property
2
85
0.05
72
0.1
8
0
360
0
全属性+5%，命中+10%
1
cfg.pet.Property
2
85
0.05
73
0.1
9
0
600
0
全属性+5%，命中+10%
1
cfg.pet.Property
2
85
0.05
73
0.1
10
0
880
0
气血+11%,韧性+11%,减免11%受到的伤害。
1
cfg.pet.Property
3
7
0.11
66
0.11
11
0.11
22100041
六尾魔狐
10
1
0
10
0
全属性+5%，获得技能“火浪术”。
2
cfg.pet.Property
2
85
0.05
30
0.1
cfg.pet.GetSkill
40404
2
0
20
0
全属性+5%，气血+10%
1
cfg.pet.Property
2
85
0.05
66
0.1
3
0
30
0
全属性+5%，气血+10%
1
cfg.pet.Property
2
85
0.05
66
0.1
4
0
50
0
全属性+5%，攻击+10%
1
cfg.pet.Property
2
85
0.05
72
0.1
5
0
80
0
全属性+5%，攻击+10%
1
cfg.pet.Property
2
85
0.05
72
0.1
6
0
120
0
全属性+5%，防御+10%
1
cfg.pet.Property
2
85
0.05
70
0.1
7
0
240
0
全属性+5%，气血+10%
1
cfg.pet.Property
2
85
0.05
66
0.1
8
0
360
0
全属性+5%，防御+10%
1
cfg.pet.Property
2
85
0.05
70
0.1
9
0
600
0
全属性+5%，攻击+10%
1
cfg.pet.Property
2
85
0.05
72
0.1
10
0
880
0
气血+10%,韧性+11%,减免9%受到的伤害。
1
cfg.pet.Property
3
7
0.11
66
0.1
11
0.09
22100042
小灰
10
1
0
10
0
全属性+5%，获得技能“山神降世”。
2
cfg.pet.Property
2
85
0.05
30
0.1
cfg.pet.GetSkill
40425
2
0
20
0
全属性+5%，气血+10%
1
cfg.pet.Property
2
85
0.05
66
0.1
3
0
30
0
全属性+5%，聚力一击额外附加眩晕效果。
2
cfg.pet.Property
2
85
0.05
30
0.05
cfg.pet.GetBuff
5115
4
0
50
0
全属性+5%，攻击+10%
1
cfg.pet.Property
2
85
0.05
72
0.1
5
0
80
0
全属性+5%，力劈华山额外附加防御下降效果。
2
cfg.pet.Property
2
85
0.05
30
0.05
cfg.pet.GetBuff
5116
6
0
120
0
全属性+5%，防御+10%
1
cfg.pet.Property
2
85
0.05
70
0.1
7
0
240
0
全属性+5%，大闹天宫额外附加短时间命中下降效果。
2
cfg.pet.Property
2
85
0.05
30
0.05
cfg.pet.GetBuff
5117
8
0
360
0
全属性+10%，攻击+15%，暴击+10%
1
cfg.pet.Property
3
85
0.1
72
0.15
6
0.1
9
0
600
0
全属性+10%，减免15%受到的伤害。
1
cfg.pet.Property
3
85
0.1
30
0.05
11
0.15
10
0
880
0
气血+21%,韧性+21%,减免19%受到的伤害。
1
cfg.pet.Property
3
7
0.21
66
0.21
11
0.19
22100043
万剑一
10
1
0
10
0
全属性+5%，获得技能“斩鬼神”。
2
cfg.pet.Property
2
85
0.05
30
0.1
cfg.pet.GetSkill
40435
2
0
20
0
全属性+5%，攻击+10%
1
cfg.pet.Property
2
85
0.05
72
0.1
3
0
30
0
全属性+5%，施放狂剑诛仙时一定机率大幅度降低敌人暴击机率。
2
cfg.pet.Property
2
85
0.05
30
0.05
cfg.pet.GetBuff
5158
4
0
50
0
全属性+5%，气血+20%
1
cfg.pet.Property
2
85
0.05
66
0.2
5
0
80
0
全属性+5%，施放天外飞仙时有一定机率使敌人冰冻。
2
cfg.pet.Property
2
85
0.05
30
0.05
cfg.pet.GetBuff
5159
6
0
120
0
全属性+5%，攻击+10%，卓越一击+15%
1
cfg.pet.Property
3
85
0.05
72
0.1
2
0.15
7
0
240
0
全属性+5%，施放天外飞仙时有一定机率大幅提升自身卓越一击。
2
cfg.pet.Property
2
85
0.05
30
0.05
cfg.pet.GetBuff
5160
8
0
360
0
全属性+10%，防御+15%，幸运+20%
1
cfg.pet.Property
3
85
0.1
70
0.15
15
0.2
9
0
600
0
全属性+10%，斩鬼神目标个数+2，必定造成暴击。
2
cfg.pet.Property
2
85
0.1
30
0.05
cfg.pet.GetBuff
5161
10
0
880
0
气血+20%,韧性+19%,减免21%受到的伤害。
1
cfg.pet.Property
3
7
0.19
66
0.2
11
0.21
22100044
云易岚
10
1
0
10
0
全属性+5%，获得技能“八荒火龙阵”。
2
cfg.pet.Property
2
85
0.05
30
0.1
cfg.pet.GetSkill
40445
2
0
20
0
全属性+5%，气血+20%
1
cfg.pet.Property
2
85
0.05
66
0.2
3
0
30
0
全属性+5%，施放炎龙啸时一定机率对敌人造成灼烧效果。
2
cfg.pet.Property
2
85
0.05
30
0.05
cfg.pet.GetBuff
5162
4
0
50
0
全属性+5%，攻击+10%
1
cfg.pet.Property
2
85
0.05
72
0.1
5
0
80
0
全属性+5%，施放烈焰焚邪时有一定机率驱散敌人全部正面状态。
2
cfg.pet.Property
2
85
0.05
30
0.05
cfg.pet.GetBuff
5164
6
0
120
0
全属性+5%，气血+20%，卓越一击+15%
1
cfg.pet.Property
3
85
0.05
66
0.2
2
0.15
7
0
240
0
全属性+5%，施放焰魂火毒时有一定机率使敌人中毒。
2
cfg.pet.Property
2
85
0.05
30
0.05
cfg.pet.GetBuff
5163
8
0
360
0
全属性+10%，防御+15%，韧性+10%
1
cfg.pet.Property
3
85
0.1
70
0.15
7
0.1
9
0
600
0
全属性+10%，八荒火龙目标个数+2，施放时一定机率使敌人大幅度降低暴击伤害。
2
cfg.pet.Property
2
85
0.1
30
0.05
cfg.pet.GetBuff
5157
10
0
880
0
气血+20%,韧性+20%,减免19%受到的伤害。
1
cfg.pet.Property
3
7
0.2
66
0.2
11
0.19
22100045
小白
10
1
0
10
0
全属性+5%，获得技能“变身妖狐”。
2
cfg.pet.Property
2
85
0.05
30
0.1
cfg.pet.GetSkill
40455
2
0
20
0
全属性+5%，气血+20%
1
cfg.pet.Property
2
85
0.05
66
0.2
3
0
30
0
全属性+5%，变身状态下一定机率驱散敌人正面状态，并造成短时间防御下降。
2
cfg.pet.Property
2
85
0.05
30
0.05
cfg.pet.GetBuff
5168
4
0
50
0
全属性+5%，攻击+10%
1
cfg.pet.Property
2
85
0.05
72
0.1
5
0
80
0
全属性+5%，施放吟月时附加攻击力上升光环效果；施放西江月时附加防御力上升光环效果。
2
cfg.pet.Property
2
85
0.05
30
0.05
cfg.pet.GetBuff
5166
6
0
120
0
全属性+5%，防御+10%，卓越一击+15%
1
cfg.pet.Property
3
85
0.05
70
0.1
2
0.15
7
0
240
0
全属性+5%，变身状态下时有一定机率使敌人体型变小、减速和防御下降。
2
cfg.pet.Property
2
85
0.05
30
0.05
cfg.pet.GetBuff
5169
8
0
360
0
全属性+5%，攻击+10%，韧性+10%
1
cfg.pet.Property
3
85
0.05
72
0.1
7
0.1
9
0
600
0
全属性+10%，变身时大幅度增加自身攻击力、防御力。
2
cfg.pet.Property
2
85
0.1
30
0.05
cfg.pet.GetBuff
5170
10
0
880
0
气血+18%,韧性+18%,减免20%受到的伤害。
1
cfg.pet.Property
3
7
0.18
66
0.18
11
0.2
22100046
兽神
10
1
0
10
0
全属性+5%，获得技能“血肉重铸”。
2
cfg.pet.Property
2
85
0.05
30
0.1
cfg.pet.GetSkill
79006
2
0
20
0
全属性+5%，攻击+10%
1
cfg.pet.Property
2
85
0.05
72
0.1
3
0
30
0
全属性+5%，对低生命值的敌人造成伤害时，有一定机率直接击败敌人。
2
cfg.pet.Property
2
85
0.05
30
0.05
cfg.pet.GetBuff
1379
4
0
50
0
全属性+5%，气血+20%
1
cfg.pet.Property
2
85
0.05
66
0.2
5
0
80
0
全属性+5%，施放技能时有一定几率获得吸血效果
2
cfg.pet.Property
2
85
0.05
30
0.05
cfg.pet.GetBuff
5171
6
0
120
0
全属性+5%，防御+10%
1
cfg.pet.Property
2
85
0.05
70
0.1
7
0
240
0
全属性+5%，施放技能时有一定几率提升自身暴击
2
cfg.pet.Property
2
85
0.05
30
0.05
cfg.pet.GetBuff
5172
8
0
360
0
全属性+10%，攻击+10%，暴击+15%
1
cfg.pet.Property
3
85
0.1
72
0.1
6
0.15
9
0
600
0
全属性+10%，施放群魔乱舞时增加自身攻击力。
2
cfg.pet.Property
2
85
0.1
30
0.05
cfg.pet.GetBuff
5172
10
0
880
0
气血+20%,韧性+20%,减免22%受到的伤害。
1
cfg.pet.Property
3
7
0.2
66
0.2
11
0.22
