43
22100001
张小凡
青云弟子，机缘巧合获得法宝噬魂，后入鬼王宗，集道、佛、魔三家真法于一身。
1
ICON_Pet_01
3
张小凡
1
1
0
true
5
54100001
1
这世上的美味我都做给你吃。
0
属性全能，攻防兼备
5
90
88
71
82
19
388.888889
18.75
7.5
10.0
4.8
4.081633
5
11666.666667
562.5
225.0
300.0
144
122.448980
150
0.5
2.5
0.2
0.4
0.15
0.25
0
0
0.15
0
0
0
0
5
0
0
0
0
0
22100002
陆雪琪
青云门小竹峰弟子，白衣若雪，空灵绝尘，经十年风雨，与张小凡执子之手生死与共。
2
ICON_Pet_04
3
陆雪琪
1
1
0
true
5
54100002
1
九天玄刹，化为神雷，煌煌天威，以剑引之！！！
0
稳定高伤，最强群攻
5
92
80
72
97
16
323.809524
23.75
8.333333
9.583333
5.090909
5.0
5
9714.285714
712.5
250.0
287.5
152.727273
150.0
150
0.45
2.55
0.2
0.2
0.15
0.25
0
0
0.3
0
0
0
0
5
0
0
0
0
0
22100003
林惊羽
青云弟子，万剑一传人，少年时与张小凡一同长大，丰神俊朗，惊才艳绝。
3
ICON_Pet_10
3
林惊羽
1
1
0
true
5
54100003
1
一剑一乾坤，一生为一人。
0
破防爆发，最强单体
5
95
65
95
70
25
400
16.25
7.407407
10.370370
4.090909
5.555556
5
12000
487.5
222.222222
311.111111
122.727273
166.666667
150
0.6
2.6
0.15
0.1
0.15
0.25
0
0
0.45
0
0
0
0
5
0
0
0.3
0.12
0.12
22100004
碧瑶
鬼王宗宗主之女，笑靥如花，绿衫灵动，于正魔大战中为救张小凡而死于诛仙剑下。
4
ICON_Pet_05
3
碧瑶
1
1
0
true
5
54100004
1
你想知道在那满月古井里能看到什么吗？
2
治疗控制，攻辅兼备
5
64
87
45
69
94
281.481481
22.5
7.619048
9.523810
6.666667
5
3.913043
8444.444444
675
228.571429
285.714286
200.0
150
117.391304
0.4
2.35
0.5
0.6
0.15
0.25
0
0
0.3
0
0
0
0
5
0
0
0
0
0
22100005
普智
天音四大神僧之一，曾收张小凡为徒，后因嗜血珠反噬而铸成大错。
111
ICON_Pet_28
2
普智
1
1
0
true
4
54100005
1
万般执念，不过佛前一盏心灯。
1
群体防御，群体攻击
5
57
78
61
72
58
409.523810
20
6.666667
7.916667
4.782609
4.777778
4.75
8190.476190
400
133.333333
158.333333
95.652174
95.555556
95.0
0.25
2.4
0.25
0.4
0.1
0.25
0
0
0.25
0
0
0
0
5
0
0
0
0
0
22100006
小七
天狐遗脉，性情活泼正直，身世孤苦而被六尾魔狐收养，与张小凡、林惊羽是多年至交。
5
ICON_Pet_17
3
小七
1
1
0
true
5
54100006
1
可以请你跳个舞吗？
1
躲闪降攻，防御辅助
5
65
94
39
83
72
316.666667
17.5
6.315789
9.789474
4.615385
5
5.384615
9500.0
525
189.473684
293.684211
138.461538
150
161.538462
0.3
2.25
0.5
0.7
0.15
0.25
0
0
0.3
0
0
0
0
5
0
0
0
0
0
22100007
宋大仁
青云大竹峰首徒，为人忠厚老实，对师弟师妹照顾有加，倾慕小竹峰弟子文敏已久。
220
ICON_Pet_45
3
宋大仁
1
1
0
true
3
54100007
1
大竹峰宋大仁，请赐教。
0
群体攻击
5
46
55
48
54
12
337.5
17.5
6.695652
8.260870
4.347826
4.095238
3.714286
3375.0
175
66.956522
82.608696
43.478261
40.952381
37.142857
0.2
2.15
0.1
0.2
0
0
0
0
0.15
0
0
0
0
5
0
0
0
0
0
22100008
法相
天音俗家弟子，渝都山海苑少主，仗义正直，与锦绣坊丁玲自幼定下婚约。
112
ICON_Pet_37
3
法相
1
1
0
true
4
54100008
1
佛曰：不可说。
1
高防高血，群体反伤
5
43
95
42
67
79
350
20
7.5
10
4.230769
4.75
4.375
7000
400
150
200
84.615385
95.0
87.5
0.15
2.4
0.4
0.4
0.1
0.25
0
0
0.15
0
0
0
0
5
0
0
0
0
0
22100009
齐昊
青云弟子，正道年轻一代翘楚，倾心田灵儿，并修成正果。
113
ICON_Pet_39
3
齐昊
1
1
0
true
4
54100009
1
人若得一知己，便不枉此生。
0
属性均衡，输出优秀
5
78
71
57
75
28
461.538462
22.5
7.619048
9.047619
5.714286
4.190476
3.904762
9230.769231
450
152.380952
180.952381
114.285714
83.809524
78.095238
0.3
2.55
0.2
0.25
0.1
0.25
0
0
0.2
0
0
0
0
5
0
0
0
0
0
22100010
苍松
青云门龙首峰首座，掌管戒律堂，极有威严，十分敬重万剑一。
114
ICON_Pet_32
3
苍松
1
1
0
true
4
54100010
1
士为知己者死。
0
优秀输出，持续伤害
5
83
56
58
81
35
356.521739
21.25
6.25
7.916667
4.583333
5
4.1
7130.434783
425
125.0
158.333333
91.666667
100
82
0.45
2.6
0.2
0.2
0.1
0.25
0
0
0.1
0
0
0
0
5
0
0
0
0
0
22100011
曾书书
青云风回峰弟子，机智聪慧，顽皮活泼，人缘极好，喜爱养珍奇异兽。
7
ICON_Pet_24
3
曾书书
1
1
0
true
5
54100011
1
我这里有一些新奇的宝贝，要不要来看看！
1
超高躲闪，超强妨碍
5
48
99
48
62
96
276.923077
17.5
7.368421
9.473684
5.238095
5
6.153846
8307.692308
525
221.052632
284.210526
157.142857
150
184.615385
0.2
2.4
0.55
0.6
0.15
0.25
0
0
0.35
0
0
0
0
5
0
0
0
0
0
22100014
水月
青云门小竹峰首座，陆雪琪的恩师，清冷貌美，不苟言笑。
117
ICON_Pet_33
3
水月
1
1
0
true
4
54100014
1
镜花水月，不过幻梦一场，不如万般皆散。
1
驱散异常状态，稳定攻击
5
71
65
45
63
83
285.714286
21.25
7.619048
9.047619
5.238095
4.285714
4.210526
5714.285714
425
152.380952
180.952381
104.761905
85.714286
84.210526
0.4
2.5
0.25
0.3
0.1
0.25
0
0
0
0
0
0
0
5
0
0
0
0
0
22100015
金瓶儿
合欢派弟子，锦绣坊老板，俏丽妩媚，精灵狡黠，人称“妙公子”。
107
ICON_Pet_36
3
金瓶儿
1
1
0
true
4
54100015
1
瓶儿携锦绣坊众姐妹恭候多时了。
0
单体攻击，高爆发
5
90
60
91
55
14
311.111111
18.75
7.619048
10.476190
3.809524
5
5
6222.222222
375
152.380952
209.523810
76.190476
100
100
0.15
2.5
0.2
0
0.1
0.25
0
0
0.15
0
0
0
0
5
0
0
0
0
0
22100016
李洵
焚香谷谷主亲传弟子，性情高傲，修为高深，被焚香谷一众师长寄予厚望。
208
ICON_Pet_41
3
李洵
1
1
0
true
3
54100016
1
与我并肩，你就有了八荒火龙的威力。
0
稳定攻击
5
65
42
53
67
6
333.333333
20
7.142857
8.571429
4.285714
4.347826
3.809524
3333.333333
200
71.428571
85.714286
42.857143
43.478261
38.095238
0.15
2.2
0.15
0.2
0
0
0
0
0.15
0
0
0
0
5
0
0
0
0
0
22100017
青龙
圣教四大护法之一，鬼王宗宗主的左膀右臂，与毒公子秦无炎交情甚密。
118
ICON_Pet_29
3
青龙
1
1
0
true
4
54100017
1
以我热血，为你封疆。
0
小范围群体攻击
5
86
46
64
88
16
311.111111
21.25
7.826087
10.0
3.333333
5.0
5
6222.222222
425
156.521739
200.0
66.666667
100.0
100
0.4
2.6
0.1
0.2
0.1
0.25
0
0
0.2
0
0
0
0
5
0
0
0
0
0
22100018
苏茹
青云门大竹峰首座田不易之妻，师承小竹峰，外表柔美，生性要强。
119
ICON_Pet_34
3
苏茹
1
1
0
true
4
54100018
1
我不想再看见世间疾苦。
1
群体攻击，单体驱散
5
63
70
62
75
55
286.956522
22.5
7.826087
8.695652
4.166667
4.736842
5.25
5739.130435
450
156.521739
173.913043
83.333333
94.736842
105
0.4
2.55
0.25
0.25
0.1
0.25
0
0
0.25
0
0
0
0
5
0
0
0
0
0
22100019
田不易
青云门大竹峰首座，外表严厉，内心则十分护短。
115
ICON_Pet_27
3
田不易
1
1
0
true
4
54100019
1
天地不仁，以万物为诌狗！
0
群体攻击，范围禁疗
5
83
73
58
68
29
253.846154
17.5
7.272727
9.090909
4.583333
4.5
5
5076.923077
350
145.454545
181.818182
91.666667
90
100
0.4
2.6
0.25
0.2
0.1
0.25
0
0
0.2
0
0
0
0
5
0
0
0
0
0
22100020
萧逸才
青云门道玄掌门首徒，从容风雅，波澜不惊，处处彰显领袖气魄。
109
ICON_Pet_38
3
萧逸才
1
1
0
true
4
54100020
1
对酒当歌，人生几何。
1
小范围攻击，不稳定爆发
5
90
60
99
57
4
266.666667
21.25
7.5
9.387755
4.097561
5.625
5.625
5333.333333
425
150
187.755102
81.951220
112.5
112.5
0.15
2.3
0.1
0.2
0.1
0.25
0
0
0.25
0
0
0
0
5
0
0
0
0
0
22100021
周一仙
得道高人，见多识广，通晓天机，却深藏不露，游走四方神通广大。
110
ICON_Pet_25
3
周一仙
1
1
0
true
4
54100021
1
年轻人，可要老夫为你算上一卦？
2
群体回血，群体辅助
5
17
83
15
84
99
280.0
25
6.25
10
4.814815
5
5
5600.0
500
125
200
96.296296
100
100
0.25
2.3
0.025
0.1
0.1
0.25
0
0
0.3
0
0
0
0
5
0
0
0
0
0
22100022
野狗道人
炼血堂弟子，其貌不扬，为人却忠心仗义，誓死效忠炼血堂，后倾慕小环，随其浪迹天涯。
222
ICON_Pet_53
3
野狗道人
1
1
0
true
3
54100022
1
来来来，给狗爷捶捶腿！
1
单体攻击
5
35
58
26
53
9
331.111111
16.25
6.086957
8.0
4.571429
3.75
5.0
3311.111111
162.5
60.869565
80.0
45.714286
37.5
50.0
0.15
2.1
0.05
0.25
0
0
0
0
0.15
0
0
0
0
5
0
0
0
0
0
22100023
大黄
田不易养的义犬，得道灵宠，修行数百年。
223
ICON_Pet_51
3
大黄
1
1
0
true
3
54100023
1
汪……
1
单体攻击
5
45
52
16
18
13
382.5
20
6.521739
8.260870
4.347826
4.285714
3.809524
3825.0
200
65.217391
82.608696
43.478261
42.857143
38.095238
0.05
2.1
0.1
0.2
0
0
0
0
0.2
0
0
0
0
5
0
0
0
0
0
22100024
燕虹
焚香谷杰出女弟子，细心沉静，与李洵自幼青梅竹马，感情甚笃。
224
ICON_Pet_42
3
燕虹
1
1
0
true
3
54100024
1
焚香谷燕虹，恭候多时了。
1
单体攻击
5
53
52
50
57
12
350.0
22.5
6.086957
8.695652
4.285714
3.333333
4.5
3500.0
225
60.869565
86.956522
42.857143
33.333333
45
0.05
2.2
0.2
0.2
0
0
0
0
0.15
0
0
0
0
5
0
0
0
0
0
22100026
秦无炎
万毒门毒神的关门弟子，年轻一代翘楚，心思缜密，桀骜不驯，人称“毒公子”。
126
ICON_Pet_35
3
秦无炎
1
1
0
true
4
54100026
1
十年情思百年渡，不斩相思不忍顾。
0
群体攻击，群体毒
5
86
67
74
49
19
261.538462
18.75
6.666667
9.047619
5.238095
4
5
5230.769231
375
133.333333
180.952381
104.761905
80
100
0.1
2.2
0.55
0.6
0.1
0.25
0
0
0.3
0
0
0
0
5
0
0
0
0
0
22100027
田灵儿
青云大竹峰首座田不易之女，天真无邪，俏皮灵动，集万千宠爱于一身，爱慕师兄齐昊。
120
ICON_Pet_40
3
田灵儿
1
1
0
true
4
54100027
1
跟我走吧，带你回大竹峰！
2
单体攻击，单体控制
5
64
62
68
55
62
430.769231
18.75
7.619048
9.047619
4.761905
4
4.545455
8615.384615
375
152.380952
180.952381
95.238095
80
90.909091
0.2
2.3
0.3
0.5
0.1
0.25
0
0
0.2
0
0
0
0
5
0
0
0
0
0
22100028
三尾妖狐
修行数百年的灵狐，与六尾魔狐生死相随，此情不渝，后于黑石洞中殉情而死。
228
ICON_Pet_54
3
三尾妖狐
1
1
0
true
3
54100028
1
天涯海角，日夜担忧，可是，我从来没有后悔过……
0
群体攻击
5
68
45
72
73
9
362.5
17.5
7.142857
9.047619
3.478261
4.347826
3.809524
3625.0
175
71.428571
90.476190
34.782609
43.478261
38.095238
0.05
2.4
0.1
0.2
0
0
0
0
0.25
0
0
0
0
5
0
0
0
0
0
22100029
小环
周一仙孙女，鬼道传人，天真善良，糖葫芦是她的最爱。
116
ICON_Pet_31
3
小环
1
1
0
true
4
54100029
1
嘻……你要请我吃糖葫芦吗？
2
群体攻击，团队增益
5
74
62
6
83
88
241.666667
17.5
3.75
7.916667
5.238095
5.625
6.25
4833.333333
350
75.0
158.333333
104.761905
112.5
125
0.55
2.45
0.1
0.35
0.1
0.25
0
0
0.325
0
0
0
0
5
0
0
0
0
0
22100030
鬼先生
鬼道神秘高手，来历神秘莫测，极少露面，曾暗中主持诡异阵法“四灵血阵”。
6
ICON_Pet_23
3
鬼先生
1
1
0
true
5
54100030
1
你可要尝尝我这三日必死丸？
2
大范围群体控制
5
56
53
53
94
95
336
20
6.818182
7.727273
5.217391
4.878049
6.25
10080
600
204.545455
231.818182
156.521739
146.341463
187.5
0.2
2
0.5
0.5
0.15
0.25
0
0
0.35
0
0
0
0
5
0
0
0
0
0
22100031
幽姬
又名朱雀，圣教四大护法之一，鬼王宗宗主的左膀右臂，与碧瑶情同母女。
121
ICON_Pet_30
3
幽姬
1
1
0
true
4
54100031
1
今生今世，可还能有人掀起我的面纱？
0
范围攻击，单体爆发
5
81
46
68
95
16
377.777778
21.25
6.666667
8.75
3.478261
3.809524
5.625
7555.555556
425
133.333333
175.0
69.565217
76.190476
112.5
0.35
2.55
0.025
0.25
0.1
0.25
0
0
0.2
0
0
0
0
5
0
0
0
0
0
22100032
文敏
青云小竹峰水月大师的得意弟子，温文尔雅，道行高深。
229
ICON_Pet_48
3
文敏
1
1
0
true
3
54100032
0
0
范围攻击
5
43
43
62
57
14
350.0
18.125
6.260870
8.782609
3.913043
3.809524
4.347826
3500.0
181.25
62.608696
87.826087
39.130435
38.095238
43.478261
0.05
2.15
0.05
0.2
0
0
0
0
0.2
0
0
0
0
5
0
0
0
0
0
22100033
年老大
圣教炼血堂堂主，也曾无限风光，拥有法宝赤魔眼。
230
ICON_Pet_56
3
年老大
1
1
0
true
3
54100033
0
0
范围攻击
5
61
63
52
51
7
352.5
16.25
6.956522
8.695652
4.761905
3.565217
3.809524
3525.0
162.5
69.565217
86.956522
47.619048
35.652174
38.095238
0.15
2.3
0.05
0.2
0
0
0
0
0.05
0
0
0
0
5
0
0
0
0
0
22100034
血鲲
圣教炼血堂豢养的千年灵兽，吞噬万物之灵。
231
ICON_Pet_57
3
血鲲
1
1
0
true
3
54100034
0
0
大范围攻击
5
65
36
45
82
5
321.818182
22.5
6.086957
8.695652
3.652174
4.095238
4.444444
3218.181818
225
60.869565
86.956522
36.521739
40.952381
44.444444
0.05
2
0.2
0.4
0
0
0
0
0.05
0
0
0
0
5
0
0
0
0
0
22100035
毒神
圣教万毒门掌门，心机颇深。
232
ICON_Pet_58
3
毒神
1
1
0
true
3
54100035
0
0
范围攻击
5
35
65
43
67
12
335.0
20
5.384615
7.307692
4.782609
4
4.1
3350.0
200
53.846154
73.076923
47.826087
40
41
0.15
2.1
0.1
0.3
0
0
0
0
0.1
0
0
0
0
5
0
0
0
0
0
22100036
百毒子
圣教万毒门高手，曾与秦无炎明争暗斗。
233
ICON_Pet_59
3
百毒子
1
1
0
true
3
54100036
0
0
小范围攻击
5
42
75
39
56
13
340
18.75
6.086957
7.826087
5.428571
3.333333
5.111111
3400
187.5
60.869565
78.260870
54.285714
33.333333
51.111111
0.05
2.25
0.1
0.15
0
0
0
0
0.05
0
0
0
0
5
0
0
0
0
0
22100037
吸血老祖
圣教高手，数百年道行。
234
ICON_Pet_60
3
吸血老祖
1
1
0
true
3
54100037
0
0
单体攻击
5
58
67
37
37
8
340.0
18.125
6.086957
8.521739
5.217391
3.809524
3.809524
3400.0
181.25
60.869565
85.217391
52.173913
38.095238
38.095238
0.15
2.25
0
0.2
0
0
0
0
0.15
0
0
0
0
5
0
0
0
0
0
22100038
孟骥
长生堂弟子，堂主玉阳子的得力干将。
235
ICON_Pet_61
3
孟骥
1
1
0
true
3
54100038
0
0
高耐久
5
45
81
46
35
7
330.0
20
6.086957
7.391304
5.714286
3.076923
4.444444
3300.0
200
60.869565
73.913043
57.142857
30.769231
44.444444
0.15
2.1
0.1
0.3
0
0
0
0
0.05
0
0
0
0
5
0
0
0
0
0
22100039
玉阳子
圣教长生堂堂主，一生钻研不老之术。
236
ICON_Pet_62
3
玉阳子
1
1
0
true
3
54100039
0
0
范围攻击
5
55
68
48
59
9
332.5
20
6.173913
7.826087
4.869565
3.809524
4.666667
3325.0
200
61.739130
78.260870
48.695652
38.095238
46.666667
0.05
2.3
0.05
0.2
0
0
0
0
0.05
0
0
0
0
5
0
0
0
0
0
22100040
大黑蛭
上古异种，曾于黑石洞中为三尾灵狐所驭。
237
ICON_Pet_63
3
大黑蛭伙伴
1
1
0
true
3
54100040
0
0
范围攻击
5
56
34
44
68
4
281.818182
19.375
7.826087
8.695652
3.478261
4
4.444444
2818.181818
193.75
78.260870
86.956522
34.782609
40
44.444444
0.15
2.25
0.05
0.25
0
0
0
0
0.05
0
0
0
0
5
0
0
0
0
0
22100041
六尾魔狐
九尾天狐之子，亦正亦邪，情深意重。
139
ICON_Pet_55
3
六尾魔狐
1
1
0
true
3
54100041
0
0
单体攻击
5
59
33
59
57
6
333.333333
18.125
6.086957
8.695652
3.478261
3.809524
5
3333.333333
181.25
60.869565
86.956522
34.782609
38.095238
50
0.25
2.5
0
0
0
0
0
0
0.15
0
0
0
0
5
0
0
0
0
0
22100042
小灰
张小凡的宠物猴子，实为灵兽三眼灵猴。
8
ICON_Pet_09
3
小灰变身
1
1
0
true
5
54100042
0
0
小范围攻击，小范围控制
5
78
93
82
38
68
466.666667
18.75
6.956522
9.565217
5.0
5.714286
3.75
14000.0
562.5
208.695652
286.956522
150.0
171.428571
112.5
0.45
2.3
0.4
0.65
0.15
0.25
0
0
0.3
0
0
0
0
5
0
0
0
0
0
22100043
万剑一
隐居于青云后山祖师祠堂中的神秘老人，实力深不可测。
9
ICON_Pet_21
3
万剑一
1
1
0
true
5
54100043
0
0
单体攻击，单体爆发
5
99
83
99
52
24
453.333333
20
8.461538
10.769231
5.714286
5.263158
2.5
13600.0
600
253.846154
323.076923
171.428571
157.894737
75
0.25
2.9
0.25
0.25
0.4
0.25
0
0
0.4
0
0
0
0
5
0
0
0
0
0
22100044
云易岚
焚香谷谷主，道行高强，将焚香玉册修炼至玉阳境界。
10
ICON_Pet_22
3
云易岚
1
1
0
true
5
54100044
0
0
大范围攻击
5
86
82
65
84
34
363.636364
20
7.619048
9.523810
5.714286
4.285714
6.875
10909.090909
600
228.571429
285.714286
171.428571
128.571429
206.25
0.2
2
0.3
0.5
0.1
0.15
0.25
0.25
0.1
0
0
0
0
5
0
0
0
0
0
22100045
小白
九尾天狐，夺取玄火鉴失败被云易岚困于玄火坛中，后被鬼厉所救。
11
ICON_Pet_08
3
小白
1
1
0
true
5
54100045
0
2
大范围辅助，变身，妨碍
5
68
82
25
99
84
466.666667
18.75
6.521739
8.695652
6.666667
4.210526
6.875
14000.0
562.5
195.652174
260.869565
200.0
126.315789
206.25
0.35
2.35
0.15
0.55
0.35
0.45
0.2
0.2
0.3
0
0
0
0
5
0
0
0
0
0
22100046
兽神
玲珑为求长生，以天地虐气制造的妖兽，道行冠绝天下，统御三十七族兽妖祸乱天下。
12
ICON_Pet_07
3
兽神人形
1
1
0
true
5
54100046
0
0
大范围攻击，斩杀，重生
5
100
86
90
97
5
377.777778
18.75
8.846154
10.769231
5.904762
4.210526
3.75
11333.333333
562.5
265.384615
323.076923
177.142857
126.315789
112.5
0.3
2.7
0.3
0.3
0.2
0.4
0.3
0.3
0.3
0
0
0
0
5
0
0
0
0
0
