218
1
30白
7
16
7
682.5
1330.875
17
7
136.5
266.175
18
7
22.75
44.3625
19
7
13.65
26.6175
20
7
10.5
20.475
22
7
10.5
20.475
23
7
10.5
20.475
2
30绿
7
16
6
1399.125
2354.625
17
6
279.825
470.925
18
6
46.6375
78.4875
19
6
27.9825
47.0925
20
6
21.525
36.225
22
6
21.525
36.225
23
6
21.525
36.225
3
30蓝
7
16
5
2422.875
3037.125
17
5
484.575
607.425
18
5
80.7625
101.2375
19
5
48.4575
60.7425
20
5
37.275
46.725
22
5
37.275
46.725
23
5
37.275
46.725
4
30紫
7
16
4
3105.375
4060.875
17
4
621.075
812.175
18
4
103.5125
135.3625
19
4
62.1075
81.2175
20
4
47.775
62.475
22
4
47.775
62.475
23
4
47.775
62.475
5
30橙
7
16
3
4129.125
5084.625
17
3
825.825
1016.925
18
3
137.6375
169.4875
19
3
82.5825
101.6925
20
3
63.525
78.225
22
3
63.525
78.225
23
3
63.525
78.225
6
30高
7
16
2
5152.875
6825
17
2
1030.575
1365
18
2
171.7625
227.5
19
2
103.0575
136.5
20
2
79.275
105
22
2
79.275
105
23
2
79.275
105
7
45白
7
16
7
1911
3726.45
17
7
382.2
745.29
18
7
63.7
124.215
19
7
38.22
74.529
20
7
29.4
57.33
22
7
29.4
57.33
23
7
29.4
57.33
8
45绿
7
16
6
3917.55
6592.95
17
6
783.51
1318.59
18
6
130.585
219.765
19
6
78.351
131.859
20
6
60.27
101.43
22
6
60.27
101.43
23
6
60.27
101.43
9
45蓝
7
16
5
6784.05
8503.95
17
5
1356.81
1700.79
18
5
226.135
283.465
19
5
135.681
170.079
20
5
104.37
130.83
22
5
104.37
130.83
23
5
104.37
130.83
10
45紫
7
16
4
8695.05
11370.45
17
4
1739.01
2274.09
18
4
289.835
379.015
19
4
173.901
227.409
20
4
133.77
174.93
22
4
133.77
174.93
23
4
133.77
174.93
11
45橙
7
16
3
11561.55
14236.95
17
3
2312.31
2847.39
18
3
385.385
474.565
19
3
231.231
284.739
20
3
177.87
219.03
22
3
177.87
219.03
23
3
177.87
219.03
12
45红
7
16
2
14428.05
19110
17
2
2885.61
3822
18
2
480.935
637
19
2
288.561
382.2
20
2
221.97
294
22
2
221.97
294
23
2
221.97
294
13
60白
7
16
7
3953.7
7709.715
17
7
790.74
1541.943
18
7
131.79
256.9905
19
7
79.074
154.1943
20
7
60.826154
118.611
22
7
60.826154
118.611
23
7
60.826154
118.611
14
60绿
7
16
6
8105.085
13640.265
17
6
1621.017
2728.053
18
6
270.1695
454.6755
19
6
162.1017
272.8053
20
6
124.693615
209.850231
22
6
124.693615
209.850231
23
6
124.693615
209.850231
15
60蓝
7
16
5
14035.635
17593.965
17
5
2807.127
3518.793
18
5
467.8545
586.4655
19
5
280.7127
351.8793
20
5
215.932846
270.676385
22
5
215.932846
270.676385
23
5
215.932846
270.676385
16
60紫
7
16
4
17989.335
23524.515
17
4
3597.867
4704.903
18
4
599.6445
784.1505
19
4
359.7867
470.4903
20
4
276.759
361.915615
22
4
276.759
361.915615
23
4
276.759
361.915615
17
60橙
7
16
3
23919.885
29455.065
17
3
4783.977
5891.013
18
3
797.3295
981.8355
19
3
478.3977
589.1013
20
3
367.998231
453.154846
22
3
367.998231
453.154846
23
3
367.998231
453.154846
18
60红
7
16
2
29850.435
35583.3
17
2
5970.087
7116.66
18
2
995.0145
1186.11
19
2
597.0087
711.666
20
2
459.237462
547.435385
22
2
459.237462
547.435385
23
2
459.237462
547.435385
19
60高
7
16
1
35583.3
39537
17
1
7116.66
7907.4
18
1
1186.11
1317.9
19
1
711.666
790.74
20
1
547.435385
608.261538
22
1
547.435385
608.261538
23
1
547.435385
608.261538
20
75白
7
16
7
7334.75625
14302.7746875
17
7
1466.95125
2860.5549375
18
7
244.491875
476.759156
19
7
146.695125
286.055494
20
7
112.842404
220.042688
22
7
112.842404
220.042688
23
7
112.842404
220.042688
21
75绿
7
16
6
15036.2503125
25304.9090625
17
6
3007.2500625
5060.9818125
18
6
501.208344
843.496969
19
6
300.725006
506.098181
20
6
231.326928
389.306293
22
6
231.326928
389.306293
23
6
231.326928
389.306293
22
75蓝
7
16
5
26038.3846875
32639.6653125
17
5
5207.6769375
6527.9330625
18
5
867.946156
1087.988844
19
5
520.767694
652.793306
20
5
400.590534
502.148697
22
5
400.590534
502.148697
23
5
400.590534
502.148697
23
75紫
7
16
4
33373.1409375
43641.7996875
17
4
6674.6281875
8728.3599375
18
4
1112.438031
1454.726656
19
4
667.462819
872.835994
20
4
513.4329375
671.412303
22
4
513.4329375
671.412303
23
4
513.4329375
671.412303
24
75橙
7
16
3
44375.2753125
54643.9340625
17
3
8875.0550625
10928.786813
18
3
1479.175844
1821.464469
19
3
887.505506
1092.878681
20
3
682.696543
840.675909
22
3
682.696543
840.675909
23
3
682.696543
840.675909
25
75红
7
16
2
55377.4096875
66012.806250
17
2
11075.4819375
13202.561250
18
2
1845.913656
2200.426875
19
2
1107.548194
1320.256125
20
2
851.960149
1015.581635
22
2
851.960149
1015.581635
23
2
851.960149
1015.581635
26
75高
7
16
1
66012.806250
73347.5625
17
1
13202.561250
14669.5125
18
1
2200.426875
2444.91875
19
1
1320.256125
1466.95125
20
1
1015.581635
1128.424038
22
1
1015.581635
1128.424038
23
1
1015.581635
1128.424038
27
90白
7
16
7
11964.4125
23330.604375
17
7
2392.8825
4666.120875
18
7
398.81375
777.6868125
19
7
239.28825
466.6120875
20
7
184.067885
358.932375
22
7
184.067885
358.932375
23
7
184.067885
358.932375
28
90绿
7
16
6
24527.045625
41277.223125
17
6
4905.409125
8255.444625
18
6
817.568187
1375.9074375
19
6
490.5409125
825.544463
20
6
377.339163
635.034202
22
6
377.339163
635.034202
23
6
377.339163
635.034202
29
90蓝
7
16
5
42473.664375
53241.635625
17
5
8494.732875
10648.327125
18
5
1415.7888125
1774.721188
19
5
849.4732875
1064.8327125
20
5
653.440990
819.102087
22
5
653.440990
819.102087
23
5
653.440990
819.102087
30
90紫
7
16
4
54438.076875
71188.254375
17
4
10887.615375
14237.650875
18
4
1814.602563
2372.941812
19
4
1088.7615375
1423.7650875
20
4
837.508875
1095.203913
22
4
837.508875
1095.203913
23
4
837.508875
1095.203913
31
90橙
7
16
3
72384.695625
89134.873125
17
3
14476.939125
17826.974625
18
3
2412.8231875
2971.162437
19
3
1447.6939125
1782.6974625
20
3
1113.610702
1371.305740
22
3
1113.610702
1371.305740
23
3
1113.610702
1371.305740
32
90红
7
16
2
90331.314375
107679.7125
17
2
18066.262875
21535.9425
18
2
3011.0438125
3589.32375
19
2
1806.6262875
2153.59425
20
2
1389.712529
1656.610962
22
2
1389.712529
1656.610962
23
2
1389.712529
1656.610962
33
90高
7
16
1
107679.7125
119644.125
17
1
21535.9425
23928.825
18
1
3589.32375
3988.1375
19
1
2153.59425
2392.8825
20
1
1656.610962
1840.678846
22
1
1656.610962
1840.678846
23
1
1656.610962
1840.678846
34
60精选(HP，攻击，防御，命中，躲闪）
6
16
1
29850.435
35583.3
18
1
995.0145
1186.11
19
1
597.0087
711.666
20
1
459.237462
547.435385
22
1
459.237462
547.435385
23
1
459.237462
547.435385
35
60精选（攻击，命中）
3
18
1
995.0145
1186.11
19
1
597.0087
711.666
22
1
459.237462
547.435385
36
60精选（HP，防御，躲闪）
3
16
1
29850.435
35583.3
20
1
459.237462
547.435385
23
1
459.237462
547.435385
37
75精选(HP，攻击，防御，命中，躲闪）
6
16
1
55377.4096875
66012.806250
18
1
1845.913656
2200.426875
19
1
1107.548194
1320.256125
20
1
851.960149
1015.581635
22
1
851.960149
1015.581635
23
1
851.960149
1015.581635
38
75精选（攻击，命中）
3
18
1
1845.913656
2200.426875
19
1
1107.548194
1320.256125
22
1
851.960149
1015.581635
39
75精选（HP，防御，躲闪）
3
16
1
55377.4096875
66012.806250
20
1
851.960149
1015.581635
23
1
851.960149
1015.581635
40
90精选(HP，攻击，防御，命中，躲闪）
6
16
1
90331.314375
107679.7125
18
1
3011.0438125
3589.32375
19
1
1806.6262875
2153.59425
20
1
1389.712529
1656.610962
22
1
1389.712529
1656.610962
23
1
1389.712529
1656.610962
41
90精选（攻击，命中）
3
18
1
3011.0438125
3589.32375
19
1
1806.6262875
2153.59425
22
1
1389.712529
1656.610962
42
90精选（HP，防御，躲闪）
3
16
1
90331.314375
107679.7125
20
1
1389.712529
1656.610962
23
1
1389.712529
1656.610962
43
60精选2(HP，攻击，防御，命中，躲闪）
6
16
1
35583.3
39537
18
1
1186.11
1317.9
19
1
711.666
790.74
20
1
547.435385
608.261538
22
1
547.435385
608.261538
23
1
547.435385
608.261538
44
60精选2（攻击，命中）
3
18
1
1186.11
1317.9
19
1
711.666
790.74
22
1
547.435385
608.261538
45
60精选2（HP，防御，躲闪）
3
16
1
35583.3
39537
20
1
547.435385
608.261538
23
1
547.435385
608.261538
46
75精选2(HP，攻击，防御，命中，躲闪）
6
16
1
66012.806250
73347.5625
18
1
2200.426875
2444.91875
19
1
1320.256125
1466.95125
20
1
1015.581635
1128.424038
22
1
1015.581635
1128.424038
23
1
1015.581635
1128.424038
47
75精选2（攻击，命中）
3
18
1
2200.426875
2444.91875
19
1
1320.256125
1466.95125
22
1
1015.581635
1128.424038
48
75精选2（HP，防御，躲闪）
3
16
1
66012.806250
73347.5625
20
1
1015.581635
1128.424038
23
1
1015.581635
1128.424038
49
90精选2(HP，攻击，防御，命中，躲闪）
6
16
1
107679.7125
119644.125
18
1
3589.32375
3988.1375
19
1
2153.59425
2392.8825
20
1
1656.610962
1840.678846
22
1
1656.610962
1840.678846
23
1
1656.610962
1840.678846
50
90精选2（攻击，命中）
3
18
1
3589.32375
3988.1375
19
1
2153.59425
2392.8825
22
1
1656.610962
1840.678846
51
90精选2（HP，防御，躲闪）
3
16
1
107679.7125
119644.125
20
1
1656.610962
1840.678846
23
1
1656.610962
1840.678846
52
105白
7
16
7
18898.1625
36851.416875
17
7
3779.6325
7370.283375
18
7
629.93875
1228.3805625
19
7
377.96325
737.0283375
20
7
290.740962
566.944875
22
7
290.740962
566.944875
23
7
290.740962
566.944875
53
105绿
7
16
6
38741.233125
65198.660625
17
6
7748.246625
13039.732125
18
6
1291.374437
2173.2886875
19
6
774.8246625
1303.973213
20
6
596.018971
1003.056317
22
6
596.018971
1003.056317
23
6
596.018971
1003.056317
54
105蓝
7
16
5
67088.476875
84096.823125
17
5
13417.695375
16819.364625
18
5
2236.2825625
2803.2274375
19
5
1341.7695375
1681.9364625
20
5
1032.130413
1293.797279
22
5
1032.130413
1293.797279
23
5
1032.130413
1293.797279
55
105紫
7
16
4
85986.639375
112444.066875
17
4
17197.327875
22488.813375
18
4
2866.2213125
3748.135562
19
4
1719.732788
2248.8813375
20
4
1322.871375
1729.908721
22
4
1322.871375
1729.908721
23
4
1322.871375
1729.908721
56
105橙
7
16
3
114333.883125
140791.310625
17
3
22866.776625
28158.262125
18
3
3811.1294375
4693.0436875
19
3
2286.6776625
2815.826213
20
3
1758.982817
2166.020163
22
3
1758.982817
2166.020163
23
3
1758.982817
2166.020163
57
105红
7
16
2
142681.126875
170083.4625
17
2
28536.225375
34016.6925
18
2
4756.0375625
5669.44875
19
2
2853.622538
3401.66925
20
2
2195.094260
2616.668654
22
2
2195.094260
2616.668654
23
2
2195.094260
2616.668654
58
105高
7
16
1
170083.4625
188981.625
17
1
34016.6925
37796.325
18
1
5669.44875
6299.3875
19
1
3401.66925
3779.6325
20
1
2616.668654
2907.409615
22
1
2616.668654
2907.409615
23
1
2616.668654
2907.409615
59
120白
7
16
7
28795.35
56150.932500
17
7
5759.07
11230.1865
18
7
959.845
1871.69775
19
7
575.907
1123.01865
20
7
443.005385
863.8605
22
7
443.005385
863.8605
23
7
443.005385
863.8605
60
120绿
7
16
6
59030.4675
99343.9575
17
6
11806.0935
19868.7915
18
6
1967.68225
3311.46525
19
6
1180.60935
1986.87915
20
6
908.161038
1528.368577
22
6
908.161038
1528.368577
23
6
908.161038
1528.368577
61
120蓝
7
16
5
102223.4925
128139.3075
17
5
20444.6985
25627.8615
18
5
3407.44975
4271.31025
19
5
2044.46985
2562.78615
20
5
1572.669115
1971.373962
22
5
1572.669115
1971.373962
23
5
1572.669115
1971.373962
62
120紫
7
16
4
131018.8425
171332.3325
17
4
26203.7685
34266.4665
18
4
4367.29475
5711.07775
19
4
2620.37685
3426.64665
20
4
2015.6745
2635.882038
22
4
2015.6745
2635.882038
23
4
2015.6745
2635.882038
63
120橙
7
16
3
174211.8675
214525.3575
17
3
34842.3735
42905.0715
18
3
5807.06225
7150.84525
19
3
3484.23735
4290.50715
20
3
2680.182577
3300.390115
22
3
2680.182577
3300.390115
23
3
2680.182577
3300.390115
64
120红
7
16
2
217404.8925
259158.15
17
2
43480.9785
51831.63
18
2
7246.829750
8638.605
19
2
4348.09785
5183.163
20
2
3344.690654
3987.048462
22
2
3344.690654
3987.048462
23
2
3344.690654
3987.048462
65
120高
7
16
1
259158.15
287953.5
17
1
51831.63
57590.7
18
1
8638.605
9598.45
19
1
5183.163
5759.07
20
1
3987.048462
4430.053846
22
1
3987.048462
4430.053846
23
1
3987.048462
4430.053846
66
105精选2(HP，攻击，防御，命中，躲闪）
6
16
1
170083.4625
188981.625
18
1
5669.44875
6299.3875
19
1
3401.66925
3779.6325
20
1
2616.668654
2907.409615
22
1
2616.668654
2907.409615
23
1
2616.668654
2907.409615
67
105精选2（攻击，命中）
3
18
1
5669.44875
6299.3875
19
1
3401.66925
3779.6325
22
1
2616.668654
2907.409615
68
105精选2（HP，防御，躲闪）
3
16
1
170083.4625
188981.625
20
1
2616.668654
2907.409615
23
1
2616.668654
2907.409615
69
120精选2(HP，攻击，防御，命中，躲闪）
6
16
1
259158.15
287953.5
18
1
8638.605
9598.45
19
1
5183.163
5759.07
20
1
3987.048462
4430.053846
22
1
3987.048462
4430.053846
23
1
3987.048462
4430.053846
70
120精选2（攻击，命中）
3
18
1
8638.605
9598.45
19
1
5183.163
5759.07
22
1
3987.048462
4430.053846
71
120精选2（HP，防御，躲闪）
3
16
1
259158.15
287953.5
20
1
3987.048462
4430.053846
23
1
3987.048462
4430.053846
72
90极
7
16
1
119644.125
143572.95
17
1
23928.825
28714.59
18
1
3988.1375
4785.765
19
1
2392.8825
2871.459
20
1
1840.678846
2208.814615
22
1
1840.678846
2208.814615
23
1
1840.678846
2208.814615
73
105极
7
16
1
188981.625
226777.95
17
1
37796.325
45355.59
18
1
6299.3875
7559.265
19
1
3779.6325
4535.559
20
1
2907.409615
3488.891538
22
1
2907.409615
3488.891538
23
1
2907.409615
3488.891538
74
120极
7
16
1
287953.5
345544.2
17
1
57590.7
69108.84
18
1
9598.45
11518.14
19
1
5759.07
6910.884
20
1
4430.053846
5316.064615
22
1
4430.053846
5316.064615
23
1
4430.053846
5316.064615
75
135白
7
16
7
42147.975
82188.551250
17
7
8429.595
16437.710250
18
7
1404.9325
2739.618375
19
7
842.9595
1643.771025
20
7
648.430385
1264.43925
22
7
648.430385
1264.43925
23
7
648.430385
1264.43925
76
135绿
7
16
6
86403.34875
145410.513750
17
6
17280.66975
29082.102750
18
6
2880.111625
4847.017125
19
6
1728.066975
2908.210275
20
6
1329.282288
2237.084827
22
6
1329.282288
2237.084827
23
6
1329.282288
2237.084827
77
135蓝
7
16
5
149625.31125
187558.48875
17
5
29925.06225
37511.69775
18
5
4987.510375
6251.949625
19
5
2992.506225
3751.169775
20
5
2301.927865
2885.515212
22
5
2301.927865
2885.515212
23
5
2301.927865
2885.515212
78
135紫
7
16
4
191773.28625
250780.451250
17
4
38354.65725
50156.090250
18
4
6392.442875
8359.348375
19
4
3835.465725
5015.609025
20
4
2950.35825
3858.160788
22
4
2950.35825
3858.160788
23
4
2950.35825
3858.160788
79
135橙
7
16
3
254995.24875
314002.41375
17
3
50999.04975
62800.482750
18
3
8499.841625
10466.747125
19
3
5099.904975
6280.048275
20
3
3923.003827
4830.806365
22
3
3923.003827
4830.806365
23
3
3923.003827
4830.806365
80
135红
7
16
2
318217.21125
379331.775
17
2
63643.44225
75866.355
18
2
10607.240375
12644.3925
19
2
6364.344225
7586.6355
20
2
4895.649404
5835.873462
22
2
4895.649404
5835.873462
23
2
4895.649404
5835.873462
81
135高
7
16
1
379331.775
421479.75
17
1
75866.355
84295.95
18
1
12644.3925
14049.325
19
1
7586.6355
8429.595
20
1
5835.873462
6484.303846
22
1
5835.873462
6484.303846
23
1
5835.873462
6484.303846
82
135精选2(HP，攻击，防御，命中，躲闪）
6
16
1
379331.775
421479.75
18
1
12644.3925
14049.325
19
1
7586.6355
8429.595
20
1
5835.873462
6484.303846
22
1
5835.873462
6484.303846
23
1
5835.873462
6484.303846
83
135精选2（攻击，命中）
3
18
1
12644.3925
14049.325
19
1
7586.6355
8429.595
22
1
5835.873462
6484.303846
84
135精选2（HP，防御，躲闪）
3
16
1
379331.775
421479.75
20
1
5835.873462
6484.303846
23
1
5835.873462
6484.303846
85
135极
7
16
1
421479.75
505775.7
17
1
84295.95
101155.14
18
1
14049.325
16859.19
19
1
8429.595
10115.514
20
1
6484.303846
7781.164615
22
1
6484.303846
7781.164615
23
1
6484.303846
7781.164615
100001
30白
7
6
7
0.005017
0.0097825
8
7
0.012542
0.024456
7
7
0.005017
0.0097825
9
7
0.012542
0.024456
15
7
0.008361
0.016304
13
7
0.007525
0.014674
12
7
0.007525
0.014674
100002
30绿
7
6
6
0.010284
0.0173075
8
6
0.025710
0.043269
7
6
0.010284
0.0173075
9
6
0.025710
0.043269
15
6
0.017140
0.028846
13
6
0.015426
0.025961
12
6
0.015426
0.025961
100003
30蓝
7
6
5
0.017809
0.022324
8
5
0.044523
0.055810
7
5
0.017809
0.022324
9
5
0.044523
0.055810
15
5
0.029682
0.037207
13
5
0.026714
0.033486
12
5
0.026714
0.033486
100004
30紫
7
6
4
0.022826
0.029849
8
4
0.057065
0.074623
7
4
0.022826
0.029849
9
4
0.057065
0.074623
15
4
0.038043
0.049749
13
4
0.034239
0.044774
12
4
0.034239
0.044774
100005
30橙
7
6
3
0.030351
0.037374
8
3
0.075877
0.093435
7
3
0.030351
0.037374
9
3
0.075877
0.093435
15
3
0.050585
0.062290
13
3
0.045526
0.056061
12
3
0.045526
0.056061
100006
30高
7
6
2
0.037876
0.050167
8
2
0.094690
0.125417
7
2
0.037876
0.050167
9
2
0.094690
0.125417
15
2
0.063126
0.083611
13
2
0.056814
0.07525
12
2
0.056814
0.07525
100007
45白
7
6
7
0.0082
0.01599
8
7
0.0205
0.039975
7
7
0.0082
0.01599
9
7
0.0205
0.039975
15
7
0.013667
0.02665
13
7
0.0123
0.023985
12
7
0.0123
0.023985
100008
45绿
7
6
6
0.01681
0.02829
8
6
0.042025
0.070725
7
6
0.01681
0.02829
9
6
0.042025
0.070725
15
6
0.028017
0.04715
13
6
0.025215
0.042435
12
6
0.025215
0.042435
100009
45蓝
7
6
5
0.02911
0.03649
8
5
0.072775
0.091225
7
5
0.02911
0.03649
9
5
0.072775
0.091225
15
5
0.048517
0.060817
13
5
0.043665
0.054735
12
5
0.043665
0.054735
100010
45紫
7
6
4
0.03731
0.04879
8
4
0.093275
0.121975
7
4
0.03731
0.04879
9
4
0.093275
0.121975
15
4
0.062183
0.081317
13
4
0.055965
0.073185
12
4
0.055965
0.073185
100011
45橙
7
6
3
0.04961
0.06109
8
3
0.124025
0.152725
7
3
0.04961
0.06109
9
3
0.124025
0.152725
15
3
0.082683
0.101817
13
3
0.074415
0.091635
12
3
0.074415
0.091635
100012
45红
7
6
2
0.06191
0.082
8
2
0.154775
0.205
7
2
0.06191
0.082
9
2
0.154775
0.205
15
2
0.103183
0.136667
13
2
0.092865
0.123
12
2
0.092865
0.123
100013
60白
11
6
7
0.010383
0.0202475
8
7
0.025958
0.050619
7
7
0.010383
0.0202475
9
7
0.025958
0.050619
2
7
0.014159
0.027610
4
7
0.03115
0.0607425
3
7
0.014159
0.027610
5
7
0.03115
0.0607425
15
7
0.017306
0.033746
13
7
0.015575
0.030371
12
7
0.015575
0.030371
100014
60绿
11
6
6
0.021286
0.0358225
8
6
0.053215
0.089556
7
6
0.021286
0.0358225
9
6
0.053215
0.089556
2
6
0.029026
0.048849
4
6
0.0638575
0.1074675
3
6
0.029026
0.048849
5
6
0.0638575
0.1074675
15
6
0.035476
0.059704
13
6
0.031929
0.053734
12
6
0.031929
0.053734
100015
60蓝
11
6
5
0.036861
0.046206
8
5
0.092152
0.115515
7
5
0.036861
0.046206
9
5
0.092152
0.115515
2
5
0.050265
0.063008
4
5
0.1105825
0.1386175
3
5
0.050265
0.063008
5
5
0.1105825
0.1386175
15
5
0.061435
0.077010
13
5
0.055291
0.069309
12
5
0.055291
0.069309
100016
60紫
11
6
4
0.047244
0.061781
8
4
0.118110
0.154452
7
4
0.047244
0.061781
9
4
0.118110
0.154452
2
4
0.064424
0.084247
4
4
0.1417325
0.1853425
3
4
0.064424
0.084247
5
4
0.1417325
0.1853425
15
4
0.078740
0.102968
13
4
0.070866
0.092671
12
4
0.070866
0.092671
100017
60橙
11
6
3
0.062819
0.077356
8
3
0.157048
0.193390
7
3
0.062819
0.077356
9
3
0.157048
0.193390
2
3
0.0856625
0.105485
4
3
0.1884575
0.2320675
3
3
0.0856625
0.105485
5
3
0.1884575
0.2320675
15
3
0.104699
0.128926
13
3
0.094229
0.116034
12
3
0.094229
0.116034
100018
60红
11
6
2
0.078394
0.09345
8
2
0.195985
0.233625
7
2
0.078394
0.09345
9
2
0.195985
0.233625
2
2
0.106901
0.127432
4
2
0.2351825
0.28035
3
2
0.106901
0.127432
5
2
0.2351825
0.28035
15
2
0.130657
0.15575
13
2
0.117591
0.140175
12
2
0.117591
0.140175
100019
60高
11
6
1
0.09345
0.103833
8
1
0.233625
0.259583
7
1
0.09345
0.103833
9
1
0.233625
0.259583
2
1
0.127432
0.141591
4
1
0.28035
0.3115
3
1
0.127432
0.141591
5
1
0.28035
0.3115
15
1
0.15575
0.173056
13
1
0.140175
0.15575
12
1
0.140175
0.15575
100020
75白
11
6
7
0.013567
0.026455
8
7
0.033917
0.0661375
7
7
0.013567
0.026455
9
7
0.033917
0.0661375
2
7
0.0185
0.036075
4
7
0.0407
0.079365
3
7
0.0185
0.036075
5
7
0.0407
0.079365
15
7
0.022611
0.044092
13
7
0.02035
0.0396825
12
7
0.02035
0.0396825
100021
75绿
11
6
6
0.027812
0.046805
8
6
0.069529
0.1170125
7
6
0.027812
0.046805
9
6
0.069529
0.1170125
2
6
0.037925
0.063825
4
6
0.083435
0.140415
3
6
0.037925
0.063825
5
6
0.083435
0.140415
15
6
0.046353
0.078008
13
6
0.0417175
0.0702075
12
6
0.0417175
0.0702075
100022
75蓝
11
6
5
0.048162
0.060372
8
5
0.120404
0.150929
7
5
0.048162
0.060372
9
5
0.120404
0.150929
2
5
0.065675
0.082325
4
5
0.144485
0.181115
3
5
0.065675
0.082325
5
5
0.144485
0.181115
15
5
0.080269
0.100619
13
5
0.0722425
0.0905575
12
5
0.0722425
0.0905575
100023
75紫
11
6
4
0.061728
0.080722
8
4
0.154321
0.201804
7
4
0.061728
0.080722
9
4
0.154321
0.201804
2
4
0.084175
0.110075
4
4
0.185185
0.242165
3
4
0.084175
0.110075
5
4
0.185185
0.242165
15
4
0.102881
0.134536
13
4
0.0925925
0.1210825
12
4
0.0925925
0.1210825
100024
75橙
11
6
3
0.082078
0.101072
8
3
0.205196
0.252679
7
3
0.082078
0.101072
9
3
0.205196
0.252679
2
3
0.111925
0.137825
4
3
0.246235
0.303215
3
3
0.111925
0.137825
5
3
0.246235
0.303215
15
3
0.136797
0.168453
13
3
0.1231175
0.1516075
12
3
0.1231175
0.1516075
100025
75红
11
6
2
0.102428
0.1221
8
2
0.256071
0.30525
7
2
0.102428
0.1221
9
2
0.256071
0.30525
2
2
0.139675
0.1665
4
2
0.307285
0.3663
3
2
0.139675
0.1665
5
2
0.307285
0.3663
15
2
0.170714
0.2035
13
2
0.1536425
0.18315
12
2
0.1536425
0.18315
100026
75高
11
6
1
0.1221
0.135667
8
1
0.30525
0.339167
7
1
0.1221
0.135667
9
1
0.30525
0.339167
2
1
0.1665
0.185
4
1
0.3663
0.407
3
1
0.1665
0.185
5
1
0.3663
0.407
15
1
0.2035
0.226111
13
1
0.18315
0.2035
12
1
0.18315
0.2035
100027
90白
11
6
7
0.01575
0.0307125
8
7
0.039375
0.076781
7
7
0.01575
0.0307125
9
7
0.039375
0.076781
2
7
0.021477
0.041881
4
7
0.04725
0.0921375
3
7
0.021477
0.041881
5
7
0.04725
0.0921375
15
7
0.02625
0.0511875
13
7
0.023625
0.046069
12
7
0.023625
0.046069
100028
90绿
11
6
6
0.0322875
0.0543375
8
6
0.080719
0.135844
7
6
0.0322875
0.0543375
9
6
0.080719
0.135844
2
6
0.044028
0.074097
4
6
0.0968625
0.1630125
3
6
0.044028
0.074097
5
6
0.0968625
0.1630125
15
6
0.0538125
0.0905625
13
6
0.048431
0.081506
12
6
0.048431
0.081506
100029
90蓝
11
6
5
0.0559125
0.0700875
8
5
0.139781
0.175219
7
5
0.0559125
0.0700875
9
5
0.139781
0.175219
2
5
0.076244
0.095574
4
5
0.1677375
0.2102625
3
5
0.076244
0.095574
5
5
0.1677375
0.2102625
15
5
0.0931875
0.1168125
13
5
0.083869
0.105131
12
5
0.083869
0.105131
100030
90紫
11
6
4
0.0716625
0.0937125
8
4
0.179156
0.234281
7
4
0.0716625
0.0937125
9
4
0.179156
0.234281
2
4
0.097722
0.127790
4
4
0.2149875
0.2811375
3
4
0.097722
0.127790
5
4
0.2149875
0.2811375
15
4
0.1194375
0.1561875
13
4
0.107494
0.140569
12
4
0.107494
0.140569
100031
90橙
11
6
3
0.0952875
0.1173375
8
3
0.238219
0.293344
7
3
0.0952875
0.1173375
9
3
0.238219
0.293344
2
3
0.1299375
0.160006
4
3
0.2858625
0.3520125
3
3
0.1299375
0.160006
5
3
0.2858625
0.3520125
15
3
0.1588125
0.1955625
13
3
0.142931
0.176006
12
3
0.142931
0.176006
100032
90红
11
6
2
0.1189125
0.14175
8
2
0.297281
0.354375
7
2
0.1189125
0.14175
9
2
0.297281
0.354375
2
2
0.162153
0.193295
4
2
0.3567375
0.42525
3
2
0.162153
0.193295
5
2
0.3567375
0.42525
15
2
0.1981875
0.23625
13
2
0.178369
0.212625
12
2
0.178369
0.212625
100033
90高
11
6
1
0.14175
0.1575
8
1
0.354375
0.39375
7
1
0.14175
0.1575
9
1
0.354375
0.39375
2
1
0.193295
0.214773
4
1
0.42525
0.4725
3
1
0.193295
0.214773
5
1
0.42525
0.4725
15
1
0.23625
0.2625
13
1
0.212625
0.23625
12
1
0.212625
0.23625
100034
60精选（暴击，暴击伤害，卓越一击，卓越一击伤害）
4
6
1
0.078394
0.09345
8
1
0.195985
0.233625
2
1
0.106901
0.127432
4
1
0.2351825
0.28035
100035
60精选（韧性，暴击伤害减免，卓越一击减免，卓越一击伤害减免）
4
7
1
0.078394
0.09345
9
1
0.195985
0.233625
3
1
0.106901
0.127432
5
1
0.2351825
0.28035
100036
60精选（异常命中率，异常抵抗，幸运）
3
15
1
0.130657
0.15575
13
1
0.117591
0.140175
12
1
0.117591
0.140175
100037
75精选（暴击，暴击伤害，卓越一击，卓越一击伤害）
4
6
1
0.102428
0.1221
8
1
0.256071
0.30525
2
1
0.139675
0.1665
4
1
0.307285
0.3663
100038
75精选（韧性，暴击伤害减免，卓越一击减免，卓越一击伤害减免）
4
7
1
0.102428
0.1221
9
1
0.256071
0.30525
3
1
0.139675
0.1665
5
1
0.307285
0.3663
100039
75精选（异常命中率，异常抵抗，幸运）
3
15
1
0.170714
0.2035
13
1
0.1536425
0.18315
12
1
0.1536425
0.18315
100040
90精选（暴击，暴击伤害，卓越一击，卓越一击伤害）
4
6
1
0.1189125
0.14175
8
1
0.297281
0.354375
2
1
0.162153
0.193295
4
1
0.3567375
0.42525
100041
90精选（韧性，暴击伤害减免，卓越一击减免，卓越一击伤害减免）
4
7
1
0.1189125
0.14175
9
1
0.297281
0.354375
3
1
0.162153
0.193295
5
1
0.3567375
0.42525
100042
90精选（异常命中率，异常抵抗，幸运）
3
15
1
0.1981875
0.23625
13
1
0.178369
0.212625
12
1
0.178369
0.212625
100043
60精选2（暴击，暴击伤害，卓越一击，卓越一击伤害）
4
6
1
0.09345
0.103833
8
1
0.233625
0.259583
2
1
0.127432
0.141591
4
1
0.28035
0.3115
100044
60精选2（韧性，暴击伤害减免，卓越一击减免，卓越一击伤害减免）
4
7
1
0.09345
0.103833
9
1
0.233625
0.259583
3
1
0.127432
0.141591
5
1
0.28035
0.3115
100045
60精选2（异常命中率，异常抵抗，幸运）
3
15
1
0.15575
0.173056
13
1
0.140175
0.15575
12
1
0.140175
0.15575
100046
75精选2（暴击，暴击伤害，卓越一击，卓越一击伤害）
4
6
1
0.1221
0.135667
8
1
0.30525
0.339167
2
1
0.1665
0.185
4
1
0.3663
0.407
100047
75精选2（韧性，暴击伤害减免，卓越一击减免，卓越一击伤害减免）
4
7
1
0.1221
0.135667
9
1
0.30525
0.339167
3
1
0.1665
0.185
5
1
0.3663
0.407
100048
75精选2（异常命中率，异常抵抗，幸运）
3
15
1
0.2035
0.226111
13
1
0.18315
0.2035
12
1
0.18315
0.2035
100049
90精选2（暴击，暴击伤害，卓越一击，卓越一击伤害）
4
6
1
0.14175
0.1575
8
1
0.354375
0.39375
2
1
0.193295
0.214773
4
1
0.42525
0.4725
100050
90精选2（韧性，暴击伤害减免，卓越一击减免，卓越一击伤害减免）
4
7
1
0.14175
0.1575
9
1
0.354375
0.39375
3
1
0.193295
0.214773
5
1
0.42525
0.4725
100051
90精选2（异常命中率，异常抵抗，幸运）
3
15
1
0.23625
0.2625
13
1
0.212625
0.23625
12
1
0.212625
0.23625
100052
105白
11
6
1
0.016783
0.0327275
8
1
0.041958
0.081819
7
1
0.016783
0.0327275
9
1
0.041958
0.081819
2
1
0.022886
0.044628
4
1
0.05035
0.0981825
3
1
0.022886
0.044628
5
1
0.05035
0.0981825
15
1
0.027972
0.054546
13
1
0.025175
0.049091
12
1
0.025175
0.049091
100053
105绿
11
6
1
0.034406
0.0579025
8
1
0.086015
0.144756
7
1
0.034406
0.0579025
9
1
0.086015
0.144756
2
1
0.046917
0.078958
4
1
0.1032175
0.1737075
3
1
0.046917
0.078958
5
1
0.1032175
0.1737075
15
1
0.057343
0.096504
13
1
0.051609
0.086854
12
1
0.051609
0.086854
100054
105蓝
11
6
1
0.059581
0.074686
8
1
0.148952
0.186715
7
1
0.059581
0.074686
9
1
0.148952
0.186715
2
1
0.081247
0.101844
4
1
0.1787425
0.2240575
3
1
0.081247
0.101844
5
1
0.1787425
0.2240575
15
1
0.099301
0.124476
13
1
0.089371
0.112029
12
1
0.089371
0.112029
100055
105紫
11
6
1
0.076364
0.099861
8
1
0.190910
0.249652
7
1
0.076364
0.099861
9
1
0.190910
0.249652
2
1
0.104133
0.136174
4
1
0.2290925
0.2995825
3
1
0.104133
0.136174
5
1
0.2290925
0.2995825
15
1
0.127274
0.166435
13
1
0.114546
0.149791
12
1
0.114546
0.149791
100056
105橙
11
6
1
0.101539
0.125036
8
1
0.253848
0.312590
7
1
0.101539
0.125036
9
1
0.253848
0.312590
2
1
0.1384625
0.170503
4
1
0.3046175
0.3751075
3
1
0.1384625
0.170503
5
1
0.3046175
0.3751075
15
1
0.169232
0.208393
13
1
0.152309
0.187554
12
1
0.152309
0.187554
100057
105红
11
6
1
0.126714
0.15105
8
1
0.316785
0.377625
7
1
0.126714
0.15105
9
1
0.316785
0.377625
2
1
0.172792
0.205977
4
1
0.3801425
0.45315
3
1
0.172792
0.205977
5
1
0.3801425
0.45315
15
1
0.211190
0.25175
13
1
0.190071
0.226575
12
1
0.190071
0.226575
100058
105高
11
6
1
0.15105
0.167833
8
1
0.377625
0.419583
7
1
0.15105
0.167833
9
1
0.377625
0.419583
2
1
0.205977
0.228864
4
1
0.45315
0.5035
3
1
0.205977
0.228864
5
1
0.45315
0.5035
15
1
0.25175
0.279722
13
1
0.226575
0.25175
12
1
0.226575
0.25175
100059
120白
11
6
1
0.017817
0.0347425
8
1
0.044542
0.086856
7
1
0.017817
0.0347425
9
1
0.044542
0.086856
2
1
0.024295
0.047376
4
1
0.05345
0.1042275
3
1
0.024295
0.047376
5
1
0.05345
0.1042275
15
1
0.029694
0.057904
13
1
0.026725
0.052114
12
1
0.026725
0.052114
100060
120绿
11
6
1
0.036524
0.0614675
8
1
0.091310
0.153669
7
1
0.036524
0.0614675
9
1
0.091310
0.153669
2
1
0.049806
0.083819
4
1
0.1095725
0.1844025
3
1
0.049806
0.083819
5
1
0.1095725
0.1844025
15
1
0.060874
0.102446
13
1
0.054786
0.092201
12
1
0.054786
0.092201
100061
120蓝
11
6
1
0.063249
0.079284
8
1
0.158123
0.198210
7
1
0.063249
0.079284
9
1
0.158123
0.198210
2
1
0.086249
0.108115
4
1
0.1897475
0.2378525
3
1
0.086249
0.108115
5
1
0.1897475
0.2378525
15
1
0.105415
0.132140
13
1
0.094874
0.118926
12
1
0.094874
0.118926
100062
120紫
11
6
1
0.081066
0.106009
8
1
0.202665
0.265023
7
1
0.081066
0.106009
9
1
0.202665
0.265023
2
1
0.110544
0.144558
4
1
0.2431975
0.3180275
3
1
0.110544
0.144558
5
1
0.2431975
0.3180275
15
1
0.135110
0.176682
13
1
0.121599
0.159014
12
1
0.121599
0.159014
100063
120橙
11
6
1
0.107791
0.132734
8
1
0.269477
0.331835
7
1
0.107791
0.132734
9
1
0.269477
0.331835
2
1
0.1469875
0.181001
4
1
0.3233725
0.3982025
3
1
0.1469875
0.181001
5
1
0.3233725
0.3982025
15
1
0.179651
0.221224
13
1
0.161686
0.199101
12
1
0.161686
0.199101
100064
120红
11
6
1
0.134516
0.16035
8
1
0.336290
0.400875
7
1
0.134516
0.16035
9
1
0.336290
0.400875
2
1
0.183431
0.218659
4
1
0.4035475
0.48105
3
1
0.183431
0.218659
5
1
0.4035475
0.48105
15
1
0.224193
0.26725
13
1
0.201774
0.240525
12
1
0.201774
0.240525
100065
120高
11
6
1
0.16035
0.178167
8
1
0.400875
0.445417
7
1
0.16035
0.178167
9
1
0.400875
0.445417
2
1
0.218659
0.242955
4
1
0.48105
0.5345
3
1
0.218659
0.242955
5
1
0.48105
0.5345
15
1
0.26725
0.296944
13
1
0.240525
0.26725
12
1
0.240525
0.26725
100066
105精选2(HP，攻击，防御，命中，躲闪）
4
6
1
0.15105
0.167833
8
1
0.377625
0.419583
2
1
0.205977
0.228864
4
1
0.45315
0.5035
100067
105精选2（攻击，命中）
4
7
1
0.15105
0.167833
9
1
0.377625
0.419583
3
1
0.205977
0.228864
5
1
0.45315
0.5035
100068
105精选2（HP，防御，躲闪）
3
15
1
0.25175
0.279722
13
1
0.226575
0.25175
12
1
0.226575
0.25175
100069
120精选2(HP，攻击，防御，命中，躲闪）
4
6
1
0.16035
0.178167
8
1
0.400875
0.445417
2
1
0.218659
0.242955
4
1
0.48105
0.5345
100070
120精选2（攻击，命中）
4
7
1
0.16035
0.178167
9
1
0.400875
0.445417
3
1
0.218659
0.242955
5
1
0.48105
0.5345
100071
120精选2（HP，防御，躲闪）
3
15
1
0.26725
0.296944
13
1
0.240525
0.26725
12
1
0.240525
0.26725
100072
90超
11
6
1
0.1575
0.1764
8
1
0.39375
0.441
7
1
0.1575
0.1764
9
1
0.39375
0.441
2
1
0.214773
0.240545
4
1
0.4725
0.5292
3
1
0.214773
0.240545
5
1
0.4725
0.5292
15
1
0.2625
0.294
13
1
0.23625
0.2646
12
1
0.23625
0.2646
100073
105超
11
6
1
0.167833
0.187973
8
1
0.419583
0.469933
7
1
0.167833
0.187973
9
1
0.419583
0.469933
2
1
0.228864
0.256327
4
1
0.5035
0.56392
3
1
0.228864
0.256327
5
1
0.5035
0.56392
15
1
0.279722
0.313289
13
1
0.25175
0.28196
12
1
0.25175
0.28196
100074
120超
11
6
1
0.178167
0.199547
8
1
0.445417
0.498867
7
1
0.178167
0.199547
9
1
0.445417
0.498867
2
1
0.242955
0.272109
4
1
0.5345
0.59864
3
1
0.242955
0.272109
5
1
0.5345
0.59864
15
1
0.296944
0.332578
13
1
0.26725
0.29932
12
1
0.26725
0.29932
100075
135白
11
6
1
0.018517
0.0361075
8
1
0.046292
0.090269
7
1
0.018517
0.0361075
9
1
0.046292
0.090269
2
1
0.02525
0.0492375
4
1
0.05555
0.1083225
3
1
0.02525
0.0492375
5
1
0.05555
0.1083225
15
1
0.030861
0.060179
13
1
0.027775
0.054161
12
1
0.027775
0.054161
100076
135绿
11
6
1
0.037959
0.0638825
8
1
0.094898
0.159706
7
1
0.037959
0.0638825
9
1
0.094898
0.159706
2
1
0.0517625
0.0871125
4
1
0.1138775
0.1916475
3
1
0.0517625
0.0871125
5
1
0.1138775
0.1916475
15
1
0.063265
0.106471
13
1
0.056939
0.095824
12
1
0.056939
0.095824
100077
135蓝
11
6
1
0.065734
0.082399
8
1
0.164335
0.205998
7
1
0.065734
0.082399
9
1
0.164335
0.205998
2
1
0.0896375
0.1123625
4
1
0.1972025
0.2471975
3
1
0.0896375
0.1123625
5
1
0.1972025
0.2471975
15
1
0.109557
0.137332
13
1
0.098601
0.123599
12
1
0.098601
0.123599
100078
135紫
11
6
1
0.084251
0.110174
8
1
0.210627
0.275435
7
1
0.084251
0.110174
9
1
0.210627
0.275435
2
1
0.1148875
0.1502375
4
1
0.2527525
0.3305225
3
1
0.1148875
0.1502375
5
1
0.2527525
0.3305225
15
1
0.140418
0.183624
13
1
0.126376
0.165261
12
1
0.126376
0.165261
100079
135橙
11
6
1
0.112026
0.137949
8
1
0.280065
0.344873
7
1
0.112026
0.137949
9
1
0.280065
0.344873
2
1
0.1527625
0.1881125
4
1
0.3360775
0.4138475
3
1
0.1527625
0.1881125
5
1
0.3360775
0.4138475
15
1
0.186710
0.229915
13
1
0.168039
0.206924
12
1
0.168039
0.206924
100080
135红
11
6
1
0.139801
0.16665
8
1
0.349502
0.416625
7
1
0.139801
0.16665
9
1
0.349502
0.416625
2
1
0.1906375
0.22725
4
1
0.4194025
0.49995
3
1
0.1906375
0.22725
5
1
0.4194025
0.49995
15
1
0.233001
0.27775
13
1
0.209701
0.249975
12
1
0.209701
0.249975
100081
135高
11
6
1
0.16665
0.185167
8
1
0.416625
0.462917
7
1
0.16665
0.185167
9
1
0.416625
0.462917
2
1
0.22725
0.2525
4
1
0.49995
0.5555
3
1
0.22725
0.2525
5
1
0.49995
0.5555
15
1
0.27775
0.308611
13
1
0.249975
0.27775
12
1
0.249975
0.27775
100082
135精选2(HP，攻击，防御，命中，躲闪）
4
6
1
0.16665
0.185167
8
1
0.416625
0.462917
2
1
0.22725
0.2525
4
1
0.49995
0.5555
100083
135精选2（攻击，命中）
4
7
1
0.16665
0.185167
9
1
0.416625
0.462917
3
1
0.22725
0.2525
5
1
0.49995
0.5555
100084
135精选2（HP，防御，躲闪）
3
15
1
0.27775
0.308611
13
1
0.249975
0.27775
12
1
0.249975
0.27775
100085
135超
11
6
1
0.185167
0.207387
8
1
0.462917
0.518467
7
1
0.185167
0.207387
9
1
0.462917
0.518467
2
1
0.2525
0.2828
4
1
0.5555
0.62216
3
1
0.2525
0.2828
5
1
0.5555
0.62216
15
1
0.308611
0.345644
13
1
0.27775
0.31108
12
1
0.27775
0.31108
200001
30白
7
16
7
136.5
266.175
17
7
27.3
53.235
18
7
4.55
8.8725
19
7
2.73
5.3235
20
7
2.1
4.095
22
7
2.1
4.095
23
7
2.1
4.095
200002
30绿
7
16
6
279.825
470.925
17
6
55.965
94.185
18
6
9.3275
15.6975
19
6
5.5965
9.4185
20
6
4.305
7.245
22
6
4.305
7.245
23
6
4.305
7.245
200003
30蓝
7
16
5
484.575
607.425
17
5
96.915
121.485
18
5
16.1525
20.2475
19
5
9.6915
12.1485
20
5
7.455
9.345
22
5
7.455
9.345
23
5
7.455
9.345
200004
30紫
7
16
4
621.075
812.175
17
4
124.215
162.435
18
4
20.7025
27.0725
19
4
12.4215
16.2435
20
4
9.555
12.495
22
4
9.555
12.495
23
4
9.555
12.495
200005
30橙
7
16
3
825.825
1016.925
17
3
165.165
203.385
18
3
27.5275
33.8975
19
3
16.5165
20.3385
20
3
12.705
15.645
22
3
12.705
15.645
23
3
12.705
15.645
200041
30红
7
16
2
1030.575
1365
17
2
206.115
273
18
2
34.3525
45.5
19
2
20.6115
27.3
20
2
15.855
21
22
2
15.855
21
23
2
15.855
21
200006
45白
7
16
7
382.2
745.29
17
7
76.44
149.058
18
7
12.74
24.843
19
7
7.644
14.9058
20
7
5.88
11.466
22
7
5.88
11.466
23
7
5.88
11.466
200007
45绿
7
16
6
783.51
1318.59
17
6
156.702
263.718
18
6
26.117
43.953
19
6
15.6702
26.3718
20
6
12.054
20.286
22
6
12.054
20.286
23
6
12.054
20.286
200008
45蓝
7
16
5
1356.81
1700.79
17
5
271.362
340.158
18
5
45.227
56.693
19
5
27.1362
34.0158
20
5
20.874
26.166
22
5
20.874
26.166
23
5
20.874
26.166
200009
45紫
7
16
4
1739.01
2274.09
17
4
347.802
454.818
18
4
57.967
75.803
19
4
34.7802
45.4818
20
4
26.754
34.986
22
4
26.754
34.986
23
4
26.754
34.986
200010
45橙
7
16
3
2312.31
2847.39
17
3
462.462
569.478
18
3
77.077
94.913
19
3
46.2462
56.9478
20
3
35.574
43.806
22
3
35.574
43.806
23
3
35.574
43.806
200042
45红
7
16
2
2885.61
3822
17
2
577.122
764.4
18
2
96.187
127.4
19
2
57.7122
76.44
20
2
44.394
58.8
22
2
44.394
58.8
23
2
44.394
58.8
200011
60白
7
16
7
790.74
1541.943
17
7
158.148
308.3886
18
7
26.358
51.3981
19
7
15.8148
30.83886
20
7
12.165231
23.7222
22
7
12.165231
23.7222
23
7
12.165231
23.7222
200012
60绿
7
16
6
1621.017
2728.053
17
6
324.2034
545.6106
18
6
54.0339
90.9351
19
6
32.42034
54.56106
20
6
24.938723
41.970046
22
6
24.938723
41.970046
23
6
24.938723
41.970046
200013
60蓝
7
16
5
2807.127
3518.793
17
5
561.4254
703.7586
18
5
93.5709
117.2931
19
5
56.14254
70.37586
20
5
43.186569
54.135277
22
5
43.186569
54.135277
23
5
43.186569
54.135277
200014
60紫
7
16
4
3597.867
4704.903
17
4
719.5734
940.9806
18
4
119.9289
156.8301
19
4
71.95734
94.09806
20
4
55.3518
72.383123
22
4
55.3518
72.383123
23
4
55.3518
72.383123
200015
60橙
7
16
3
4783.977
5891.013
17
3
956.7954
1178.2026
18
3
159.4659
196.3671
19
3
95.67954
117.82026
20
3
73.599646
90.630969
22
3
73.599646
90.630969
23
3
73.599646
90.630969
200016
60红
7
16
2
5970.087
7907.4
17
2
1194.0174
1581.48
18
2
199.0029
263.58
19
2
119.40174
158.148
20
2
91.847492
121.652308
22
2
91.847492
121.652308
23
2
91.847492
121.652308
200017
75白
7
16
7
1466.95125
2860.5549375
17
7
293.39025
572.110988
18
7
48.898375
95.351831
19
7
29.339025
57.211099
20
7
22.568481
44.0085375
22
7
22.568481
44.0085375
23
7
22.568481
44.0085375
200018
75绿
7
16
6
3007.2500625
5060.9818125
17
6
601.4500125
1012.1963625
18
6
100.241669
168.699394
19
6
60.145001
101.219636
20
6
46.265386
77.861259
22
6
46.265386
77.861259
23
6
46.265386
77.861259
200019
75蓝
7
16
5
5207.6769375
6527.9330625
17
5
1041.5353875
1305.5866125
18
5
173.589231
217.597769
19
5
104.153539
130.558661
20
5
80.118107
100.429739
22
5
80.118107
100.429739
23
5
80.118107
100.429739
200020
75紫
7
16
4
6674.6281875
8728.3599375
17
4
1334.925638
1745.671988
18
4
222.487606
290.945331
19
4
133.492564
174.567199
20
4
102.6865875
134.282461
22
4
102.6865875
134.282461
23
4
102.6865875
134.282461
200021
75橙
7
16
3
8875.0550625
10928.786813
17
3
1775.0110125
2185.757363
18
3
295.835169
364.292894
19
3
177.501101
218.575736
20
3
136.539309
168.135182
22
3
136.539309
168.135182
23
3
136.539309
168.135182
200022
75红
7
16
2
11075.4819375
14669.5125
17
2
2215.0963875
2933.9025
18
2
369.182731
488.98375
19
2
221.509639
293.39025
20
2
170.392030
225.684808
22
2
170.392030
225.684808
23
2
170.392030
225.684808
200023
90白
7
16
7
2392.8825
4666.120875
17
7
478.5765
933.224175
18
7
79.76275
155.537363
19
7
47.85765
93.3224175
20
7
36.813577
71.786475
22
7
36.813577
71.786475
23
7
36.813577
71.786475
200024
90绿
7
16
6
4905.409125
8255.444625
17
6
981.081825
1651.088925
18
6
163.513638
275.1814875
19
6
98.1081825
165.108893
20
6
75.467833
127.006840
22
6
75.467833
127.006840
23
6
75.467833
127.006840
200025
90蓝
7
16
5
8494.732875
10648.327125
17
5
1698.946575
2129.665425
18
5
283.1577625
354.944238
19
5
169.8946575
212.9665425
20
5
130.688198
163.820417
22
5
130.688198
163.820417
23
5
130.688198
163.820417
200026
90紫
7
16
4
10887.615375
14237.650875
17
4
2177.523075
2847.530175
18
4
362.920513
474.5883625
19
4
217.7523075
284.753018
20
4
167.501775
219.040783
22
4
167.501775
219.040783
23
4
167.501775
219.040783
200027
90橙
7
16
3
14476.939125
17826.974625
17
3
2895.387825
3565.394925
18
3
482.5646375
594.2324875
19
3
289.5387825
356.539493
20
3
222.722140
274.261148
22
3
222.722140
274.261148
23
3
222.722140
274.261148
200028
90红
7
16
2
18066.262875
23928.825
17
2
3613.252575
4785.765
18
2
602.2087625
797.6275
19
2
361.325258
478.5765
20
2
277.942506
368.135769
22
2
277.942506
368.135769
23
2
277.942506
368.135769
200029
105白
7
16
7
3779.6325
7370.283375
17
7
755.9265
1474.056675
18
7
125.98775
245.6761125
19
7
75.59265
147.4056675
20
7
58.148192
113.388975
22
7
58.148192
113.388975
23
7
58.148192
113.388975
200030
105绿
7
16
6
7748.246625
13039.732125
17
6
1549.649325
2607.946425
18
6
258.274888
434.6577375
19
6
154.964933
260.794643
20
6
119.203794
200.611263
22
6
119.203794
200.611263
23
6
119.203794
200.611263
200031
105蓝
7
16
5
13417.695375
16819.364625
17
5
2683.539075
3363.872925
18
5
447.2565125
560.6454875
19
5
268.353908
336.3872925
20
5
206.426083
258.759456
22
5
206.426083
258.759456
23
5
206.426083
258.759456
200032
105紫
7
16
4
17197.327875
22488.813375
17
4
3439.465575
4497.762675
18
4
573.2442625
749.627113
19
4
343.946558
449.7762675
20
4
264.574275
345.981744
22
4
264.574275
345.981744
23
4
264.574275
345.981744
200033
105橙
7
16
3
22866.776625
28158.262125
17
3
4573.355325
5631.652425
18
3
762.2258875
938.608738
19
3
457.3355325
563.165243
20
3
351.796563
433.204033
22
3
351.796563
433.204033
23
3
351.796563
433.204033
200034
105红
7
16
2
28536.225375
37796.325
17
2
5707.245075
7559.265
18
2
951.2075125
1259.8775
19
2
570.724508
755.9265
20
2
439.018852
581.481923
22
2
439.018852
581.481923
23
2
439.018852
581.481923
200035
120白
7
16
7
5759.07
11230.1865
17
7
1151.814
2246.0373
18
7
191.969
374.33955
19
7
115.1814
224.60373
20
7
88.601077
172.7721
22
7
88.601077
172.7721
23
7
88.601077
172.7721
200036
120绿
7
16
6
11806.0935
19868.7915
17
6
2361.2187
3973.7583
18
6
393.53645
662.29305
19
6
236.12187
397.37583
20
6
181.632208
305.673715
22
6
181.632208
305.673715
23
6
181.632208
305.673715
200037
120蓝
7
16
5
20444.6985
25627.8615
17
5
4088.9397
5125.5723
18
5
681.48995
854.26205
19
5
408.89397
512.55723
20
5
314.533823
394.274792
22
5
314.533823
394.274792
23
5
314.533823
394.274792
200038
120紫
7
16
4
26203.7685
34266.4665
17
4
5240.7537
6853.2933
18
4
873.45895
1142.21555
19
4
524.07537
685.32933
20
4
403.1349
527.176408
22
4
403.1349
527.176408
23
4
403.1349
527.176408
200039
120橙
7
16
3
34842.3735
42905.0715
17
3
6968.4747
8581.0143
18
3
1161.41245
1430.16905
19
3
696.84747
858.10143
20
3
536.036515
660.078023
22
3
536.036515
660.078023
23
3
536.036515
660.078023
200040
120红
7
16
2
43480.9785
57590.7
17
2
8696.1957
11518.14
18
2
1449.36595
1919.69
19
2
869.61957
1151.814
20
2
668.938131
886.010769
22
2
668.938131
886.010769
23
2
668.938131
886.010769
200043
135白
7
16
7
8429.595
16437.710250
17
7
1685.919
3287.54205
18
7
280.9865
547.923675
19
7
168.5919
328.754205
20
7
129.686077
252.88785
22
7
129.686077
252.88785
23
7
129.686077
252.88785
200044
135绿
7
16
6
17280.66975
29082.102750
17
6
3456.13395
5816.420550
18
6
576.022325
969.403425
19
6
345.613395
581.642055
20
6
265.856458
447.416965
22
6
265.856458
447.416965
23
6
265.856458
447.416965
200045
135蓝
7
16
5
29925.062250
37511.69775
17
5
5985.012450
7502.33955
18
5
997.502075
1250.389925
19
5
598.501245
750.233955
20
5
460.385573
577.103042
22
5
460.385573
577.103042
23
5
460.385573
577.103042
200046
135紫
7
16
4
38354.65725
50156.09025
17
4
7670.93145
10031.218050
18
4
1278.488575
1671.869675
19
4
767.093145
1003.121805
20
4
590.07165
771.632158
22
4
590.07165
771.632158
23
4
590.07165
771.632158
200047
135橙
7
16
3
50999.049750
62800.482750
17
3
10199.80995
12560.096550
18
3
1699.968325
2093.349425
19
3
1019.980995
1256.009655
20
3
784.600765
966.161273
22
3
784.600765
966.161273
23
3
784.600765
966.161273
200048
135红
7
16
2
63643.442250
84295.95
17
2
12728.68845
16859.19
18
2
2121.448075
2809.865
19
2
1272.868845
1685.919
20
2
979.129881
1296.860769
22
2
979.129881
1296.860769
23
2
979.129881
1296.860769
