7
21
150
2
2
4
4
6
6
8
8
10
10
12
12
14
14
16
16
18
18
20
20
22
22
24
24
26
26
28
28
30
30
32
34
36
38
40
42
44
46
48
50
52
54
56
58
60
62
64
66
68
70
72
74
76
78
80
82
84
86
88
90
94
98
102
106
110
114
118
122
126
130
134
138
142
146
150
156
162
168
174
180
186
192
198
204
210
216
222
228
234
242
256
270
284
298
312
326
340
354
368
382
396
410
424
438
452
466
480
494
508
522
536
550
564
578
592
606
620
634
648
662
676
690
704
718
732
746
760
774
788
802
816
830
844
858
872
886
900
914
928
942
956
970
984
998
1012
1026
1040
1054
1068
1082
150
20000
20000
40000
40000
60000
60000
80000
80000
100000
100000
120000
120000
140000
140000
160000
160000
180000
180000
200000
200000
220000
220000
240000
240000
260000
260000
280000
280000
300000
300000
320000
320000
340000
340000
360000
360000
380000
380000
400000
400000
420000
420000
440000
440000
460000
460000
480000
480000
500000
500000
520000
520000
540000
540000
560000
560000
580000
580000
600000
600000
620000
620000
640000
640000
660000
660000
680000
680000
700000
700000
720000
720000
740000
740000
760000
760000
780000
780000
800000
800000
820000
820000
840000
840000
860000
860000
880000
880000
900000
900000
1000000
1000000
1050000
1100000
1150000
1200000
1250000
1300000
1350000
1400000
1450000
1500000
1550000
1600000
1650000
1700000
1750000
1800000
1850000
1900000
1950000
2000000
2050000
2100000
2150000
2200000
2250000
2300000
2350000
2400000
2450000
2500000
2550000
2600000
2650000
2700000
2750000
2800000
2850000
2900000
2950000
3000000
3050000
3100000
3150000
3200000
3250000
3300000
3350000
3400000
3450000
3500000
3550000
3600000
3650000
3700000
3750000
3800000
3850000
3900000
22
150
1
1
2
2
3
3
4
4
5
5
6
6
7
7
8
8
9
9
10
10
11
11
12
12
13
13
14
14
15
15
16
17
18
19
20
21
22
23
24
25
26
27
28
29
30
31
32
33
34
35
36
37
38
39
40
41
42
43
44
45
47
49
51
53
55
57
59
61
63
65
67
69
71
73
75
78
81
84
87
90
93
96
99
102
105
108
111
114
117
121
127
133
139
145
151
157
163
169
175
181
187
193
199
205
211
217
223
229
235
241
247
253
259
265
271
277
283
289
295
301
307
313
319
325
331
337
343
349
355
361
367
373
379
385
391
397
403
409
415
421
427
433
439
445
451
457
463
469
475
481
150
10000
10000
20000
20000
30000
30000
40000
40000
50000
50000
60000
60000
70000
70000
80000
80000
90000
90000
100000
100000
110000
110000
120000
120000
130000
130000
140000
140000
150000
150000
160000
160000
170000
170000
180000
180000
190000
190000
200000
200000
210000
210000
220000
220000
230000
230000
240000
240000
250000
250000
260000
260000
270000
270000
280000
280000
290000
290000
300000
300000
310000
310000
320000
320000
330000
330000
340000
340000
350000
350000
360000
360000
370000
370000
380000
380000
390000
390000
400000
400000
410000
410000
420000
420000
430000
430000
440000
440000
450000
450000
500000
490000
510000
530000
550000
570000
590000
610000
630000
650000
670000
690000
710000
730000
750000
770000
790000
810000
830000
850000
870000
890000
910000
930000
950000
970000
990000
1010000
1030000
1050000
1070000
1090000
1110000
1130000
1150000
1170000
1190000
1210000
1230000
1250000
1270000
1290000
1310000
1330000
1350000
1370000
1390000
1410000
1430000
1450000
1470000
1490000
1510000
1530000
1550000
1570000
1590000
1610000
1630000
1650000
23
150
1
1
1
1
2
2
2
2
3
3
3
3
4
4
4
4
5
5
5
5
6
6
6
6
7
7
7
7
8
8
8
9
9
10
10
11
11
12
12
13
13
14
14
15
15
16
16
17
17
18
18
19
19
20
20
21
21
22
22
23
24
25
26
27
28
29
30
31
32
33
34
35
36
37
38
39
41
42
44
45
47
48
50
51
53
54
56
57
59
60
62
64
66
68
70
72
74
76
78
80
82
84
86
88
90
92
94
96
98
100
102
104
106
108
110
112
114
116
118
120
122
124
126
128
130
132
134
136
138
140
142
144
146
148
150
152
154
156
158
160
162
164
166
168
170
172
174
176
178
180
150
5000
5000
10000
10000
15000
15000
20000
20000
25000
25000
30000
30000
35000
35000
40000
40000
45000
45000
50000
50000
55000
55000
60000
60000
65000
65000
70000
70000
75000
75000
80000
80000
85000
85000
90000
90000
95000
95000
100000
100000
105000
105000
110000
110000
115000
115000
120000
120000
125000
125000
130000
130000
135000
135000
140000
140000
145000
145000
150000
150000
155000
155000
160000
160000
165000
165000
170000
170000
175000
175000
180000
180000
185000
185000
190000
190000
195000
195000
200000
200000
205000
205000
210000
210000
215000
215000
220000
220000
225000
225000
250000
245000
255000
265000
275000
285000
295000
305000
315000
325000
335000
345000
355000
365000
375000
385000
395000
405000
415000
425000
435000
445000
455000
465000
475000
485000
495000
505000
515000
525000
535000
545000
555000
565000
575000
585000
595000
605000
615000
625000
635000
645000
655000
665000
675000
685000
695000
705000
715000
725000
735000
745000
755000
765000
775000
785000
795000
805000
815000
825000
24
150
1
1
1
1
2
2
2
2
3
3
3
3
4
4
4
4
5
5
5
5
6
6
6
6
7
7
7
7
8
8
8
9
9
10
10
11
11
12
12
13
13
14
14
15
15
16
16
17
17
18
18
19
19
20
20
21
21
22
22
23
24
25
26
27
28
29
30
31
32
33
34
35
36
37
38
39
41
42
44
45
47
48
50
51
53
54
56
57
59
60
62
64
66
68
70
72
74
76
78
80
82
84
86
88
90
92
94
96
98
100
102
104
106
108
110
112
114
116
118
120
122
124
126
128
130
132
134
136
138
140
142
144
146
148
150
152
154
156
158
160
162
164
166
168
170
172
174
176
178
180
150
5000
5000
10000
10000
15000
15000
20000
20000
25000
25000
30000
30000
35000
35000
40000
40000
45000
45000
50000
50000
55000
55000
60000
60000
65000
65000
70000
70000
75000
75000
80000
80000
85000
85000
90000
90000
95000
95000
100000
100000
105000
105000
110000
110000
115000
115000
120000
120000
125000
125000
130000
130000
135000
135000
140000
140000
145000
145000
150000
150000
155000
155000
160000
160000
165000
165000
170000
170000
175000
175000
180000
180000
185000
185000
190000
190000
195000
195000
200000
200000
205000
205000
210000
210000
215000
215000
220000
220000
225000
225000
250000
245000
255000
265000
275000
285000
295000
305000
315000
325000
335000
345000
355000
365000
375000
385000
395000
405000
415000
425000
435000
445000
455000
465000
475000
485000
495000
505000
515000
525000
535000
545000
555000
565000
575000
585000
595000
605000
615000
625000
635000
645000
655000
665000
675000
685000
695000
705000
715000
725000
735000
745000
755000
765000
775000
785000
795000
805000
815000
825000
19
150
1
1
1
1
2
2
2
2
3
3
3
3
4
4
4
4
5
5
5
5
6
6
6
6
7
7
7
7
8
8
8
9
9
10
10
11
11
12
12
13
13
14
14
15
15
16
16
17
17
18
18
19
19
20
20
21
21
22
22
23
24
25
26
27
28
29
30
31
32
33
34
35
36
37
38
39
41
42
44
45
47
48
50
51
53
54
56
57
59
60
62
64
66
68
70
72
74
76
78
80
82
84
86
88
90
92
94
96
98
100
102
104
106
108
110
112
114
116
118
120
122
124
126
128
130
132
134
136
138
140
142
144
146
148
150
152
154
156
158
160
162
164
166
168
170
172
174
176
178
180
150
5000
5000
10000
10000
15000
15000
20000
20000
25000
25000
30000
30000
35000
35000
40000
40000
45000
45000
50000
50000
55000
55000
60000
60000
65000
65000
70000
70000
75000
75000
80000
80000
85000
85000
90000
90000
95000
95000
100000
100000
105000
105000
110000
110000
115000
115000
120000
120000
125000
125000
130000
130000
135000
135000
140000
140000
145000
145000
150000
150000
155000
155000
160000
160000
165000
165000
170000
170000
175000
175000
180000
180000
185000
185000
190000
190000
195000
195000
200000
200000
205000
205000
210000
210000
215000
215000
220000
220000
225000
225000
250000
245000
255000
265000
275000
285000
295000
305000
315000
325000
335000
345000
355000
365000
375000
385000
395000
405000
415000
425000
435000
445000
455000
465000
475000
485000
495000
505000
515000
525000
535000
545000
555000
565000
575000
585000
595000
605000
615000
625000
635000
645000
655000
665000
675000
685000
695000
705000
715000
725000
735000
745000
755000
765000
775000
785000
795000
805000
815000
825000
20
150
1
1
1
1
2
2
2
2
3
3
3
3
4
4
4
4
5
5
5
5
6
6
6
6
7
7
7
7
8
8
8
9
9
10
10
11
11
12
12
13
13
14
14
15
15
16
16
17
17
18
18
19
19
20
20
21
21
22
22
23
24
25
26
27
28
29
30
31
32
33
34
35
36
37
38
39
41
42
44
45
47
48
50
51
53
54
56
57
59
60
62
64
66
68
70
72
74
76
78
80
82
84
86
88
90
92
94
96
98
100
102
104
106
108
110
112
114
116
118
120
122
124
126
128
130
132
134
136
138
140
142
144
146
148
150
152
154
156
158
160
162
164
166
168
170
172
174
176
178
180
150
5000
5000
10000
10000
15000
15000
20000
20000
25000
25000
30000
30000
35000
35000
40000
40000
45000
45000
50000
50000
55000
55000
60000
60000
65000
65000
70000
70000
75000
75000
80000
80000
85000
85000
90000
90000
95000
95000
100000
100000
105000
105000
110000
110000
115000
115000
120000
120000
125000
125000
130000
130000
135000
135000
140000
140000
145000
145000
150000
150000
155000
155000
160000
160000
165000
165000
170000
170000
175000
175000
180000
180000
185000
185000
190000
190000
195000
195000
200000
200000
205000
205000
210000
210000
215000
215000
220000
220000
225000
225000
250000
245000
255000
265000
275000
285000
295000
305000
315000
325000
335000
345000
355000
365000
375000
385000
395000
405000
415000
425000
435000
445000
455000
465000
475000
485000
495000
505000
515000
525000
535000
545000
555000
565000
575000
585000
595000
605000
615000
625000
635000
645000
655000
665000
675000
685000
695000
705000
715000
725000
735000
745000
755000
765000
775000
785000
795000
805000
815000
825000
18
150
1
1
1
1
2
2
2
2
3
3
3
3
4
4
4
4
5
5
5
5
6
6
6
6
7
7
7
7
8
8
8
9
9
10
10
11
11
12
12
13
13
14
14
15
15
16
16
17
17
18
18
19
19
20
20
21
21
22
22
23
24
25
26
27
28
29
30
31
32
33
34
35
36
37
38
39
41
42
44
45
47
48
50
51
53
54
56
57
59
60
62
64
66
68
70
72
74
76
78
80
82
84
86
88
90
92
94
96
98
100
102
104
106
108
110
112
114
116
118
120
122
124
126
128
130
132
134
136
138
140
142
144
146
148
150
152
154
156
158
160
162
164
166
168
170
172
174
176
178
180
150
5000
5000
10000
10000
15000
15000
20000
20000
25000
25000
30000
30000
35000
35000
40000
40000
45000
45000
50000
50000
55000
55000
60000
60000
65000
65000
70000
70000
75000
75000
80000
80000
85000
85000
90000
90000
95000
95000
100000
100000
105000
105000
110000
110000
115000
115000
120000
120000
125000
125000
130000
130000
135000
135000
140000
140000
145000
145000
150000
150000
155000
155000
160000
160000
165000
165000
170000
170000
175000
175000
180000
180000
185000
185000
190000
190000
195000
195000
200000
200000
205000
205000
210000
210000
215000
215000
220000
220000
225000
225000
250000
245000
255000
265000
275000
285000
295000
305000
315000
325000
335000
345000
355000
365000
375000
385000
395000
405000
415000
425000
435000
445000
455000
465000
475000
485000
495000
505000
515000
525000
535000
545000
555000
565000
575000
585000
595000
605000
615000
625000
635000
645000
655000
665000
675000
685000
695000
705000
715000
725000
735000
745000
755000
765000
775000
785000
795000
805000
815000
825000
