48
4
15级橙色青云门套装
4
51110008
51210008
51310008
51410008
3
23
60
2
22
63
3
6
0.03
4
8
30级橙色青云门套装
4
51110012
51210012
51310012
51410012
3
23
141
2
22
148
3
6
0.03
4
12
45级橙色青云门套装
4
51110016
51210016
51310016
51410016
3
23
284
2
22
298
3
6
0.045
4
16
60级橙色青云门套装
4
51110020
51210020
51310020
51410020
3
23
462
2
22
486
3
6
0.045
4
17
60级红色青云门套装
4
51110021
51210021
51310021
51410021
3
23
617
2
22
647
3
6
0.06
4
21
75级橙色青云门套装
4
51110025
51210025
51310025
51410025
3
23
747
2
22
784
3
6
0.06
4
22
75级红色青云门套装
4
51110026
51210026
51310026
51410026
3
23
996
2
22
1045
3
6
0.08
4
26
90级橙色青云门套装
4
51110030
51210030
51310030
51410030
3
23
1052
2
22
1104
3
6
0.06
4
27
90级红色青云门套装
4
51110031
51210031
51310031
51410031
3
23
1403
2
22
1473
3
6
0.08
4
31
15级橙色天音寺套装
4
51120008
51220008
51320008
51420008
3
23
63
2
22
60
3
6
0.03
4
35
30级橙色天音寺套装
4
51120012
51220012
51320012
51420012
3
23
148
2
22
141
3
6
0.03
4
39
45级橙色天音寺套装
4
51120016
51220016
51320016
51420016
3
23
298
2
22
284
3
6
0.045
4
43
60级橙色天音寺套装
4
51120020
51220020
51320020
51420020
3
23
486
2
22
462
3
6
0.045
4
44
60级红色天音寺套装
4
51120021
51220021
51320021
51420021
3
23
647
2
22
617
3
6
0.06
4
48
75级橙色天音寺套装
4
51120025
51220025
51320025
51420025
3
23
784
2
22
747
3
6
0.06
4
49
75级红色天音寺套装
4
51120026
51220026
51320026
51420026
3
23
1045
2
22
996
3
6
0.08
4
53
90级橙色天音寺套装
4
51120030
51220030
51320030
51420030
3
23
1104
2
22
1052
3
6
0.06
4
54
90级红色天音寺套装
4
51120031
51220031
51320031
51420031
3
23
1473
2
22
1403
3
6
0.08
4
58
15级橙色鬼王宗套装
4
51130008
51230008
51330008
51430008
3
23
60
2
22
68
3
6
0.03
4
62
30级橙色鬼王宗套装
4
51130012
51230012
51330012
51430012
3
23
141
2
22
159
3
6
0.03
4
66
45级橙色鬼王宗套装
4
51130016
51230016
51330016
51430016
3
23
284
2
22
320
3
6
0.045
4
70
60级橙色鬼王宗套装
4
51130020
51230020
51330020
51430020
3
23
462
2
22
520
3
6
0.045
4
71
60级红色鬼王宗套装
4
51130021
51230021
51330021
51430021
3
23
617
2
22
694
3
6
0.06
4
75
75级橙色鬼王宗套装
4
51130025
51230025
51330025
51430025
3
23
747
2
22
840
3
6
0.06
4
76
75级红色鬼王宗套装
4
51130026
51230026
51330026
51430026
3
23
996
2
22
1120
3
6
0.08
4
80
90级橙色鬼王宗套装
4
51130030
51230030
51330030
51430030
3
23
1052
2
22
1183
3
6
0.06
4
81
90级红色鬼王宗套装
4
51130031
51230031
51330031
51430031
3
23
1403
2
22
1578
3
6
0.08
4
82
30级真·青云门套装
4
51900018
51900021
51900024
51900027
3
23
284
2
22
298
3
6
0.045
4
83
30级真·天音寺套装
4
51900019
51900022
51900025
51900028
3
23
298
2
22
284
3
6
0.045
4
84
30级真·鬼王宗套装
4
51900020
51900023
51900026
51900029
3
23
284
2
22
320
3
6
0.045
4
87
105级橙色青云门套装
4
51110035
51210035
51310035
51410035
3
23
1714
2
22
1799
3
6
0.0675
4
88
120级红色青云门套装
4
51110036
51210036
51310036
51410036
3
23
2285
2
22
2399
3
6
0.09
4
89
120级橙色青云门套装
4
51110040
51210040
51310040
51410040
3
23
2509
2
22
2634
3
6
0.0675
4
90
120级红色青云门套装
4
51110041
51210041
51310041
51410041
3
23
3345
2
22
3512
3
6
0.09
4
91
105级橙色天音寺套装
4
51120035
51220035
51320035
51420035
3
23
1799
2
22
1714
3
6
0.0675
4
92
105级红色天音寺套装
4
51120036
51220036
51320036
51420036
3
23
2399
2
22
2285
3
6
0.09
4
93
120级橙色天音寺套装
4
51120040
51220040
51320040
51420040
3
23
2634
2
22
2509
3
6
0.0675
4
94
120级红色天音寺套装
4
51120041
51220041
51320041
51420041
3
23
3512
2
22
3345
3
6
0.09
4
95
105级橙色鬼王宗套装
4
51130035
51230035
51330035
51430035
3
23
1714
2
22
1928
3
6
0.0675
4
96
105级红色鬼王宗套装
4
51130036
51230036
51330036
51430036
3
23
2285
2
22
2570
3
6
0.09
4
97
120级橙色鬼王宗套装
4
51130040
51230040
51330040
51430040
3
23
2509
2
22
2823
3
6
0.0675
4
98
120级红色鬼王宗套装
4
51130041
51230041
51330041
51430041
3
23
3345
2
22
3763
3
6
0.09
4
99
135级红色青云门套装
4
51110045
51210045
51310045
51410045
3
23
3503
2
22
3679
3
6
0.075
4
100
135级红色青云门套装
4
51110046
51210046
51310046
51410046
3
23
4671
2
22
4905
3
6
0.1
4
101
135级橙色天音寺套装
4
51120045
51220045
51320045
51420045
3
23
3679
2
22
3503
3
6
0.075
4
102
135级红色天音寺套装
4
51120046
51220046
51320046
51420046
3
23
4905
2
22
4671
3
6
0.1
4
103
135级橙色鬼王宗套装
4
51130045
51230045
51330045
51430045
3
23
3503
2
22
3941
3
6
0.075
4
104
135级红色鬼王宗套装
4
51130046
51230046
51330046
51430046
3
23
4671
2
22
5255
3
6
0.1
4
