61
1
ICON_Jade_01
75
10400011
30
0
10000
2
ICON_Jade_01
76
10400011
60
0.005
20000
3
ICON_Jade_01
77
10400011
90
0.01
30000
4
ICON_Jade_01
78
10400011
120
0.015
40000
5
ICON_Jade_01
79
10400011
150
0.02
50000
6
ICON_Jade_01
80
10400011
180
0.025
60000
7
ICON_Jade_01
81
10400011
210
0.03
70000
8
ICON_Jade_01
82
10400011
240
0.035
80000
9
ICON_Jade_01
83
10400011
270
0.04
90000
10
ICON_Jade_01
84
10400011
300
0.045
100000
11
ICON_Jade_02
85
10400011
330
0.05
110000
12
ICON_Jade_02
86
10400011
360
0.055
120000
13
ICON_Jade_02
87
10400011
390
0.06
130000
14
ICON_Jade_02
88
10400011
420
0.065
140000
15
ICON_Jade_02
89
10400011
450
0.07
150000
16
ICON_Jade_02
90
10400011
480
0.075
160000
17
ICON_Jade_02
90
10400011
510
0.08
170000
18
ICON_Jade_02
91
10400011
570
0.085
180000
19
ICON_Jade_02
92
10400011
630
0.09
190000
20
ICON_Jade_02
93
10400011
690
0.095
200000
21
ICON_Jade_02
95
10400011
750
0.1
210000
22
ICON_Jade_02
96
10400011
810
0.105
220000
23
ICON_Jade_02
97
10400011
870
0.11
230000
24
ICON_Jade_02
98
10400011
930
0.115
240000
25
ICON_Jade_02
100
10400011
990
0.12
250000
26
ICON_Jade_02
101
10400011
1050
0.125
260000
27
ICON_Jade_02
103
10400011
1110
0.13
270000
28
ICON_Jade_02
104
10400011
1170
0.135
280000
29
ICON_Jade_02
105
10400011
1230
0.14
290000
30
ICON_Jade_02
107
10400011
1380
0.145
300000
31
ICON_Jade_02
108
10400011
1530
0.15
310000
32
ICON_Jade_02
109
10400011
1680
0.155
320000
33
ICON_Jade_02
111
10400011
1830
0.16
330000
34
ICON_Jade_02
112
10400011
1980
0.165
340000
35
ICON_Jade_02
113
10400011
2130
0.17
350000
36
ICON_Jade_02
115
10400011
2280
0.175
360000
37
ICON_Jade_02
116
10400011
2430
0.18
370000
38
ICON_Jade_02
117
10400011
2580
0.185
380000
39
ICON_Jade_02
118
10400011
2730
0.19
390000
40
ICON_Jade_02
120
10400011
2880
0.195
400000
41
ICON_Jade_02
121
10400011
3030
0.2
410000
42
ICON_Jade_02
123
10400011
3180
0.205
420000
43
ICON_Jade_02
124
10400011
3330
0.21
430000
44
ICON_Jade_02
125
10400011
3480
0.215
440000
45
ICON_Jade_02
127
10400011
3630
0.22
450000
46
ICON_Jade_02
129
10400011
3780
0.225
460000
47
ICON_Jade_02
130
10400011
3930
0.23
470000
48
ICON_Jade_02
131
10400011
4080
0.235
480000
49
ICON_Jade_02
133
10400011
4230
0.24
490000
50
ICON_Jade_02
134
10400011
4380
0.245
500000
51
ICON_Jade_02
135
10400011
4530
0.25
510000
52
ICON_Jade_02
137
10400011
4680
0.255
520000
53
ICON_Jade_02
139
10400011
4830
0.26
530000
54
ICON_Jade_02
140
10400011
4980
0.265
540000
55
ICON_Jade_02
141
10400011
5130
0.27
550000
56
ICON_Jade_02
143
10400011
5280
0.275
560000
57
ICON_Jade_02
144
10400011
5430
0.28
570000
58
ICON_Jade_02
145
10400011
5580
0.285
580000
59
ICON_Jade_02
147
10400011
5730
0.29
590000
60
ICON_Jade_02
149
10400011
5880
0.295
600000
61
ICON_Jade_02
150
10400011
6030
0.3
610000
