30
0
Bessel
false
7
true
true
true
3
0
0
0
0
0
0
0
1
1
1
1
1
1
1
1
1
1
1
0
1
0
0
0
1
1
1
1
1
1
1
1
1
2
2
1
2
0
0
0
1
1
1
1
1
1
1
1
1
1011
Bessel
false
7
true
true
true
4
0
25.4
216.9
195.1
8.77995
16.4928
0.052970
1
1
1
27.69203
215.5504
192.6211
23.10797
218.2496
197.5789
2
16.9
220.5
276.7
46.76707
11.38384
0.076423
1
1
1
13.73218
222.6863
258.8609
20.06782
218.3137
294.5392
4
37.2
211.3
332.5
15.99926
54.65878
0.054465
1
1
1
31.19857
213.4468
319.9066
43.20143
209.1532
345.0934
6.69
63.5
205.9
358.6
21.84344
57.75874
0.056408
1
1
1
59.21066
207.7373
356.8049
67.78934
204.0627
360.3951
1020001
Bessel
false
7
true
true
true
3
0
0
0
0
0
0
0
1
1
1
1
1
1
1
1
1
2
1
0
1
0
0
0
1
1
1
1
1
1
1
1
1
5.46
2
1
2
0
0
0
1
1
1
1
1
1
1
1
1
10202002
Bessel
false
7
true
true
true
5
0
50.363
217.16
114.2
0
101.7
0
1
1
1
1
1
1
1
1
1
10
208.8
238.22
79
347.6001
78.40002
0.000002
1
1
1
1
1
1
1
1
1
20
329.1
257.9
133.5
0
12.39
0
1
1
1
1
1
1
1
1
1
30
138.9
257.9
219
0
299.8
0
1
1
1
1
1
1
1
1
1
40
274.696
210.41
326.425
0
21.03
0
1
1
1
1
1
1
1
1
1
1101120
Bessel
false
7
true
false
true
4
0
48.27
215.57
109.1
0
97.00002
0
1
1
1
48.27
215.57
109.1
48.27
215.57
109.1
5
143.91
238.35
95.09
0
97.00002
0
1
1
1
143.91
238.35
95.09
143.91
238.35
95.09
10
233.5
260.8
210.4
-0.0
18.26306
0.024884
1
1
1
237.193
260.8055
181.065
229.807
260.7945
239.735
15
271.8
223.3
317
0
16.71433
0
1
1
1
266.0768
264.8
297.9408
277.5232
181.8
336.0592
110120119
Bessel
false
7
true
false
true
4
0
48.27
215.57
109.1
0
97.00002
0
1
1
1
48.27
215.57
109.1
48.27
215.57
109.1
5
143.91
238.35
95.09
0
97.00002
0
1
1
1
100.1387
238.35
100.4644
187.6813
238.35
89.71555
10
231.3
260.8
161.8
-0.0
18.26306
0.024884
1
1
1
224.8738
260.8013
132.4347
237.7262
260.7986
191.1653
15
251.62
217.15
268.84
0
26.06
0
1
1
1
242.8777
246.75
250.9631
260.3623
187.55
286.7169
1114010412
Bessel
false
7
true
true
true
5
0
50.363
217.16
114.2
0
112.2
0
1
1
1
1
1
1
1
1
1
4
160.4
242.6
107.8
0
66.50001
0
1
1
1
1
1
1
1
1
1
8
226.7
205.88
201.98
0
21.6
0
1
1
1
1
1
1
1
1
1
12
255.45
251.96
278.18
0
22.95
0
1
1
1
1
1
1
1
1
1
16
274.696
210.41
326.425
0
21.03
0
1
1
1
1
1
1
1
1
1
17492453
Bessel
false
7
true
true
true
3
0
48.22
212.6
108.05
0
105.66
0
1
1
1
48.22
212.6
108.05
48.22
212.6
108.05
11
257.1
247.7
74.8
0
105.66
0
1
1
1
212.3321
247.7
44.76941
301.8679
247.7
104.8306
18
273.4
228.9
226.93
0
325.6
0
1
1
1
294.5524
247.1
180.8156
252.2476
210.7
273.0444
1749245349
Bessel
false
7
true
true
true
3
0
48.22
208.27
108.05
0
105.66
0
1
1
1
48.22
208.27
108.05
48.22
208.27
108.05
11
257.1
247.7
74.8
0
105.66
0
1
1
1
212.3321
247.7
44.76941
301.8679
247.7
104.8306
18
273.4
228.9
226.93
0
325.6
0
1
1
1
294.5524
247.1
180.8156
252.2476
210.7
273.0444
1771717
Bessel
false
7
true
true
true
2
0
173.19
145.86
152.8716
0
212.95
0
1
1
1
175.0883
134.07
160.9483
171.2917
157.65
144.795
5
147.64
139.287
119.17
0
212.95
0
1
1
1
149.0821
142.757
119.1886
146.1979
135.817
119.1514
17717178
Bessel
false
7
true
true
true
2
0
147.64
147.11
119.17
0
35
0
1
1
1
147.64
140.22
119.17
147.64
154
119.17
5
171.32
135.765
152.8716
0
35.3
0
1
1
1
171.32
135.765
152.8716
171.32
135.765
152.8716
1778579
Bessel
false
7
true
false
true
4
0
48.27
215.57
109.1
0
97.00002
0
1
1
1
48.27
215.57
109.1
48.27
215.57
109.1
5
143.91
238.35
95.09
0
97.00002
0
1
1
1
143.91
238.35
95.09
143.91
238.35
95.09
10
233.5
260.8
210.4
-0.0
18.26306
0.024884
1
1
1
237.193
260.8055
181.065
229.807
260.7945
239.735
15
273.34
209.8
322.27
0
16.71433
0
1
1
1
267.6168
251.3
303.2108
279.0632
168.3
341.3292
4501
Bessel
false
7
true
true
true
2
0
165.18
138.6
147.16
0
235.3
0
1
1
1
165.18
138.6
147.16
165.18
138.6
147.16
3
135.99
142.33
126.4
0
235
0
1
1
1
135.99
142.33
126.4
135.99
142.33
126.4
4504
Bessel
false
7
true
true
true
2
0
145.13
140.32
169.79
0
332.6
0
1
1
1
145.13
133.18
169.79
145.13
147.46
169.79
4.5
122.07
142.84
219.3
0
332.98
0
1
1
1
122.07
148.24
219.3
122.07
137.44
219.3
4510
Bessel
false
7
true
true
true
2
0
151.67
140.95
127.19
0
23.3
0
1
1
1
144.835
131.65
111.3192
158.505
150.25
143.0608
4
173.21
138.59
176.89
0
23.9
0
1
1
1
173.21
138.59
176.89
173.21
138.59
176.89
4512
Bessel
false
7
true
true
true
2
0
120.24
142.19
109.94
0
290
0
1
1
1
120.24
142.19
109.94
120.24
142.19
109.94
4
71.13
138.76
123.41
0
287.2
0
1
1
1
71.13
138.76
123.41
71.13
138.76
123.41
4521
Bessel
false
7
true
true
true
2
0
75.19
138.12
107.71
0
76.80001
0
1
1
1
63.72124
130.14
105.02
86.65876
146.1
110.4
4
130.84
141.57
123.4
0
75.10001
0
1
1
1
130.84
141.57
123.4
130.84
141.57
123.4
4523
Bessel
false
7
true
true
true
2
0
78.69
137.38
139.58
0
343.4
0
1
1
1
80.17558
122.66
134.5967
77.20442
152.1
144.5633
4
87.82
147.61
189.64
0
13.7
0
1
1
1
87.82
147.61
189.64
87.82
147.61
189.64
4532
Bessel
false
7
true
true
true
2
0
70.6
147.67
171.26
0
195.8
0
1
1
1
70.6
147.67
171.26
70.6
147.67
171.26
4
68.139
137.55
125.624
0
201.7
0
1
1
1
75.05326
143.65
142.9988
61.22474
131.45
108.2492
4534
Bessel
false
7
true
true
true
2
0
91.32
146.85
204.64
0
49.20001
0
1
1
1
91.32
146.85
204.64
91.32
146.85
204.64
3
118.56
142.35
220.4
0
64.00001
0
1
1
1
118.56
142.35
220.4
118.56
142.35
220.4
4540
Bessel
false
7
true
true
true
2
0
136.44
142.63
210.83
0
119.39
0
1
1
1
123.5361
136.57
218.098
149.3439
148.69
203.562
4
173.41
139.57
181.36
0
125.9
0
1
1
1
173.41
139.57
181.36
173.41
139.57
181.36
4543
Bessel
false
7
true
true
true
2
0
105.35
142.44
214.28
0
203.9
0
1
1
1
106.9584
135.55
217.9096
103.7416
149.33
210.6504
4
88.39
146.61
182.92
0
200.2
0
1
1
1
88.39
146.61
182.92
88.39
146.61
182.92
9001
Bessel
false
7
true
true
true
2
0
113.56
179.72
345.39
0
182.49
0
1
1
1
114.0783
166.47
357.3087
113.0417
192.97
333.4713
4
98.73
185.17
272.91
0
199.9
0
1
1
1
98.73
185.17
272.91
98.73
185.17
272.91
9010
Bessel
false
7
true
true
true
2
0
111.65
183.8
294.32
0
6.800002
0
1
1
1
111.3493
173.48
291.7979
111.9507
194.12
296.8421
5
117.98
181.46
369.2
0
5.1
0
1
1
1
117.98
181.46
369.2
117.98
181.46
369.2
9012
Bessel
false
7
true
true
true
2
0
68.39
186.4
234.41
0
218.6
0
1
1
1
83.05116
150.8
252.7757
53.72883
222
216.0443
4
15.58
213.12
149.9
0
206.8
0
1
1
1
27.66352
224.22
173.8213
3.496485
202.02
125.9787
9021
Bessel
false
7
true
true
true
2
0
45.95
210.52
186.81
0
36.1
0
1
1
1
44.45344
200.2
184.7577
47.44656
220.84
188.8623
5
96.71
183.06
263.79
0
31.3
0
1
1
1
96.71
183.06
263.79
96.71
183.06
263.79
9023
Bessel
false
7
true
true
true
2
0
49.18
209.94
108.02
0
94.3
0
1
1
1
46.64715
199.62
108.2104
51.71285
220.26
107.8296
5
154.6
193.94
99.51
0
96.90001
0
1
1
1
154.6
193.94
99.51
154.6
193.94
99.51
9032
Bessel
false
7
true
true
true
2
0
135.76
194.94
97.66
0
275.9
0
1
1
1
138.2865
184.62
97.39891
133.2334
205.26
97.9211
5
35.5
213.95
113.78
0
287.5
0
1
1
1
35.5
213.95
113.78
35.5
213.95
113.78
9034
Bessel
false
7
true
true
true
2
0
378.05
190.86
155.2
0
280.4
0
1
1
1
418.0169
190.86
-14.80777
338.0831
190.86
325.2078
7
475.04
401.16
375.75
359.9
56.2
0.000011
1
1
1
417.7496
401.0858
384.9314
532.3304
401.2342
366.5686
9043
Bessel
false
7
true
true
true
2
0
475.0421
398.4903
375.7469
359.9
203.4
0.000011
1
1
1
716.9977
398.0073
572.5397
233.0866
398.9733
178.954
7
378.05
190.86
155.2
0
96.72001
0
1
1
1
378.05
190.86
155.2
378.05
190.86
155.2
