3
1
90
1
3456
220
107
145
61
46.2
44
0.1
2
0.05
0
0
0
0
0
0.05
0
0
0
0
5
0
0
0
0
0
2
3712
240
115
156
67
50.4
48
0.1
2
0.05
0
0
0
0
0
0.05
0
0
0
0
5
0
0
0
0
0
3
3968
260
123
167
73
54.6
52
0.1
2
0.05
0
0
0
0
0
0.05
0
0
0
0
5
0
0
0
0
0
4
4224
280
131
178
79
58.8
56
0.1
2
0.05
0
0
0
0
0
0.05
0
0
0
0
5
0
0
0
0
0
5
4480
300
139
189
85
63
60
0.1
2
0.05
0
0
0
0
0
0.05
0
0
0
0
5
0
0
0
0
0
6
4736
320
147
200
91
67.2
64
0.1
2
0.05
0
0
0
0
0
0.05
0
0
0
0
5
0
0
0
0
0
7
4992
340
155
211
97
71.4
68
0.1
2
0.05
0
0
0
0
0
0.05
0
0
0
0
5
0
0
0
0
0
8
5248
360
163
222
103
75.6
72
0.1
2
0.05
0
0
0
0
0
0.05
0
0
0
0
5
0
0
0
0
0
9
5504
380
171
233
109
79.8
76
0.1
2
0.05
0
0
0
0
0
0.05
0
0
0
0
5
0
0
0
0
0
10
5760
400
179
244
115
84
80
0.1
2
0.05
0
0
0
0
0
0.05
0
0
0
0
5
0
0
0
0
0
11
6016
420
187
255
121
88.2
84
0.1
2
0.05
0
0
0
0
0
0.05
0
0
0
0
5
0
0
0
0
0
12
6272
440
195
266
127
92.4
88
0.1
2
0.05
0
0
0
0
0
0.05
0
0
0
0
5
0
0
0
0
0
13
6528
460
203
277
133
96.6
92
0.1
2
0.05
0
0
0
0
0
0.05
0
0
0
0
5
0
0
0
0
0
14
6784
480
211
288
139
100.8
96
0.1
2
0.05
0
0
0
0
0
0.05
0
0
0
0
5
0
0
0
0
0
15
8960
650
279
381.5
190
136.5
130
0.1
2
0.05
0
0
0
0
0
0.05
0
0
0
0
5
0
0
0
0
0
16
9344
680
291
398
199
142.8
136
0.1
2
0.05
0
0
0
0
0
0.05
0
0
0
0
5
0
0
0
0
0
17
9728
710
303
414.5
208
149.1
142
0.1
2
0.05
0
0
0
0
0
0.05
0
0
0
0
5
0
0
0
0
0
18
10112
740
315
431
217
155.4
148
0.1
2
0.05
0
0
0
0
0
0.05
0
0
0
0
5
0
0
0
0
0
19
10496
770
327
447.5
226
161.7
154
0.1
2
0.05
0
0
0
0
0
0.05
0
0
0
0
5
0
0
0
0
0
20
10880
800
339
464
235
168
160
0.1
2
0.05
0
0
0
0
0
0.05
0
0
0
0
5
0
0
0
0
0
21
11264
830
351
480.5
244
174.3
166
0.1
2
0.05
0
0
0
0
0
0.05
0
0
0
0
5
0
0
0
0
0
22
11648
860
363
497
253
180.6
172
0.1
2
0.05
0
0
0
0
0
0.05
0
0
0
0
5
0
0
0
0
0
23
12032
890
375
513.5
262
186.9
178
0.1
2
0.05
0
0
0
0
0
0.05
0
0
0
0
5
0
0
0
0
0
24
12416
920
387
530
271
193.2
184
0.1
2
0.05
0
0
0
0
0
0.05
0
0
0
0
5
0
0
0
0
0
25
12800
950
399
546.5
280
199.5
190
0.1
2
0.05
0
0
0
0
0
0.05
0
0
0
0
5
0
0
0
0
0
26
13184
980
411
563
289
205.8
196
0.1
2
0.05
0
0
0
0
0
0.05
0
0
0
0
5
0
0
0
0
0
27
13568
1010
423
579.5
298
212.1
202
0.1
2
0.05
0
0
0
0
0
0.05
0
0
0
0
5
0
0
0
0
0
28
13952
1040
435
596
307
218.4
208
0.1
2
0.05
0
0
0
0
0
0.05
0
0
0
0
5
0
0
0
0
0
29
14336
1070
447
612.5
316
224.7
214
0.1
2
0.05
0
0
0
0
0
0.05
0
0
0
0
5
0
0
0
0
0
30
19520
1400
579
794
415
294
280
0.1
2
0.05
0
0
0
0
0
0.05
0
0
0
0
5
0
0
0
0
0
31
20064
1440
595
816
427
302.4
288
0.1
2
0.05
0
0
0
0
0
0.05
0
0
0
0
5
0
0
0
0
0
32
20608
1480
611
838
439
310.8
296
0.1
2
0.05
0
0
0
0
0
0.05
0
0
0
0
5
0
0
0
0
0
33
21152
1520
627
860
451
319.2
304
0.1
2
0.05
0
0
0
0
0
0.05
0
0
0
0
5
0
0
0
0
0
34
21696
1560
643
882
463
327.6
312
0.1
2
0.05
0
0
0
0
0
0.05
0
0
0
0
5
0
0
0
0
0
35
22240
1600
659
904
475
336
320
0.1
2
0.05
0
0
0
0
0
0.05
0
0
0
0
5
0
0
0
0
0
36
22784
1640
675
926
487
344.4
328
0.1
2
0.05
0
0
0
0
0
0.05
0
0
0
0
5
0
0
0
0
0
37
23328
1680
691
948
499
352.8
336
0.1
2
0.05
0
0
0
0
0
0.05
0
0
0
0
5
0
0
0
0
0
38
23872
1720
707
970
511
361.2
344
0.1
2
0.05
0
0
0
0
0
0.05
0
0
0
0
5
0
0
0
0
0
39
24416
1760
723
992
523
369.6
352
0.1
2
0.05
0
0
0
0
0
0.05
0
0
0
0
5
0
0
0
0
0
40
24960
1800
739
1014
535
378
360
0.1
2
0.05
0
0
0
0
0
0.05
0
0
0
0
5
0
0
0
0
0
41
25504
1840
755
1036
547
386.4
368
0.1
2
0.05
0
0
0
0
0
0.05
0
0
0
0
5
0
0
0
0
0
42
26048
1880
771
1058
559
394.8
376
0.1
2
0.05
0
0
0
0
0
0.05
0
0
0
0
5
0
0
0
0
0
43
26592
1920
787
1080
571
403.2
384
0.1
2
0.05
0
0
0
0
0
0.05
0
0
0
0
5
0
0
0
0
0
44
27136
1960
803
1102
583
411.6
392
0.1
2
0.05
0
0
0
0
0
0.05
0
0
0
0
5
0
0
0
0
0
45
39200
2450
999
1371.5
730
514.5
490
0.1
2
0.05
0
0
0
0
0
0.05
0
0
0
0
5
0
0
0
0
0
46
40000
2500
1019
1399
745
525
500
0.1
2
0.05
0
0
0
0
0
0.05
0
0
0
0
5
0
0
0
0
0
47
40800
2550
1039
1426.5
760
535.5
510
0.1
2
0.05
0
0
0
0
0
0.05
0
0
0
0
5
0
0
0
0
0
48
41600
2600
1059
1454
775
546
520
0.1
2
0.05
0
0
0
0
0
0.05
0
0
0
0
5
0
0
0
0
0
49
42400
2650
1079
1481.5
790
556.5
530
0.1
2
0.05
0
0
0
0
0
0.05
0
0
0
0
5
0
0
0
0
0
50
43200
2700
1099
1509
805
567
540
0.1
2
0.05
0
0
0
0
0
0.05
0
0
0
0
5
0
0
0
0
0
51
44000
2750
1119
1536.5
820
577.5
550
0.1
2
0.05
0
0
0
0
0
0.05
0
0
0
0
5
0
0
0
0
0
52
44800
2800
1139
1564
835
588
560
0.1
2
0.05
0
0
0
0
0
0.05
0
0
0
0
5
0
0
0
0
0
53
45600
2850
1159
1591.5
850
598.5
570
0.1
2
0.05
0
0
0
0
0
0.05
0
0
0
0
5
0
0
0
0
0
54
46400
2900
1179
1619
865
609
580
0.1
2
0.05
0
0
0
0
0
0.05
0
0
0
0
5
0
0
0
0
0
55
47200
2950
1199
1646.5
880
619.5
590
0.1
2
0.05
0
0
0
0
0
0.05
0
0
0
0
5
0
0
0
0
0
56
48000
3000
1219
1674
895
630
600
0.1
2
0.05
0
0
0
0
0
0.05
0
0
0
0
5
0
0
0
0
0
57
48800
3050
1239
1701.5
910
640.5
610
0.1
2
0.05
0
0
0
0
0
0.05
0
0
0
0
5
0
0
0
0
0
58
49600
3100
1259
1729
925
651
620
0.1
2
0.05
0
0
0
0
0
0.05
0
0
0
0
5
0
0
0
0
0
59
50400
3150
1279
1756.5
940
661.5
630
0.1
2
0.05
0
0
0
0
0
0.05
0
0
0
0
5
0
0
0
0
0
60
68480
3800
1539
2114
1135
798.0
760
0.1
2
0.05
0
0
0
0
0
0.05
0
0
0
0
5
0
0
0
0
0
61
69568
3860
1563
2147
1153
810.6
772
0.1
2
0.05
0
0
0
0
0
0.05
0
0
0
0
5
0
0
0
0
0
62
70656
3920
1587
2180
1171
823.2
784
0.1
2
0.05
0
0
0
0
0
0.05
0
0
0
0
5
0
0
0
0
0
63
71744
3980
1611
2213
1189
835.8
796
0.1
2
0.05
0
0
0
0
0
0.05
0
0
0
0
5
0
0
0
0
0
64
72832
4040
1635
2246
1207
848.4
808
0.1
2
0.05
0
0
0
0
0
0.05
0
0
0
0
5
0
0
0
0
0
65
73920
4100
1659
2279
1225
861.0
820
0.1
2
0.05
0
0
0
0
0
0.05
0
0
0
0
5
0
0
0
0
0
66
75008
4160
1683
2312
1243
873.6
832
0.1
2
0.05
0
0
0
0
0
0.05
0
0
0
0
5
0
0
0
0
0
67
76096
4220
1707
2345
1261
886.2
844
0.1
2
0.05
0
0
0
0
0
0.05
0
0
0
0
5
0
0
0
0
0
68
77184
4280
1731
2378
1279
898.8
856
0.1
2
0.05
0
0
0
0
0
0.05
0
0
0
0
5
0
0
0
0
0
69
78272
4340
1755
2411
1297
911.4
868
0.1
2
0.05
0
0
0
0
0
0.05
0
0
0
0
5
0
0
0
0
0
70
79360
4400
1779
2444
1315
924.0
880
0.1
2
0.05
0
0
0
0
0
0.05
0
0
0
0
5
0
0
0
0
0
71
80448
4460
1803
2477
1333
936.6
892
0.1
2
0.05
0
0
0
0
0
0.05
0
0
0
0
5
0
0
0
0
0
72
81536
4520
1827
2510
1351
949.2
904
0.1
2
0.05
0
0
0
0
0
0.05
0
0
0
0
5
0
0
0
0
0
73
82624
4580
1851
2543
1369
961.8
916
0.1
2
0.05
0
0
0
0
0
0.05
0
0
0
0
5
0
0
0
0
0
74
83712
4640
1875
2576
1387
974.4
928
0.1
2
0.05
0
0
0
0
0
0.05
0
0
0
0
5
0
0
0
0
0
75
129200
5450
2199
3021.5
1630
1144.5
1090
0.1
2
0.05
0
0
0
0
0
0.05
0
0
0
0
5
0
0
0
0
0
76
130880
5520
2227
3060
1651
1159.2
1104
0.1
2
0.05
0
0
0
0
0
0.05
0
0
0
0
5
0
0
0
0
0
77
132560
5590
2255
3098.5
1672
1173.9
1118
0.1
2
0.05
0
0
0
0
0
0.05
0
0
0
0
5
0
0
0
0
0
78
134240
5660
2283
3137
1693
1188.6
1132
0.1
2
0.05
0
0
0
0
0
0.05
0
0
0
0
5
0
0
0
0
0
79
135920
5730
2311
3175.5
1714
1203.3
1146
0.1
2
0.05
0
0
0
0
0
0.05
0
0
0
0
5
0
0
0
0
0
80
137600
5800
2339
3214
1735
1218
1160
0.1
2
0.05
0
0
0
0
0
0.05
0
0
0
0
5
0
0
0
0
0
81
139280
5870
2367
3252.5
1756
1232.7
1174
0.1
2
0.05
0
0
0
0
0
0.05
0
0
0
0
5
0
0
0
0
0
82
140960
5940
2395
3291
1777
1247.4
1188
0.1
2
0.05
0
0
0
0
0
0.05
0
0
0
0
5
0
0
0
0
0
83
142640
6010
2423
3329.5
1798
1262.1
1202
0.1
2
0.05
0
0
0
0
0
0.05
0
0
0
0
5
0
0
0
0
0
84
144320
6080
2451
3368
1819
1276.8
1216
0.1
2
0.05
0
0
0
0
0
0.05
0
0
0
0
5
0
0
0
0
0
85
146000
6150
2479
3406.5
1840
1291.5
1230
0.1
2
0.05
0
0
0
0
0
0.05
0
0
0
0
5
0
0
0
0
0
86
147680
6220
2507
3445
1861
1306.2
1244
0.1
2
0.05
0
0
0
0
0
0.05
0
0
0
0
5
0
0
0
0
0
87
149360
6290
2535
3483.5
1882
1320.9
1258
0.1
2
0.05
0
0
0
0
0
0.05
0
0
0
0
5
0
0
0
0
0
88
151040
6360
2563
3522
1903
1335.6
1272
0.1
2
0.05
0
0
0
0
0
0.05
0
0
0
0
5
0
0
0
0
0
89
152720
6430
2591
3560.5
1924
1350.3
1286
0.1
2
0.05
0
0
0
0
0
0.05
0
0
0
0
5
0
0
0
0
0
90
201920
7400
2979
4094
2215
1554
1480
0.1
2
0.05
0
0
0
0
0
0.05
0
0
0
0
5
0
0
0
0
0
2
90
1
3888
220
105
143
71.5
44
46.2
0.1
2
0.05
0
0
0
0
0
0.05
0
0
0
0
5
0
0
0
0
0
2
4176
240
112
153
78
48
50.4
0.1
2
0.05
0
0
0
0
0
0.05
0
0
0
0
5
0
0
0
0
0
3
4464
260
119
163
84.5
52
54.6
0.1
2
0.05
0
0
0
0
0
0.05
0
0
0
0
5
0
0
0
0
0
4
4752
280
126
173
91
56
58.8
0.1
2
0.05
0
0
0
0
0
0.05
0
0
0
0
5
0
0
0
0
0
5
5040
300
133
183
97.5
60
63
0.1
2
0.05
0
0
0
0
0
0.05
0
0
0
0
5
0
0
0
0
0
6
5328
320
140
193
104
64
67.2
0.1
2
0.05
0
0
0
0
0
0.05
0
0
0
0
5
0
0
0
0
0
7
5616
340
147
203
110.5
68
71.4
0.1
2
0.05
0
0
0
0
0
0.05
0
0
0
0
5
0
0
0
0
0
8
5904
360
154
213
117
72
75.6
0.1
2
0.05
0
0
0
0
0
0.05
0
0
0
0
5
0
0
0
0
0
9
6192
380
161
223
123.5
76
79.8
0.1
2
0.05
0
0
0
0
0
0.05
0
0
0
0
5
0
0
0
0
0
10
6480
400
168
233
130
80
84
0.1
2
0.05
0
0
0
0
0
0.05
0
0
0
0
5
0
0
0
0
0
11
6768
420
175
243
136.5
84
88.2
0.1
2
0.05
0
0
0
0
0
0.05
0
0
0
0
5
0
0
0
0
0
12
7056
440
182
253
143
88
92.4
0.1
2
0.05
0
0
0
0
0
0.05
0
0
0
0
5
0
0
0
0
0
13
7344
460
189
263
149.5
92
96.6
0.1
2
0.05
0
0
0
0
0
0.05
0
0
0
0
5
0
0
0
0
0
14
7632
480
196
273
156
96
100.8
0.1
2
0.05
0
0
0
0
0
0.05
0
0
0
0
5
0
0
0
0
0
15
10080
650
255.5
358
211.25
130
136.5
0.1
2
0.05
0
0
0
0
0
0.05
0
0
0
0
5
0
0
0
0
0
16
10512
680
266
373
221
136
142.8
0.1
2
0.05
0
0
0
0
0
0.05
0
0
0
0
5
0
0
0
0
0
17
10944
710
276.5
388
230.75
142
149.1
0.1
2
0.05
0
0
0
0
0
0.05
0
0
0
0
5
0
0
0
0
0
18
11376
740
287
403
240.5
148
155.4
0.1
2
0.05
0
0
0
0
0
0.05
0
0
0
0
5
0
0
0
0
0
19
11808
770
297.5
418
250.25
154
161.7
0.1
2
0.05
0
0
0
0
0
0.05
0
0
0
0
5
0
0
0
0
0
20
12240
800
308
433
260
160
168
0.1
2
0.05
0
0
0
0
0
0.05
0
0
0
0
5
0
0
0
0
0
21
12672
830
318.5
448
269.75
166
174.3
0.1
2
0.05
0
0
0
0
0
0.05
0
0
0
0
5
0
0
0
0
0
22
13104
860
329
463
279.5
172
180.6
0.1
2
0.05
0
0
0
0
0
0.05
0
0
0
0
5
0
0
0
0
0
23
13536
890
339.5
478
289.25
178
186.9
0.1
2
0.05
0
0
0
0
0
0.05
0
0
0
0
5
0
0
0
0
0
24
13968
920
350
493
299
184
193.2
0.1
2
0.05
0
0
0
0
0
0.05
0
0
0
0
5
0
0
0
0
0
25
14400
950
360.5
508
308.75
190
199.5
0.1
2
0.05
0
0
0
0
0
0.05
0
0
0
0
5
0
0
0
0
0
26
14832
980
371
523
318.5
196
205.8
0.1
2
0.05
0
0
0
0
0
0.05
0
0
0
0
5
0
0
0
0
0
27
15264
1010
381.5
538
328.25
202
212.1
0.1
2
0.05
0
0
0
0
0
0.05
0
0
0
0
5
0
0
0
0
0
28
15696
1040
392
553
338
208
218.4
0.1
2
0.05
0
0
0
0
0
0.05
0
0
0
0
5
0
0
0
0
0
29
16128
1070
402.5
568
347.75
214
224.7
0.1
2
0.05
0
0
0
0
0
0.05
0
0
0
0
5
0
0
0
0
0
30
21960
1400
518
733
455
280
294
0.1
2
0.05
0
0
0
0
0
0.05
0
0
0
0
5
0
0
0
0
0
31
22572
1440
532
753
468
288
302.4
0.1
2
0.05
0
0
0
0
0
0.05
0
0
0
0
5
0
0
0
0
0
32
23184
1480
546
773
481
296
310.8
0.1
2
0.05
0
0
0
0
0
0.05
0
0
0
0
5
0
0
0
0
0
33
23796
1520
560
793
494
304
319.2
0.1
2
0.05
0
0
0
0
0
0.05
0
0
0
0
5
0
0
0
0
0
34
24408
1560
574
813
507
312
327.6
0.1
2
0.05
0
0
0
0
0
0.05
0
0
0
0
5
0
0
0
0
0
35
25020
1600
588
833
520
320
336
0.1
2
0.05
0
0
0
0
0
0.05
0
0
0
0
5
0
0
0
0
0
36
25632
1640
602
853
533
328
344.4
0.1
2
0.05
0
0
0
0
0
0.05
0
0
0
0
5
0
0
0
0
0
37
26244
1680
616
873
546
336
352.8
0.1
2
0.05
0
0
0
0
0
0.05
0
0
0
0
5
0
0
0
0
0
38
26856
1720
630
893
559
344
361.2
0.1
2
0.05
0
0
0
0
0
0.05
0
0
0
0
5
0
0
0
0
0
39
27468
1760
644
913
572
352
369.6
0.1
2
0.05
0
0
0
0
0
0.05
0
0
0
0
5
0
0
0
0
0
40
28080
1800
658
933
585
360
378
0.1
2
0.05
0
0
0
0
0
0.05
0
0
0
0
5
0
0
0
0
0
41
28692
1840
672
953
598
368
386.4
0.1
2
0.05
0
0
0
0
0
0.05
0
0
0
0
5
0
0
0
0
0
42
29304
1880
686
973
611
376
394.8
0.1
2
0.05
0
0
0
0
0
0.05
0
0
0
0
5
0
0
0
0
0
43
29916
1920
700
993
624
384
403.2
0.1
2
0.05
0
0
0
0
0
0.05
0
0
0
0
5
0
0
0
0
0
44
30528
1960
714
1013
637
392
411.6
0.1
2
0.05
0
0
0
0
0
0.05
0
0
0
0
5
0
0
0
0
0
45
44100
2450
885.5
1258
796.25
490
514.5
0.1
2
0.05
0
0
0
0
0
0.05
0
0
0
0
5
0
0
0
0
0
46
45000
2500
903
1283
812.5
500
525
0.1
2
0.05
0
0
0
0
0
0.05
0
0
0
0
5
0
0
0
0
0
47
45900
2550
920.5
1308
828.75
510
535.5
0.1
2
0.05
0
0
0
0
0
0.05
0
0
0
0
5
0
0
0
0
0
48
46800
2600
938
1333
845
520
546
0.1
2
0.05
0
0
0
0
0
0.05
0
0
0
0
5
0
0
0
0
0
49
47700
2650
955.5
1358
861.25
530
556.5
0.1
2
0.05
0
0
0
0
0
0.05
0
0
0
0
5
0
0
0
0
0
50
48600
2700
973
1383
877.5
540
567
0.1
2
0.05
0
0
0
0
0
0.05
0
0
0
0
5
0
0
0
0
0
51
49500
2750
990.5
1408
893.75
550
577.5
0.1
2
0.05
0
0
0
0
0
0.05
0
0
0
0
5
0
0
0
0
0
52
50400
2800
1008
1433
910
560
588
0.1
2
0.05
0
0
0
0
0
0.05
0
0
0
0
5
0
0
0
0
0
53
51300
2850
1025.5
1458
926.25
570
598.5
0.1
2
0.05
0
0
0
0
0
0.05
0
0
0
0
5
0
0
0
0
0
54
52200
2900
1043
1483
942.5
580
609
0.1
2
0.05
0
0
0
0
0
0.05
0
0
0
0
5
0
0
0
0
0
55
53100
2950
1060.5
1508
958.75
590
619.5
0.1
2
0.05
0
0
0
0
0
0.05
0
0
0
0
5
0
0
0
0
0
56
54000
3000
1078
1533
975
600
630
0.1
2
0.05
0
0
0
0
0
0.05
0
0
0
0
5
0
0
0
0
0
57
54900
3050
1095.5
1558
991.25
610
640.5
0.1
2
0.05
0
0
0
0
0
0.05
0
0
0
0
5
0
0
0
0
0
58
55800
3100
1113
1583
1007.5
620
651
0.1
2
0.05
0
0
0
0
0
0.05
0
0
0
0
5
0
0
0
0
0
59
56700
3150
1130.5
1608
1023.75
630
661.5
0.1
2
0.05
0
0
0
0
0
0.05
0
0
0
0
5
0
0
0
0
0
60
77040
3800
1358
1933
1235
760
798.0
0.1
2
0.05
0
0
0
0
0
0.05
0
0
0
0
5
0
0
0
0
0
61
78264
3860
1379
1963
1254.5
772
810.6
0.1
2
0.05
0
0
0
0
0
0.05
0
0
0
0
5
0
0
0
0
0
62
79488
3920
1400
1993
1274
784
823.2
0.1
2
0.05
0
0
0
0
0
0.05
0
0
0
0
5
0
0
0
0
0
63
80712
3980
1421
2023
1293.5
796
835.8
0.1
2
0.05
0
0
0
0
0
0.05
0
0
0
0
5
0
0
0
0
0
64
81936
4040
1442
2053
1313
808
848.4
0.1
2
0.05
0
0
0
0
0
0.05
0
0
0
0
5
0
0
0
0
0
65
83160
4100
1463
2083
1332.5
820
861.0
0.1
2
0.05
0
0
0
0
0
0.05
0
0
0
0
5
0
0
0
0
0
66
84384
4160
1484
2113
1352
832
873.6
0.1
2
0.05
0
0
0
0
0
0.05
0
0
0
0
5
0
0
0
0
0
67
85608
4220
1505
2143
1371.5
844
886.2
0.1
2
0.05
0
0
0
0
0
0.05
0
0
0
0
5
0
0
0
0
0
68
86832
4280
1526
2173
1391
856
898.8
0.1
2
0.05
0
0
0
0
0
0.05
0
0
0
0
5
0
0
0
0
0
69
88056
4340
1547
2203
1410.5
868
911.4
0.1
2
0.05
0
0
0
0
0
0.05
0
0
0
0
5
0
0
0
0
0
70
89280
4400
1568
2233
1430
880
924.0
0.1
2
0.05
0
0
0
0
0
0.05
0
0
0
0
5
0
0
0
0
0
71
90504
4460
1589
2263
1449.5
892
936.6
0.1
2
0.05
0
0
0
0
0
0.05
0
0
0
0
5
0
0
0
0
0
72
91728
4520
1610
2293
1469
904
949.2
0.1
2
0.05
0
0
0
0
0
0.05
0
0
0
0
5
0
0
0
0
0
73
92952
4580
1631
2323
1488.5
916
961.8
0.1
2
0.05
0
0
0
0
0
0.05
0
0
0
0
5
0
0
0
0
0
74
94176
4640
1652
2353
1508
928
974.4
0.1
2
0.05
0
0
0
0
0
0.05
0
0
0
0
5
0
0
0
0
0
75
145350
5450
1935.5
2758
1771.25
1090
1144.5
0.1
2
0.05
0
0
0
0
0
0.05
0
0
0
0
5
0
0
0
0
0
76
147240
5520
1960
2793
1794
1104
1159.2
0.1
2
0.05
0
0
0
0
0
0.05
0
0
0
0
5
0
0
0
0
0
77
149130
5590
1984.5
2828
1816.75
1118
1173.9
0.1
2
0.05
0
0
0
0
0
0.05
0
0
0
0
5
0
0
0
0
0
78
151020
5660
2009
2863
1839.5
1132
1188.6
0.1
2
0.05
0
0
0
0
0
0.05
0
0
0
0
5
0
0
0
0
0
79
152910
5730
2033.5
2898
1862.25
1146
1203.3
0.1
2
0.05
0
0
0
0
0
0.05
0
0
0
0
5
0
0
0
0
0
80
154800
5800
2058
2933
1885
1160
1218
0.1
2
0.05
0
0
0
0
0
0.05
0
0
0
0
5
0
0
0
0
0
81
156690
5870
2082.5
2968
1907.75
1174
1232.7
0.1
2
0.05
0
0
0
0
0
0.05
0
0
0
0
5
0
0
0
0
0
82
158580
5940
2107
3003
1930.5
1188
1247.4
0.1
2
0.05
0
0
0
0
0
0.05
0
0
0
0
5
0
0
0
0
0
83
160470
6010
2131.5
3038
1953.25
1202
1262.1
0.1
2
0.05
0
0
0
0
0
0.05
0
0
0
0
5
0
0
0
0
0
84
162360
6080
2156
3073
1976
1216
1276.8
0.1
2
0.05
0
0
0
0
0
0.05
0
0
0
0
5
0
0
0
0
0
85
164250
6150
2180.5
3108
1998.75
1230
1291.5
0.1
2
0.05
0
0
0
0
0
0.05
0
0
0
0
5
0
0
0
0
0
86
166140
6220
2205
3143
2021.5
1244
1306.2
0.1
2
0.05
0
0
0
0
0
0.05
0
0
0
0
5
0
0
0
0
0
87
168030
6290
2229.5
3178
2044.25
1258
1320.9
0.1
2
0.05
0
0
0
0
0
0.05
0
0
0
0
5
0
0
0
0
0
88
169920
6360
2254
3213
2067
1272
1335.6
0.1
2
0.05
0
0
0
0
0
0.05
0
0
0
0
5
0
0
0
0
0
89
171810
6430
2278.5
3248
2089.75
1286
1350.3
0.1
2
0.05
0
0
0
0
0
0.05
0
0
0
0
5
0
0
0
0
0
90
227160
7400
2618
3733
2405
1480
1554
0.1
2
0.05
0
0
0
0
0
0.05
0
0
0
0
5
0
0
0
0
0
3
90
1
3240
187
108.5
146.5
65.5
44.5
44
0.05
2
0
0
0
0
0
0
0.05
0
0
0
0
5
0
0
0
0
0
2
3480
204
117
158
71
49
48
0.05
2
0
0
0
0
0
0
0.05
0
0
0
0
5
0
0
0
0
0
3
3720
221
125.5
169.5
76.5
53.5
52
0.05
2
0
0
0
0
0
0
0.05
0
0
0
0
5
0
0
0
0
0
4
3960
238
134
181
82
58
56
0.05
2
0
0
0
0
0
0
0.05
0
0
0
0
5
0
0
0
0
0
5
4200
255
142.5
192.5
87.5
62.5
60
0.05
2
0
0
0
0
0
0
0.05
0
0
0
0
5
0
0
0
0
0
6
4440
272
151
204
93
67
64
0.05
2
0
0
0
0
0
0
0.05
0
0
0
0
5
0
0
0
0
0
7
4680
289
159.5
215.5
98.5
71.5
68
0.05
2
0
0
0
0
0
0
0.05
0
0
0
0
5
0
0
0
0
0
8
4920
306
168
227
104
76
72
0.05
2
0
0
0
0
0
0
0.05
0
0
0
0
5
0
0
0
0
0
9
5160
323
176.5
238.5
109.5
80.5
76
0.05
2
0
0
0
0
0
0
0.05
0
0
0
0
5
0
0
0
0
0
10
5400
340
185
250
115
85
80
0.05
2
0
0
0
0
0
0
0.05
0
0
0
0
5
0
0
0
0
0
11
5640
357
193.5
261.5
120.5
89.5
84
0.05
2
0
0
0
0
0
0
0.05
0
0
0
0
5
0
0
0
0
0
12
5880
374
202
273
126
94
88
0.05
2
0
0
0
0
0
0
0.05
0
0
0
0
5
0
0
0
0
0
13
6120
391
210.5
284.5
131.5
98.5
92
0.05
2
0
0
0
0
0
0
0.05
0
0
0
0
5
0
0
0
0
0
14
6360
408
219
296
137
103
96
0.05
2
0
0
0
0
0
0
0.05
0
0
0
0
5
0
0
0
0
0
15
8400
552.5
291.25
393.75
183.75
141.25
130
0.05
2
0
0
0
0
0
0
0.05
0
0
0
0
5
0
0
0
0
0
16
8760
578
304
411
192
148
136
0.05
2
0
0
0
0
0
0
0.05
0
0
0
0
5
0
0
0
0
0
17
9120
603.5
316.75
428.25
200.25
154.75
142
0.05
2
0
0
0
0
0
0
0.05
0
0
0
0
5
0
0
0
0
0
18
9480
629
329.5
445.5
208.5
161.5
148
0.05
2
0
0
0
0
0
0
0.05
0
0
0
0
5
0
0
0
0
0
19
9840
654.5
342.25
462.75
216.75
168.25
154
0.05
2
0
0
0
0
0
0
0.05
0
0
0
0
5
0
0
0
0
0
20
10200
680
355
480
225
175
160
0.05
2
0
0
0
0
0
0
0.05
0
0
0
0
5
0
0
0
0
0
21
10560
705.5
367.75
497.25
233.25
181.75
166
0.05
2
0
0
0
0
0
0
0.05
0
0
0
0
5
0
0
0
0
0
22
10920
731
380.5
514.5
241.5
188.5
172
0.05
2
0
0
0
0
0
0
0.05
0
0
0
0
5
0
0
0
0
0
23
11280
756.5
393.25
531.75
249.75
195.25
178
0.05
2
0
0
0
0
0
0
0.05
0
0
0
0
5
0
0
0
0
0
24
11640
782
406
549
258
202
184
0.05
2
0
0
0
0
0
0
0.05
0
0
0
0
5
0
0
0
0
0
25
12000
807.5
418.75
566.25
266.25
208.75
190
0.05
2
0
0
0
0
0
0
0.05
0
0
0
0
5
0
0
0
0
0
26
12360
833
431.5
583.5
274.5
215.5
196
0.05
2
0
0
0
0
0
0
0.05
0
0
0
0
5
0
0
0
0
0
27
12720
858.5
444.25
600.75
282.75
222.25
202
0.05
2
0
0
0
0
0
0
0.05
0
0
0
0
5
0
0
0
0
0
28
13080
884
457
618
291
229
208
0.05
2
0
0
0
0
0
0
0.05
0
0
0
0
5
0
0
0
0
0
29
13440
909.5
469.75
635.25
299.25
235.75
214
0.05
2
0
0
0
0
0
0
0.05
0
0
0
0
5
0
0
0
0
0
30
18300
1190
610
825
390
310
280
0.05
2
0
0
0
0
0
0
0.05
0
0
0
0
5
0
0
0
0
0
31
18810
1224
627
848
401
319
288
0.05
2
0
0
0
0
0
0
0.05
0
0
0
0
5
0
0
0
0
0
32
19320
1258
644
871
412
328
296
0.05
2
0
0
0
0
0
0
0.05
0
0
0
0
5
0
0
0
0
0
33
19830
1292
661
894
423
337
304
0.05
2
0
0
0
0
0
0
0.05
0
0
0
0
5
0
0
0
0
0
34
20340
1326
678
917
434
346
312
0.05
2
0
0
0
0
0
0
0.05
0
0
0
0
5
0
0
0
0
0
35
20850
1360
695
940
445
355
320
0.05
2
0
0
0
0
0
0
0.05
0
0
0
0
5
0
0
0
0
0
36
21360
1394
712
963
456
364
328
0.05
2
0
0
0
0
0
0
0.05
0
0
0
0
5
0
0
0
0
0
37
21870
1428
729
986
467
373
336
0.05
2
0
0
0
0
0
0
0.05
0
0
0
0
5
0
0
0
0
0
38
22380
1462
746
1009
478
382
344
0.05
2
0
0
0
0
0
0
0.05
0
0
0
0
5
0
0
0
0
0
39
22890
1496
763
1032
489
391
352
0.05
2
0
0
0
0
0
0
0.05
0
0
0
0
5
0
0
0
0
0
40
23400
1530
780
1055
500
400
360
0.05
2
0
0
0
0
0
0
0.05
0
0
0
0
5
0
0
0
0
0
41
23910
1564
797
1078
511
409
368
0.05
2
0
0
0
0
0
0
0.05
0
0
0
0
5
0
0
0
0
0
42
24420
1598
814
1101
522
418
376
0.05
2
0
0
0
0
0
0
0.05
0
0
0
0
5
0
0
0
0
0
43
24930
1632
831
1124
533
427
384
0.05
2
0
0
0
0
0
0
0.05
0
0
0
0
5
0
0
0
0
0
44
25440
1666
848
1147
544
436
392
0.05
2
0
0
0
0
0
0
0.05
0
0
0
0
5
0
0
0
0
0
45
36750
2082.5
1056.25
1428.75
678.75
546.25
490
0.05
2
0
0
0
0
0
0
0.05
0
0
0
0
5
0
0
0
0
0
46
37500
2125
1077.5
1457.5
692.5
557.5
500
0.05
2
0
0
0
0
0
0
0.05
0
0
0
0
5
0
0
0
0
0
47
38250
2167.5
1098.75
1486.25
706.25
568.75
510
0.05
2
0
0
0
0
0
0
0.05
0
0
0
0
5
0
0
0
0
0
48
39000
2210
1120
1515
720
580
520
0.05
2
0
0
0
0
0
0
0.05
0
0
0
0
5
0
0
0
0
0
49
39750
2252.5
1141.25
1543.75
733.75
591.25
530
0.05
2
0
0
0
0
0
0
0.05
0
0
0
0
5
0
0
0
0
0
50
40500
2295
1162.5
1572.5
747.5
602.5
540
0.05
2
0
0
0
0
0
0
0.05
0
0
0
0
5
0
0
0
0
0
51
41250
2337.5
1183.75
1601.25
761.25
613.75
550
0.05
2
0
0
0
0
0
0
0.05
0
0
0
0
5
0
0
0
0
0
52
42000
2380
1205
1630
775
625
560
0.05
2
0
0
0
0
0
0
0.05
0
0
0
0
5
0
0
0
0
0
53
42750
2422.5
1226.25
1658.75
788.75
636.25
570
0.05
2
0
0
0
0
0
0
0.05
0
0
0
0
5
0
0
0
0
0
54
43500
2465
1247.5
1687.5
802.5
647.5
580
0.05
2
0
0
0
0
0
0
0.05
0
0
0
0
5
0
0
0
0
0
55
44250
2507.5
1268.75
1716.25
816.25
658.75
590
0.05
2
0
0
0
0
0
0
0.05
0
0
0
0
5
0
0
0
0
0
56
45000
2550
1290
1745
830
670
600
0.05
2
0
0
0
0
0
0
0.05
0
0
0
0
5
0
0
0
0
0
57
45750
2592.5
1311.25
1773.75
843.75
681.25
610
0.05
2
0
0
0
0
0
0
0.05
0
0
0
0
5
0
0
0
0
0
58
46500
2635
1332.5
1802.5
857.5
692.5
620
0.05
2
0
0
0
0
0
0
0.05
0
0
0
0
5
0
0
0
0
0
59
47250
2677.5
1353.75
1831.25
871.25
703.75
630
0.05
2
0
0
0
0
0
0
0.05
0
0
0
0
5
0
0
0
0
0
60
64200
3230
1630
2205
1050
850
760
0.05
2
0
0
0
0
0
0
0.05
0
0
0
0
5
0
0
0
0
0
61
65220
3281
1655.5
2239.5
1066.5
863.5
772
0.05
2
0
0
0
0
0
0
0.05
0
0
0
0
5
0
0
0
0
0
62
66240
3332
1681
2274
1083
877
784
0.05
2
0
0
0
0
0
0
0.05
0
0
0
0
5
0
0
0
0
0
63
67260
3383
1706.5
2308.5
1099.5
890.5
796
0.05
2
0
0
0
0
0
0
0.05
0
0
0
0
5
0
0
0
0
0
64
68280
3434
1732
2343
1116
904
808
0.05
2
0
0
0
0
0
0
0.05
0
0
0
0
5
0
0
0
0
0
65
69300
3485
1757.5
2377.5
1132.5
917.5
820
0.05
2
0
0
0
0
0
0
0.05
0
0
0
0
5
0
0
0
0
0
66
70320
3536
1783
2412
1149
931
832
0.05
2
0
0
0
0
0
0
0.05
0
0
0
0
5
0
0
0
0
0
67
71340
3587
1808.5
2446.5
1165.5
944.5
844
0.05
2
0
0
0
0
0
0
0.05
0
0
0
0
5
0
0
0
0
0
68
72360
3638
1834
2481
1182
958
856
0.05
2
0
0
0
0
0
0
0.05
0
0
0
0
5
0
0
0
0
0
69
73380
3689
1859.5
2515.5
1198.5
971.5
868
0.05
2
0
0
0
0
0
0
0.05
0
0
0
0
5
0
0
0
0
0
70
74400
3740
1885
2550
1215
985
880
0.05
2
0
0
0
0
0
0
0.05
0
0
0
0
5
0
0
0
0
0
71
75420
3791
1910.5
2584.5
1231.5
998.5
892
0.05
2
0
0
0
0
0
0
0.05
0
0
0
0
5
0
0
0
0
0
72
76440
3842
1936
2619
1248
1012
904
0.05
2
0
0
0
0
0
0
0.05
0
0
0
0
5
0
0
0
0
0
73
77460
3893
1961.5
2653.5
1264.5
1025.5
916
0.05
2
0
0
0
0
0
0
0.05
0
0
0
0
5
0
0
0
0
0
74
78480
3944
1987
2688
1281
1039
928
0.05
2
0
0
0
0
0
0
0.05
0
0
0
0
5
0
0
0
0
0
75
121125
4632.5
2331.25
3153.75
1503.75
1221.25
1090
0.05
2
0
0
0
0
0
0
0.05
0
0
0
0
5
0
0
0
0
0
76
122700
4692
2361
3194
1523
1237
1104
0.05
2
0
0
0
0
0
0
0.05
0
0
0
0
5
0
0
0
0
0
77
124275
4751.5
2390.75
3234.25
1542.25
1252.75
1118
0.05
2
0
0
0
0
0
0
0.05
0
0
0
0
5
0
0
0
0
0
78
125850
4811
2420.5
3274.5
1561.5
1268.5
1132
0.05
2
0
0
0
0
0
0
0.05
0
0
0
0
5
0
0
0
0
0
79
127425
4870.5
2450.25
3314.75
1580.75
1284.25
1146
0.05
2
0
0
0
0
0
0
0.05
0
0
0
0
5
0
0
0
0
0
80
129000
4930
2480
3355
1600
1300
1160
0.05
2
0
0
0
0
0
0
0.05
0
0
0
0
5
0
0
0
0
0
81
130575
4989.5
2509.75
3395.25
1619.25
1315.75
1174
0.05
2
0
0
0
0
0
0
0.05
0
0
0
0
5
0
0
0
0
0
82
132150
5049
2539.5
3435.5
1638.5
1331.5
1188
0.05
2
0
0
0
0
0
0
0.05
0
0
0
0
5
0
0
0
0
0
83
133725
5108.5
2569.25
3475.75
1657.75
1347.25
1202
0.05
2
0
0
0
0
0
0
0.05
0
0
0
0
5
0
0
0
0
0
84
135300
5168
2599
3516
1677
1363
1216
0.05
2
0
0
0
0
0
0
0.05
0
0
0
0
5
0
0
0
0
0
85
136875
5227.5
2628.75
3556.25
1696.25
1378.75
1230
0.05
2
0
0
0
0
0
0
0.05
0
0
0
0
5
0
0
0
0
0
86
138450
5287
2658.5
3596.5
1715.5
1394.5
1244
0.05
2
0
0
0
0
0
0
0.05
0
0
0
0
5
0
0
0
0
0
87
140025
5346.5
2688.25
3636.75
1734.75
1410.25
1258
0.05
2
0
0
0
0
0
0
0.05
0
0
0
0
5
0
0
0
0
0
88
141600
5406
2718
3677
1754
1426
1272
0.05
2
0
0
0
0
0
0
0.05
0
0
0
0
5
0
0
0
0
0
89
143175
5465.5
2747.75
3717.25
1773.25
1441.75
1286
0.05
2
0
0
0
0
0
0
0.05
0
0
0
0
5
0
0
0
0
0
90
189300
6290
3160
4275
2040
1660
1480
0.05
2
0
0
0
0
0
0
0.05
0
0
0
0
5
0
0
0
0
0
