90
1
60000
0
0
2
108000
0
0
3
129600
0
0
4
155520
0
0
5
186624
0
0
6
223949
0
0
7
268739
0
0
8
322486
0
0
9
386984
0
0
10
464380
0
0
11
557256
0
0
12
668708
0
0
13
802449
0
0
14
962939
0
0
15
1155527
16873537
42184
16
1386632
16873537
42184
17
1663958
16873537
42184
18
1996750
16873537
42184
19
2396100
16873537
42184
20
2875320
16873537
42184
21
3450384
16873537
42184
22
4140461
16873537
42184
23
4968553
16873537
42184
24
5962264
16873537
42184
25
7154716
16873537
42184
26
8585659
16873537
42184
27
10302791
16873537
42184
28
12363350
16873537
42184
29
14836020
16873537
42184
30
16319622
25815820
64540
31
16646014
25815820
64540
32
17145394
25815820
64540
33
17831210
25815820
64540
34
18722771
25815820
64540
35
19846137
25815820
64540
36
21235367
25815820
64540
37
22934196
25815820
64540
38
24998273
25815820
64540
39
27498101
25815820
64540
40
30522892
25815820
64540
41
34185639
25815820
64540
42
38629772
25815820
64540
43
44037940
25815820
64540
44
50643631
25815820
64540
45
75965447
49842288
124606
46
77484756
49842288
124606
47
79809298
49842288
124606
48
83001670
49842288
124606
49
87151754
49842288
124606
50
92380859
49842288
124606
51
98847519
49842288
124606
52
106755321
49842288
124606
53
116363299
49842288
124606
54
127999629
49842288
124606
55
142079589
49842288
124606
56
159129139
49842288
124606
57
179815927
49842288
124606
58
204990157
49842288
124606
59
235738681
49842288
124606
60
353608021
114331235
285830
61
360680182
114331235
285830
62
371500587
114331235
285830
63
386360611
114331235
285830
64
405678641
114331235
285830
65
430019360
114331235
285830
66
460120715
114331235
285830
67
496930372
114331235
285830
68
541654106
114331235
285830
69
595819516
114331235
285830
70
661359663
114331235
285830
71
740722822
114331235
285830
72
837016789
114331235
285830
73
954199140
114331235
285830
74
1097329011
114331235
285830
75
1645993516
256242845
640607
76
1678913386
256242845
640607
77
1729280788
256242845
640607
78
1798452020
256242845
640607
79
1888374621
256242845
640607
80
2001677098
256242845
640607
81
2141794495
256242845
640607
82
2313138054
256242845
640607
83
2521320479
256242845
640607
84
2773452527
256242845
640607
85
3078532305
256242845
640607
86
3447956181
256242845
640607
87
3896190485
256242845
640607
88
4441657153
256242845
640607
89
5107905726
256242845
640607
90
7661858589
256242845
640607
