150
1
60000
0
0
0
2
108000
0
0
0
3
129600
0
0
0
4
155520
0
0
0
5
186624
0
0
0
6
223949
0
0
0
7
268739
0
0
0
8
322487
0
0
0
9
386984
0
0
0
10
464381
0
0
0
11
557257
0
0
0
12
668708
0
0
0
13
802450
0
0
0
14
962940
0
0
0
15
1155528
16873537
42184
1874
16
1386634
16873537
42184
1874
17
1663961
16873537
42184
1874
18
1996753
16873537
42184
1874
19
2396104
16873537
42184
1874
20
2875325
16873537
42184
1874
21
3450390
16873537
42184
1874
22
4140468
16873537
42184
1874
23
4968562
16873537
42184
1874
24
5962274
16873537
42184
1874
25
7154729
16873537
42184
1874
26
8585675
16873537
42184
1874
27
10302810
16873537
42184
1874
28
12363372
16873537
42184
1874
29
14836046
16873537
42184
1874
30
16319651
25815820
64540
2868
31
16646044
25815820
64540
2868
32
17145425
25815820
64540
2868
33
17831242
25815820
64540
2868
34
18722804
25815820
64540
2868
35
19846172
25815820
64540
2868
36
21235404
25815820
64540
2868
37
22934236
25815820
64540
2868
38
24998317
25815820
64540
2868
39
27498149
25815820
64540
2868
40
30522945
25815820
64540
2868
41
34185698
25815820
64540
2868
42
38629839
25815820
64540
2868
43
44038016
25815820
64540
2868
44
50643718
25815820
64540
2868
45
75965577
49842288
124606
5538
46
77484889
49842288
124606
5538
47
79809436
49842288
124606
5538
48
83001813
49842288
124606
5538
49
87151904
49842288
124606
5538
50
92381018
49842288
124606
5538
51
98847689
49842288
124606
5538
52
106755504
49842288
124606
5538
53
116363499
49842288
124606
5538
54
127999849
49842288
124606
5538
55
142079832
49842288
124606
5538
56
159129412
49842288
124606
5538
57
179816236
49842288
124606
5538
58
204990509
49842288
124606
5538
59
235739085
49842288
124606
5538
60
353608628
114331235
285830
12703
61
360680801
114331235
285830
12703
62
371501225
114331235
285830
12703
63
386361274
114331235
285830
12703
64
405679338
114331235
285830
12703
65
430020098
114331235
285830
12703
66
460121505
114331235
285830
12703
67
496931225
114331235
285830
12703
68
541655035
114331235
285830
12703
69
595820539
114331235
285830
12703
70
661360798
114331235
285830
12703
71
740724094
114331235
285830
12703
72
837018226
114331235
285830
12703
73
954200778
114331235
285830
12703
74
1097330895
114331235
285830
12703
75
2194661790
256242845
1090403
49219
76
2260501644
256242845
1090403
49219
77
2350921710
256242845
1090403
49219
78
2468467796
256242845
1090403
49219
79
2616575864
256242845
1090403
49219
80
2799736174
256242845
1090403
49219
81
3051712430
256242845
1090403
49219
82
3387400797
256242845
1090403
49219
83
3827762901
256242845
1090403
49219
84
4401927336
256242845
1090403
49219
85
5150254983
256242845
1090403
49219
86
6128803430
256242845
1090403
49219
87
7415852150
256242845
1090403
49219
88
9121498145
256242845
1090403
49219
89
11401872681
256242845
1090403
49219
90
17102809022
814572436
2036431
90508
91
17444865202
814572436
2036431
90508
92
17793762506
814572436
2036431
90508
93
18149637756
814572436
2036431
90508
94
18512630511
814572436
2036431
90508
95
18882883121
814572436
2036431
90508
96
19260540783
814572436
2036431
90508
97
19645751599
814572436
2036431
90508
98
20038666631
814572436
2036431
90508
99
20439439964
814572436
2036431
90508
100
20848228763
814572436
2036431
90508
101
22933051639
814572436
2036431
90508
102
25226356803
814572436
2036431
90508
103
27748992483
814572436
2036431
90508
104
31911341355
814572436
2036431
90508
105
36698042558
814572436
2036431
127366
106
37432003409
1146298967
2845767
127366
107
38367803494
1146298967
2845767
127366
108
39518837599
1146298967
2845767
127366
109
40901996915
1146298967
2845767
127366
110
42538076792
1146298967
2845767
127366
111
44452290248
1146298967
2845767
127366
112
46674904760
1146298967
2845767
127366
113
49242024522
1146298967
2845767
127366
114
52196545993
1146298967
2845767
127366
115
55589321483
1146298967
2845767
127366
116
59480573987
1146298967
2845767
127366
117
63941617036
1146298967
2845767
127366
118
69056946399
1146298967
2845767
127366
119
74926786843
1146298967
2845767
127366
120
93658483554
1325560207
3313900
150631
121
95658483554
1325560207
3313900
150631
122
97658483554
1325560207
3313900
150631
123
99658483554
1325560207
3313900
150631
124
101658483554
1325560207
3313900
150631
125
103658483554
1325560207
3313900
150631
126
105658483554
1325560207
3313900
150631
127
107658483554
1325560207
3313900
150631
128
109658483554
1325560207
3313900
150631
129
111658483554
1325560207
3313900
150631
130
113658483554
1325560207
3313900
150631
131
115658483554
1325560207
3313900
150631
132
117658483554
1325560207
3313900
150631
133
119658483554
1325560207
3313900
150631
134
121658483554
1325560207
3313900
150631
135
158834031120
1325560207
3313900
150631
136
162834031120
2391084782
5977712
271714
137
166834031120
2391084782
5977712
271714
138
170834031120
2391084782
5977712
271714
139
174834031120
2391084782
5977712
271714
140
178834031120
2391084782
5977712
271714
141
182834031120
2391084782
5977712
271714
142
186834031120
2391084782
5977712
271714
143
190834031120
2391084782
5977712
271714
144
194834031120
2391084782
5977712
271714
145
198834031120
2391084782
5977712
271714
146
202834031120
2391084782
5977712
271714
147
206834031120
2391084782
5977712
271714
148
210834031120
2391084782
5977712
271714
149
214834031120
2391084782
5977712
271714
150
218834031120
2391084782
5977712
271714
