1
3
287
95
100
20
25
40
50
20
50
50
45
1
0
0
0
1
1054
4
120
20
360
60
10300020
10200002
19
2
3
4
5
6
7
8
9
10
11
12
13
14
15
16
17
19
21
23
4
20
25
30
35
10200002
1
-1
6
50
100
150
200
250
300
180
10
2
1
0.2
200
100
40
60
15
5
30
10
0.3
25
1
8
3
5
3
10
3
9
5
15
3
150
120
450
3
1
-1
2
-1
3
-1
60
20
20
5
10
19
15
20
25
30
35
40
45
50
55
60
65
70
75
16
17
18
19
20
21
19
300
200
100
60
60
60
60
60
60
60
60
60
60
30
20
10
10
10
10
19
0
5
6
7
8
9
10
10
10
10
10
10
10
10
10
10
10
10
10
6
30
50
70
90
120
150
6
0
0
0
0
0
0
5
0.5
5
5
10
20
30
500
2
3
1
6
90007
90010
90006
90009
90011
90008
2
6
92006
92008
92009
92005
92007
92004
3
6
91010
91008
91011
91006
91009
91007
10
1440
20
50
30
1
6
6000
90000
10400038
10400039
6
500
1000
1500
2000
2500
3000
23000454
23000455
