1
14
1
一元初始
所有七轮达到10级，解锁额外属性
10
4
2
31
75
32
37.5
2
31
75
32
37.5
2
31
75
32
37.5
2
31
75
32
37.5
2
两仪交泰
所有七轮达到20级，解锁额外属性
20
4
2
31
75
32
37.5
2
31
75
32
37.5
2
31
75
32
37.5
2
31
75
32
37.5
3
三才映辉
所有七轮达到30级，解锁额外属性
30
4
2
31
75
32
37.5
2
31
75
32
37.5
2
31
75
32
37.5
2
31
75
32
37.5
4
四象鼎足
所有七轮达到40级，解锁额外属性
40
4
2
31
75
32
37.5
2
31
75
32
37.5
2
31
75
32
37.5
2
31
75
32
37.5
5
五行相生
所有七轮达到50级，解锁额外属性
50
4
2
31
90
32
45
2
31
90
32
45
2
31
90
32
45
2
31
90
32
45
6
六神化气
所有七轮达到60级，解锁额外属性
60
4
2
31
90
32
45
2
31
90
32
45
2
31
90
32
45
2
31
90
32
45
7
七脉易星
所有七轮达到70级，解锁额外属性
70
4
2
31
105
32
52.5
2
31
105
32
52.5
2
31
105
32
52.5
2
31
105
32
52.5
8
八卦炼虚
所有七轮达到80级，解锁额外属性
80
4
2
31
105
32
52.5
2
31
105
32
52.5
2
31
105
32
52.5
2
31
105
32
52.5
9
九九返神
所有七轮达到90级，解锁额外属性
90
4
2
31
120
32
60
2
31
120
32
60
2
31
120
32
60
2
31
120
32
60
10
羽化登仙
所有七轮达到100级，解锁额外属性
100
4
2
31
120
32
60
2
31
120
32
60
2
31
120
32
60
2
31
120
32
60
11
法天象地
所有七轮达到110级，解锁额外属性
110
4
2
31
135
32
67.5
2
31
135
32
67.5
2
31
135
32
67.5
2
31
135
32
67.5
12
天魂觉醒
所有七轮达到120级，解锁额外属性
120
4
2
31
135
32
67.5
2
31
135
32
67.5
2
31
135
32
67.5
2
31
135
32
67.5
13
大道无形
所有七轮达到130级，解锁额外属性
130
4
2
31
150
32
75
2
31
150
32
75
2
31
150
32
75
2
31
150
32
75
14
鸿蒙初辟
所有七轮达到140级，解锁额外属性
140
4
2
31
150
32
75
2
31
150
32
75
2
31
150
32
75
2
31
150
32
75
10
0
0
0
4
贪狼
sss
1
2
贪狼
sss
1
2
贪狼
sss
1
2
贪狼
sss
1
2
1
10
0
4
巨门
sss
1
2
巨门
sss
1
2
巨门
sss
1
2
巨门
sss
1
2
2
10
0
4
禄存
sss
1
2
禄存
sss
1
2
禄存
sss
1
2
禄存
sss
1
2
3
10
0
4
文曲
sss
1
2
文曲
sss
1
2
文曲
sss
1
2
文曲
sss
1
2
4
10
0
4
廉贞
sss
1
2
廉贞
sss
1
2
廉贞
sss
1
2
廉贞
sss
1
2
5
10
0
4
武曲
sss
1
2
武曲
sss
1
2
武曲
sss
1
2
武曲
sss
1
2
6
10
0
4
破军
sss
1
2
破军
sss
1
2
破军
sss
1
2
破军
sss
1
2
7
0
1
4
天乾
sss
1
2
天乾
sss
1
2
天乾
sss
1
2
天乾
sss
1
2
8
0
1
4
地坤
sss
1
2
地坤
sss
1
2
地坤
sss
1
2
地坤
sss
1
2
9
0
1
4
人极
sss
1
2
人极
sss
1
2
人极
sss
1
2
人极
sss
1
2
0.8
cfg.cmd.condition.Currency
10200001
1000000
1
cfg.cmd.condition.Currency
10200002
1000
普通突破
1
cfg.cmd.condition.Currency
10200003
100
80
19
5
5
5
5
5
5
5
10
10
10
10
10
10
10
15
15
15
15
15
4
1
0.2
2
0.3
4
0.3
8
0.2
高级突破
1
cfg.cmd.condition.Currency
10200002
50
100
1
0
4
1
0.2
2
0.3
4
0.3
8
0.2
140
5
