50
1
360
1
0.015
2
360
1
0.03
3
720
1
0.045
4
1080
1
0.06
5
1080
1
0.075
6
1080
1
0.09
7
1440
1
0.105
8
1440
1
0.12
9
1440
1
0.135
10
1440
1
0.15
11
1800
1
0.165
12
1800
1
0.18
13
1800
1
0.195
14
2160
1
0.21
15
2160
1
0.225
16
2520
1
0.24
17
2520
1
0.255
18
3240
1
0.27
19
4680
1
0.285
20
5400
1
0.3
21
5400
1
0.315
22
6480
1
0.33
23
6840
1
0.345
24
7920
1
0.36
25
7920
1
0.375
26
9000
1
0.39
27
9000
1
0.405
28
9720
1
0.42
29
10440
1
0.435
30
11520
1
0.45
31
11520
1
0.465
32
11520
1
0.48
33
14040
1
0.495
34
20520
1
0.51
35
24840
1
0.525
36
24840
1
0.54
37
29520
1
0.555
38
31320
1
0.57
39
36000
1
0.585
40
36000
1
0.6
41
39960
1
0.615
42
39960
1
0.63
43
44280
1
0.645
44
46800
1
0.66
45
51480
1
0.675
46
56160
1
0.69
47
60840
1
0.705
48
65520
1
0.72
49
70200
1
0.735
50
74880
1
0.75
