98
cfg.mall.DiamondMall
1
10400001
1
10200002
5
装备炼器时所必需的材料。
0
3
cfg.mall.DiamondMall
2
10400006
1
10200002
5
装备灌注时所必需的材料。
0
3
cfg.mall.DiamondMall
3
10400004
0
10200003
250
对炼器等级13以下的装备有效。可以提高炼器成功机率，失败时炼器等级不会下降。
1
1
1
4
cfg.mall.DiamondMall
4
10400014
0
10200002
10
使用化身可以在死亡时原地复活。
0
2
cfg.mall.DiamondMall
5
10400015
0
10200002
2
使用飞行符可以直接传送至目标地点。
0
2
cfg.mall.DiamondMall
6
10400001
0
10200003
5
装备炼器所必需的材料。
1
1
25
4
cfg.mall.DiamondMall
7
10400003
1
10200002
10
对炼器等级9以下的装备有效。可以提高炼器成功机率，失败时炼器等级不会下降。
0
3
cfg.mall.DiamondMall
11
10400010
0
10200002
10
使用聚灵锁可以在护符洗炼时锁定护符的条目。
0
3
cfg.mall.DiamondMall
12
10400013
0
10200002
10
使用仙豆可以进行伙伴洗炼。
1
1
50
1
cfg.mall.DiamondMall
13
10400022
0
10200002
100
使用天帝魂石可以进行伙伴和法宝许愿。
1
1
1
1
cfg.mall.DiamondMall
14
10400006
0
10200003
5
装备灌注时所必需的材料。
1
1
25
4
cfg.mall.DiamondMall
15
10400003
0
10200003
10
对炼器等级9以下的装备有效。可以提高炼器成功机率，失败时炼器等级不会下降。
1
1
5
4
cfg.mall.DiamondMall
16
10400022
0
10200003
100
使用天帝魂石可以进行伙伴和法宝许愿。
1
1
1
4
cfg.mall.DiamondMall
17
10400024
0
10200003
1488
可以进行法宝万里挑一10连招募。
1
1
2
4
cfg.mall.DiamondMall
18
10400023
0
10200003
2688
可以进行伙伴万里挑一10连招募。
1
1
2
4
cfg.mall.DiamondMall
19
10400013
0
10200003
10
使用仙豆可以进行伙伴洗炼。
1
1
50
4
cfg.mall.DiamondMall
20
10400010
0
10200003
20
使用聚灵锁可以在护符洗炼时锁定护符的条目。
1
1
50
4
cfg.mall.DiamondMall
21
10400012
0
10200003
20
使用五色补天石可以进行法宝炼化。
1
1
5
4
cfg.mall.DiamondMall
22
10400014
0
10200003
10
使用化身可以在死亡时原地复活。
1
1
10
4
cfg.mall.DiamondMall
23
10400015
0
10200003
2
使用飞行符可以直接传送至目标地点。
0
4
cfg.mall.DiamondMall
24
10300024
0
10200002
10
为当前激活的伙伴增加4000000经验。
0
2
cfg.mall.DiamondMall
25
10300006
0
10200002
15
为当前激活的法宝增加3000经验。
0
2
cfg.mall.DiamondMall
26
10300006
0
10200003
15
为当前激活的法宝增加3000经验。
0
4
cfg.mall.DiamondMall
27
10300024
0
10200003
10
为当前激活的伙伴增加4000000经验。
0
4
cfg.mall.DiamondMall
28
10800001
0
10200002
10
送给偶像的鲜花。
0
2
cfg.mall.DiamondMall
29
10800002
0
10200002
20
送给偶像的鲜花。
0
2
cfg.mall.DiamondMall
30
10800003
0
10200002
100
送给偶像的鲜花。
0
2
cfg.mall.DiamondMall
31
10800004
0
10200002
10
送给好友的鲜花。
0
2
cfg.mall.DiamondMall
32
10800005
0
10200002
20
送给好友的鲜花。
0
2
cfg.mall.DiamondMall
33
10800006
0
10200002
100
送给好友的鲜花。
0
2
cfg.mall.DiamondMall
34
10400012
0
10200002
10
使用五色补天石可以进行法宝炼化。
1
1
50
1
cfg.mall.FamilyMall
1011
54100009
0
10200015
200
集齐40个碎片可以兑换齐昊。
1
1
5
1
cfg.mall.FamilyMall
1010
10800001
0
10200015
100
送给偶像的鲜花。
1
1
3
1
cfg.mall.FamilyMall
1014
10400013
0
10200015
100
使用仙豆可以进行伙伴洗炼。
1
1
50
2
cfg.mall.FamilyMall
1007
54200012
0
10200015
100
集齐40个碎片可以兑换法宝赤焰剑。
1
1
10
2
cfg.mall.FamilyMall
1009
54100031
0
10200015
200
集齐40个碎片可以兑换幽姬。
1
1
5
2
cfg.mall.FamilyMall
1001
54100001
0
10200015
1000
集齐50个碎片可以兑换张小凡。
1
1
3
4
cfg.mall.FamilyMall
1012
54100014
0
10200015
200
集齐40个碎片可以兑换水月。
1
1
5
3
cfg.mall.FamilyMall
1003
10400003
0
10200015
100
对炼器等级9以下的装备有效。可以提高炼器成功机率，失败时炼器等级不会下降。
1
1
5
3
cfg.mall.FamilyMall
1015
10400011
0
10200015
100
使用培养丹可以进行玉佩培养。
1
1
100
5
cfg.mall.FamilyMall
1008
54200010
0
10200015
100
集齐40个碎片可以兑换法宝墨雪剑。
1
1
10
4
cfg.mall.FamilyMall
1002
54100004
0
10200015
1000
集齐50个碎片可以兑换碧瑶。
1
1
3
2
cfg.mall.FamilyMall
1013
10400010
0
10200015
100
使用聚灵锁可以在护符洗炼时锁定护符的条目。
1
1
3
5
cfg.mall.FamilyMall
1004
54200003
0
10200015
500
集齐50个碎片可以兑换法宝合欢铃。
1
1
10
1
cfg.mall.FamilyMall
1005
54200007
0
10200015
500
集齐50个碎片可以兑换法宝噬魂。
1
1
10
3
cfg.mall.FamilyMall
1006
54200014
0
10200015
500
集齐50个碎片可以兑换法宝伤心花。
1
1
10
4
cfg.mall.LingJingMall
2005
10400006
0
10200004
200
装备灌注时所必需的材料。
1
1
10
cfg.mall.LingJingMall
2006
10400001
0
10200004
200
装备炼器所必需的材料。
1
1
10
cfg.mall.LingJingMall
2007
10100027
0
10200004
1500
可开出任意本门派15级橙色装备一件（不含武器）。
1
1
1
cfg.mall.LingJingMall
2008
10100028
0
10200004
2000
可开出任意本门派30级橙色装备一件（不含武器）。
1
1
1
cfg.mall.LingJingMall
2009
10100029
0
10200004
2500
可开出任意本门派45级橙色装备一件（不含武器）。
1
1
1
cfg.mall.LingJingMall
2010
10100049
0
10200004
250
打开可获得30级饰品一件。
1
1
10
cfg.mall.LingJingMall
2011
10100050
0
10200004
500
打开可获得45级饰品一件。
1
1
10
cfg.mall.LingJingMall
2012
10100051
0
10200004
750
打开可获得60级饰品一件。
1
1
10
cfg.mall.LingJingMall
2013
10100052
0
10200004
1000
打开可获得75级饰品一件。
1
1
10
cfg.mall.LingJingMall
2014
10100053
0
10200004
1250
打开可获得90级饰品一件。
1
1
10
cfg.mall.LingJingMall
2001
54100019
0
10200004
2500
集齐40个碎片可以兑换田不易。
1
1
5
cfg.mall.LingJingMall
2002
54100029
0
10200004
2500
集齐40个碎片可以兑换小环。
1
1
5
cfg.mall.LingJingMall
2003
54100021
0
10200004
2500
集齐40个碎片可以兑换周一仙。
1
1
5
cfg.mall.LingJingMall
2004
54200021
0
10200004
1250
集齐40个碎片可以兑换法宝轩辕剑。
1
1
10
cfg.mall.BlackMall
3001
54100006
0
10200003
120
集齐50个碎片可以兑换小七。
1
1
3
1
0.6
cfg.mall.BlackMall
3002
54100010
0
10200003
25
集齐40个碎片可以兑换苍松。
1
1
5
1
1
cfg.mall.BlackMall
3003
54100005
0
10200003
25
集齐40个碎片可以兑换普智。
1
1
5
1
1
cfg.mall.BlackMall
3004
54100020
0
10200003
25
集齐40个碎片可以兑换萧逸才。
1
1
5
1
1
cfg.mall.BlackMall
3005
54100015
0
10200003
25
集齐40个碎片可以兑换金瓶儿。
1
1
5
1
1
cfg.mall.BlackMall
3006
54100017
0
10200003
25
集齐40个碎片可以兑换青龙。
1
1
5
1
1
cfg.mall.BlackMall
3007
54200015
0
10200003
15
集齐40个碎片可以兑换法宝山河扇。
1
1
5
1
1
cfg.mall.BlackMall
3008
54100001
0
10200002
120
集齐50个碎片可以兑换张小凡。
1
1
2
1
0.6
cfg.mall.BlackMall
3009
54100004
0
10200002
120
集齐50个碎片可以兑换碧瑶。
1
1
2
1
0.6
cfg.mall.BlackMall
3010
54100003
0
10200002
120
集齐50个碎片可以兑换林惊羽。
1
1
2
1
0.6
cfg.mall.BlackMall
3011
54100006
0
10200002
120
集齐50个碎片可以兑换小七。
1
1
2
1
0.6
cfg.mall.BlackMall
3012
54100011
0
10200002
120
集齐50个碎片可以兑换曾书书。
1
1
2
1
0.6
cfg.mall.BlackMall
3013
54200008
0
10200002
60
集齐50个碎片可以兑换法宝玄火鉴。
1
1
10
1
0.6
cfg.mall.BlackMall
3014
54200013
0
10200002
60
集齐50个碎片可以兑换法宝伏龙鼎。
1
1
10
1
0.6
cfg.mall.BlackMall
3015
54200015
0
10200002
15
集齐40个碎片可以兑换法宝山河扇。
1
1
5
1
1
cfg.mall.ArenaMall
4005
54100026
0
10200011
5000
集齐40个碎片可以兑换秦无炎。
1
1
5
1
cfg.mall.ArenaMall
4006
54100008
0
10200011
5000
集齐40个碎片可以兑换法相。
1
1
5
1
cfg.mall.ArenaMall
4007
54100018
0
10200011
5000
集齐40个碎片可以兑换苏茹。
1
1
5
1
cfg.mall.ArenaMall
4008
54200018
0
10200011
2500
集齐40个碎片可以兑换法宝嗜血珠。
1
1
10
1
cfg.mall.ArenaMall
4009
54200019
0
10200011
2500
集齐40个碎片可以兑换法宝斩相思。
1
1
10
1
cfg.mall.ArenaMall
4001
54100003
0
10200011
15000
集齐50个碎片可以兑换林惊羽。
1
1
3
1
cfg.mall.ArenaMall
4002
54100011
0
10200011
15000
集齐50个碎片可以兑换曾书书。
1
1
3
1
cfg.mall.ArenaMall
4003
54200001
0
10200011
5000
集齐50个碎片可以兑换法宝天琊剑。
1
1
10
1
cfg.mall.ArenaMall
4004
54200022
0
10200011
5000
集齐50个碎片可以兑换法宝斩龙剑。
1
1
10
1
cfg.mall.PocketShop
5001
10000001
0
10200001
300
止血药
0
1
cfg.mall.PocketShop
5003
10000002
0
10200001
600
粗制小黄丹
0
15
cfg.mall.PocketShop
5005
10000003
0
10200001
1000
精制小黄丹
0
30
cfg.mall.PocketShop
5007
10000004
0
10200001
1500
秘制小黄丹
0
45
cfg.mall.PocketShop
5009
10000005
0
10200001
2000
特级小黄丹
0
60
cfg.mall.PocketShop
5011
10000006
0
10200001
3000
完美小黄丹
0
75
cfg.mall.PocketShop
5013
10000007
0
10200001
4000
粗制大黄丹
0
90
cfg.mall.PocketShop
5002
10000008
0
10200001
300
补灵丹
0
1
cfg.mall.PocketShop
5004
10000009
0
10200001
600
粗制还神散
0
15
cfg.mall.PocketShop
5006
10000010
0
10200001
1000
精制还神散
0
30
cfg.mall.PocketShop
5008
10000011
0
10200001
1500
秘制还神散
0
45
cfg.mall.PocketShop
5010
10000012
0
10200001
2000
特级还神散
0
60
cfg.mall.PocketShop
5012
10000013
0
10200001
3000
完美还神散
0
75
cfg.mall.PocketShop
5014
10000014
0
10200001
4000
粗制归神散
0
90
