11
1
1
2
1
3
10400013
10
10400014
5
10400015
5
2
2
2
1
4
10400003
1
10400006
10
10400001
10
10400013
10
3
3
2
1
4
10800003
2
10800006
2
10400022
1
10400013
10
4
4
2
1
4
53000101
5
10300006
3
10100104
5
10400015
5
5
5
2
1
4
10400004
1
10400036
20
10400037
20
10400014
5
6
6
2
1
4
10400004
1
10400010
30
10400022
1
10200001
1000000
7
7
2
1
4
10400004
1
10100103
3
10100104
3
10100150
1
8
8
2
1
4
10400004
1
10100103
3
10100104
3
10200001
1000000
9
9
2
1
4
10400004
1
10100103
3
10100104
3
10400022
1
10
10
2
1
4
10400004
1
10200001
1000000
10400041
50
10400036
30
11
11
2
1
4
10400004
2
10400022
2
10400041
100
10400037
30
