11
1
1
2
1
3
10400013
3
10400014
1
10400015
5
2
2
2
1
2
10400013
3
10400014
1
3
3
2
1
4
10800003
1
10800006
1
10400013
3
10400014
1
4
4
2
1
4
10800003
1
10800006
1
10400013
3
10400014
1
5
5
2
1
4
10400013
3
10400001
1
10400006
1
10400014
1
6
6
2
1
4
10400013
3
10400001
1
10400006
1
10400014
1
7
7
2
1
4
10400013
3
10400001
1
10400006
1
10400014
1
8
8
2
1
4
10400013
3
10400001
1
10400006
1
10400014
1
9
9
2
1
4
10400013
3
10400001
1
10400006
1
10400014
1
10
10
2
1
4
10400013
3
10400001
1
10400006
1
10400014
1
11
11
2
1
4
10400013
3
10400001
1
10400006
1
10400014
1
