30
1
1
10200001
50000
2
2
10400001
5
3
3
54100027
5
4
4
10200003
50
5
5
54200018
5
6
1
10200001
100000
7
2
10400001
5
8
4
54100027
5
9
4
10200003
50
10
6
54200018
5
11
1
10200001
150000
12
2
10400001
5
13
5
54100027
5
14
4
10200003
50
15
7
54200018
5
16
1
10200001
200000
17
2
10400001
5
18
6
54100027
5
19
4
10200003
50
20
8
54200018
5
21
1
10200001
250000
22
2
10400001
5
23
7
54100027
5
24
4
10200003
50
25
9
54200018
5
26
1
10200001
300000
27
2
10400001
5
28
8
54100027
5
29
4
10200003
50
30
10
54200018
5
