61
22100001
54100001
1
22100002
54100002
1
22100003
54100003
1
22100004
54100004
1
22100005
54100005
1
22100006
54100006
1
22100007
54100007
1
22100008
54100008
1
22100009
54100009
1
22100010
54100010
1
22100011
54100011
1
22100014
54100014
1
22100015
54100015
1
22100016
54100016
1
22100017
54100017
1
22100018
54100018
1
22100019
54100019
1
22100020
54100020
1
22100021
54100021
1
22100022
54100022
1
22100023
54100023
1
22100024
54100024
1
22100026
54100026
1
22100027
54100027
1
22100028
54100028
1
22100029
54100029
1
22100030
54100030
1
22100031
54100031
1
22100032
54100032
1
22100033
54100033
1
22100034
54100034
1
22100035
54100035
1
22100036
54100036
1
22100037
54100037
1
22100038
54100038
1
22100039
54100039
1
22100040
54100040
1
22100041
54100041
1
53000001
54200001
1
53000002
54200002
1
53000003
54200003
1
53000004
54200004
1
53000005
54200005
1
53000006
54200006
1
53000007
54200007
1
53000008
54200008
1
53000009
54200009
1
53000010
54200010
1
53000011
54200011
1
53000012
54200012
1
53000013
54200013
1
53000014
54200014
1
53000015
54200015
1
53000016
54200016
1
53000017
54200017
1
53000018
54200018
1
53000019
54200019
1
53000020
54200020
1
53000021
54200021
1
53000022
54200022
1
53000023
54200023
1
