18
90006
90106
1
5
20
30
30
8
4
90007
90107
1
5
20
30
30
8
4
90008
90108
1
5
20
30
30
7
3
90009
90109
1
5
20
30
30
7
3
90010
90110
1
5
20
30
30
6
2
90011
90111
1
5
20
30
30
6
2
91006
91106
3
5
20
30
30
8
4
91007
91107
3
5
20
30
30
8
4
91008
91108
3
5
20
30
30
7
3
91009
91109
3
5
20
30
30
7
3
91010
91110
3
5
20
30
30
6
2
91011
91111
3
5
20
30
30
6
2
92004
92104
2
5
20
30
30
8
4
92005
92105
2
5
20
30
30
8
4
92006
92106
2
5
20
30
30
7
3
92007
92107
2
5
20
30
30
7
3
92008
92108
2
5
20
30
30
6
2
92009
92109
2
5
20
30
30
6
2
