785
51110001
1级武器绿_青云门
6
5
2
18
14
19
20
9
1
6
0.006
11
2
18
31
19
42
13
1
8
0.03
15
2
18
45
19
62
18
2
18
59
19
80
51110002
1级武器蓝_青云门
6
5
2
18
19
19
26
9
1
6
0.008
11
2
18
41
19
56
13
1
8
0.04
15
2
18
60
19
83
18
2
18
78
19
107
51110003
1级武器紫_青云门
6
5
2
18
26
19
36
9
1
6
0.011
11
2
18
56
19
77
13
1
8
0.055
15
2
18
83
19
113
18
2
18
107
19
147
51110004
1级武器橙_青云门
6
5
2
18
36
19
50
9
1
6
0.015
11
2
18
77
19
105
13
1
8
0.075
15
2
18
113
19
155
18
2
18
146
19
201
51110005
15级武器绿_青云门
6
5
2
18
37
19
51
9
1
6
0.012
11
2
18
79
19
109
13
1
8
0.045
15
2
18
116
19
160
18
2
18
151
19
208
51110006
15级武器蓝_青云门
6
5
2
18
50
19
68
9
1
6
0.016
11
2
18
105
19
145
13
1
8
0.06
15
2
18
155
19
213
18
2
18
201
19
277
51110007
15级武器紫_青云门
6
5
2
18
68
19
94
9
1
6
0.022
11
2
18
145
19
199
13
1
8
0.083
15
2
18
213
19
293
18
2
18
277
19
380
51110008
15级武器橙_青云门
6
5
2
18
93
19
128
9
1
6
0.03
11
2
18
197
19
271
13
1
8
0.113
15
2
18
290
19
399
18
2
18
377
19
519
51110009
30级武器绿_青云门
6
5
2
18
38
19
53
9
1
6
0.012
11
2
18
82
19
112
13
1
8
0.045
15
2
18
120
19
165
18
2
18
156
19
215
51110010
30级武器蓝_青云门
6
5
2
18
51
19
71
9
1
6
0.016
11
2
18
109
19
150
13
1
8
0.06
15
2
18
160
19
221
18
2
18
209
19
287
51110011
30级武器紫_青云门
6
5
2
18
71
19
97
9
1
6
0.022
11
2
18
150
19
206
13
1
8
0.083
15
2
18
221
19
303
18
2
18
287
19
394
51110012
30级武器橙_青云门
6
5
2
18
96
19
132
9
1
6
0.03
11
2
18
205
19
281
13
1
8
0.113
15
2
18
301
19
414
18
2
18
391
19
538
51110013
45级武器绿_青云门
6
5
2
18
60
19
82
9
1
6
0.018
11
2
18
127
19
175
13
1
8
0.06
15
2
18
187
19
257
18
2
18
243
19
335
51110014
45级武器蓝_青云门
6
5
2
18
80
19
110
9
1
6
0.024
11
2
18
170
19
233
13
1
8
0.08
15
2
18
250
19
343
18
2
18
325
19
446
51110015
45级武器紫_青云门
6
5
2
18
110
19
151
9
1
6
0.033
11
2
18
233
19
321
13
1
8
0.11
15
2
18
343
19
472
18
2
18
446
19
614
51110016
45级武器橙_青云门
6
5
2
18
150
19
206
9
1
6
0.045
11
2
18
318
19
438
13
1
8
0.15
15
2
18
468
19
644
18
2
18
609
19
837
51110017
60级武器绿_青云门
6
5
2
18
62
19
86
9
1
6
0.018
11
2
18
132
19
182
13
1
8
0.075
15
2
18
195
19
268
18
2
18
253
19
348
51110018
60级武器蓝_青云门
6
5
2
18
83
19
114
9
1
6
0.024
11
2
18
177
19
243
13
1
8
0.1
15
2
18
260
19
357
18
2
18
337
19
464
51110019
60级武器紫_青云门
6
5
2
18
114
19
157
9
1
6
0.033
11
2
18
243
19
334
13
1
8
0.138
15
2
18
357
19
491
18
2
18
464
19
638
51110020
60级武器橙_青云门
6
5
2
18
156
19
214
9
1
6
0.045
11
2
18
331
19
455
13
1
8
0.188
15
2
18
487
19
669
18
2
18
633
19
870
51110021
60级武器红_青云门
6
5
2
18
208
19
286
9
1
6
0.06
11
2
18
441
19
607
13
1
8
0.25
15
2
18
649
19
892
18
2
18
844
19
1160
51110022
75级武器绿_青云门
6
5
2
18
91
19
125
9
1
6
0.024
11
2
18
193
19
266
13
1
8
0.09
15
2
18
284
19
391
18
2
18
370
19
508
51110023
75级武器蓝_青云门
6
5
2
18
121
19
167
9
1
6
0.032
11
2
18
258
19
355
13
1
8
0.12
15
2
18
379
19
521
18
2
18
493
19
678
51110024
75级武器紫_青云门
6
5
2
18
167
19
229
9
1
6
0.044
11
2
18
355
19
488
13
1
8
0.165
15
2
18
521
19
717
18
2
18
678
19
932
51110025
75级武器橙_青云门
6
5
2
18
228
19
313
9
1
6
0.06
11
2
18
484
19
665
13
1
8
0.225
15
2
18
711
19
978
18
2
18
924
19
1271
51110026
75级武器红_青云门
6
5
2
18
303
19
417
9
1
6
0.08
11
2
18
645
19
886
13
1
8
0.3
15
2
18
948
19
1304
18
2
18
1233
19
1695
51110027
90级武器绿_青云门
6
5
2
18
117
19
161
9
1
6
0.024
11
2
18
249
19
342
13
1
8
0.105
15
2
18
366
19
503
18
2
18
476
19
654
51110028
90级武器蓝_青云门
6
5
2
18
156
19
215
9
1
6
0.032
11
2
18
332
19
456
13
1
8
0.14
15
2
18
488
19
671
18
2
18
634
19
872
51110029
90级武器紫_青云门
6
5
2
18
215
19
295
9
1
6
0.044
11
2
18
456
19
627
13
1
8
0.193
15
2
18
671
19
922
18
2
18
872
19
1199
51110030
90级武器橙_青云门
6
5
2
18
293
19
402
9
1
6
0.06
11
2
18
622
19
855
13
1
8
0.263
15
2
18
915
19
1258
18
2
18
1189
19
1635
51110031
90级武器红_青云门
6
5
2
18
390
19
537
9
1
6
0.08
11
2
18
829
19
1140
13
1
8
0.35
15
2
18
1220
19
1677
18
2
18
1585
19
2180
51110032
105级武器绿_青云门
6
5
2
18
151
19
208
9
1
6
0.027
11
2
18
321
19
442
13
1
8
0.12
15
2
18
473
19
650
18
2
18
615
19
845
51110033
105级武器蓝_青云门
6
5
2
18
202
19
277
9
1
6
0.036
11
2
18
429
19
589
13
1
8
0.16
15
2
18
630
19
867
18
2
18
819
19
1127
51110034
105级武器紫_青云门
6
5
2
18
277
19
381
9
1
6
0.05
11
2
18
589
19
810
13
1
8
0.22
15
2
18
867
19
1192
18
2
18
1127
19
1549
51110035
105级武器橙_青云门
6
5
2
18
378
19
520
9
1
6
0.068
11
2
18
804
19
1105
13
1
8
0.3
15
2
18
1182
19
1625
18
2
18
1536
19
2113
51110036
105级武器红_青云门
6
5
2
18
504
19
693
9
1
6
0.09
11
2
18
1072
19
1473
13
1
8
0.4
15
2
18
1576
19
2167
18
2
18
2049
19
2817
51110037
120级武器绿_青云门
6
5
2
18
195
19
268
9
1
6
0.027
11
2
18
414
19
569
13
1
8
0.135
15
2
18
608
19
836
18
2
18
791
19
1087
51110038
120级武器蓝_青云门
6
5
2
18
260
19
357
9
1
6
0.036
11
2
18
551
19
758
13
1
8
0.18
15
2
18
811
19
1115
18
2
18
1054
19
1450
51110039
120级武器紫_青云门
6
5
2
18
357
19
491
9
1
6
0.05
11
2
18
758
19
1043
13
1
8
0.248
15
2
18
1115
19
1533
18
2
18
1450
19
1993
51110040
120级武器橙_青云门
6
5
2
18
487
19
669
9
1
6
0.068
11
2
18
1034
19
1422
13
1
8
0.338
15
2
18
1521
19
2091
18
2
18
1977
19
2718
51110041
120级武器红_青云门
6
5
2
18
649
19
892
9
1
6
0.09
11
2
18
1379
19
1896
13
1
8
0.45
15
2
18
2027
19
2788
18
2
18
2636
19
3624
51110042
135级武器绿_青云门
6
5
2
18
242
19
333
9
1
6
0.027
11
2
18
515
19
708
13
1
8
0.135
15
2
18
758
19
1042
18
2
18
985
19
1354
51110043
135级武器蓝_青云门
6
5
2
18
323
19
444
9
1
6
0.036
11
2
18
687
19
944
13
1
8
0.18
15
2
18
1010
19
1389
18
2
18
1313
19
1805
51110044
135级武器紫_青云门
6
5
2
18
444
19
611
9
1
6
0.05
11
2
18
944
19
1298
13
1
8
0.248
15
2
18
1389
19
1910
18
2
18
1805
19
2482
51110045
135级武器橙_青云门
6
5
2
18
606
19
833
9
1
6
0.068
11
2
18
1288
19
1771
13
1
8
0.338
15
2
18
1894
19
2604
18
2
18
2462
19
3385
51110046
135级武器红_青云门
6
5
2
18
808
19
1111
9
1
6
0.09
11
2
18
1717
19
2361
13
1
8
0.45
15
2
18
2525
19
3472
18
2
18
3283
19
4513
51210001
1级衣服绿_青云门
6
5
1
20
24
9
1
7
0.012
11
1
20
50
13
1
9
0.015
15
1
20
74
18
1
20
74
51210002
1级衣服蓝_青云门
6
5
1
20
32
9
1
7
0.016
11
1
20
67
13
1
9
0.02
15
1
20
99
18
1
20
99
51210003
1级衣服紫_青云门
6
5
1
20
44
9
1
7
0.022
11
1
20
93
13
1
9
0.028
15
1
20
136
18
1
20
136
51210004
1级衣服橙_青云门
6
5
1
20
59
9
1
7
0.03
11
1
20
126
13
1
9
0.038
15
1
20
186
18
1
20
186
51210005
15级衣服绿_青云门
6
5
1
20
28
9
1
7
0.024
11
1
20
59
13
1
9
0.021
15
1
20
87
18
1
20
87
51210006
15级衣服蓝_青云门
6
5
1
20
37
9
1
7
0.032
11
1
20
79
13
1
9
0.028
15
1
20
116
18
1
20
116
51210007
15级衣服紫_青云门
6
5
1
20
51
9
1
7
0.044
11
1
20
109
13
1
9
0.039
15
1
20
160
18
1
20
160
51210008
15级衣服橙_青云门
6
5
1
20
70
9
1
7
0.06
11
1
20
148
13
1
9
0.053
15
1
20
218
18
1
20
218
51210009
30级衣服绿_青云门
6
5
1
20
29
9
1
7
0.024
11
1
20
61
13
1
9
0.021
15
1
20
90
18
1
20
90
51210010
30级衣服蓝_青云门
6
5
1
20
38
9
1
7
0.032
11
1
20
82
13
1
9
0.028
15
1
20
120
18
1
20
120
51210011
30级衣服紫_青云门
6
5
1
20
53
9
1
7
0.044
11
1
20
112
13
1
9
0.039
15
1
20
165
18
1
20
165
51210012
30级衣服橙_青云门
6
5
1
20
72
9
1
7
0.06
11
1
20
153
13
1
9
0.053
15
1
20
226
18
1
20
226
51210013
45级衣服绿_青云门
6
5
1
20
45
9
1
7
0.036
11
1
20
96
13
1
9
0.03
15
1
20
140
18
1
20
140
51210014
45级衣服蓝_青云门
6
5
1
20
60
9
1
7
0.048
11
1
20
127
13
1
9
0.04
15
1
20
187
18
1
20
187
51210015
45级衣服紫_青云门
6
5
1
20
82
9
1
7
0.066
11
1
20
175
13
1
9
0.055
15
1
20
257
18
1
20
257
51210016
45级衣服橙_青云门
6
5
1
20
112
9
1
7
0.09
11
1
20
239
13
1
9
0.075
15
1
20
351
18
1
20
351
51210017
60级衣服绿_青云门
6
5
1
20
47
9
1
7
0.036
11
1
20
99
13
1
9
0.045
15
1
20
146
18
1
20
146
51210018
60级衣服蓝_青云门
6
5
1
20
62
9
1
7
0.048
11
1
20
132
13
1
9
0.06
15
1
20
195
18
1
20
195
51210019
60级衣服紫_青云门
6
5
1
20
86
9
1
7
0.066
11
1
20
182
13
1
9
0.083
15
1
20
268
18
1
20
268
51210020
60级衣服橙_青云门
6
5
1
20
117
9
1
7
0.09
11
1
20
248
13
1
9
0.113
15
1
20
365
18
1
20
365
51210021
60级衣服红_青云门
6
5
1
20
156
9
1
7
0.12
11
1
20
331
13
1
9
0.15
15
1
20
487
18
1
20
487
51210022
75级衣服绿_青云门
6
5
1
20
68
9
1
7
0.048
11
1
20
145
13
1
9
0.06
15
1
20
213
18
1
20
213
51210023
75级衣服蓝_青云门
6
5
1
20
91
9
1
7
0.064
11
1
20
193
13
1
9
0.08
15
1
20
284
18
1
20
284
51210024
75级衣服紫_青云门
6
5
1
20
125
9
1
7
0.088
11
1
20
266
13
1
9
0.11
15
1
20
391
18
1
20
391
51210025
75级衣服橙_青云门
6
5
1
20
171
9
1
7
0.12
11
1
20
363
13
1
9
0.15
15
1
20
533
18
1
20
533
51210026
75级衣服红_青云门
6
5
1
20
228
9
1
7
0.16
11
1
20
484
13
1
9
0.2
15
1
20
711
18
1
20
711
51210027
90级衣服绿_青云门
6
5
1
20
88
9
1
7
0.048
11
1
20
187
13
1
9
0.06
15
1
20
274
18
1
20
274
51210028
90级衣服蓝_青云门
6
5
1
20
117
9
1
7
0.064
11
1
20
249
13
1
9
0.08
15
1
20
366
18
1
20
366
51210029
90级衣服紫_青云门
6
5
1
20
161
9
1
7
0.088
11
1
20
342
13
1
9
0.11
15
1
20
503
18
1
20
503
51210030
90级衣服橙_青云门
6
5
1
20
220
9
1
7
0.12
11
1
20
466
13
1
9
0.15
15
1
20
686
18
1
20
686
51210031
90级衣服红_青云门
6
5
1
20
293
9
1
7
0.16
11
1
20
622
13
1
9
0.2
15
1
20
915
18
1
20
915
51210032
105级衣服绿_青云门
6
5
1
20
113
9
1
7
0.054
11
1
20
241
13
1
9
0.075
15
1
20
355
18
1
20
355
51210033
105级衣服蓝_青云门
6
5
1
20
151
9
1
7
0.072
11
1
20
321
13
1
9
0.1
15
1
20
473
18
1
20
473
51210034
105级衣服紫_青云门
6
5
1
20
208
9
1
7
0.099
11
1
20
442
13
1
9
0.138
15
1
20
650
18
1
20
650
51210035
105级衣服橙_青云门
6
5
1
20
284
9
1
7
0.135
11
1
20
603
13
1
9
0.188
15
1
20
886
18
1
20
886
51210036
105级衣服红_青云门
6
5
1
20
378
9
1
7
0.18
11
1
20
804
13
1
9
0.25
15
1
20
1182
18
1
20
1182
51210037
120级衣服绿_青云门
6
5
1
20
146
9
1
7
0.054
11
1
20
310
13
1
9
0.075
15
1
20
456
18
1
20
456
51210038
120级衣服蓝_青云门
6
5
1
20
195
9
1
7
0.072
11
1
20
414
13
1
9
0.1
15
1
20
608
18
1
20
608
51210039
120级衣服紫_青云门
6
5
1
20
268
9
1
7
0.099
11
1
20
569
13
1
9
0.138
15
1
20
836
18
1
20
836
51210040
120级衣服橙_青云门
6
5
1
20
365
9
1
7
0.135
11
1
20
775
13
1
9
0.188
15
1
20
1140
18
1
20
1140
51210041
120级衣服红_青云门
6
5
1
20
487
9
1
7
0.18
11
1
20
1034
13
1
9
0.25
15
1
20
1521
18
1
20
1521
51210042
135级衣服绿_青云门
6
5
1
20
182
9
1
7
0.054
11
1
20
386
13
1
9
0.075
15
1
20
568
18
1
20
568
51210043
135级衣服蓝_青云门
6
5
1
20
242
9
1
7
0.072
11
1
20
515
13
1
9
0.1
15
1
20
758
18
1
20
758
51210044
135级衣服紫_青云门
6
5
1
20
333
9
1
7
0.099
11
1
20
708
13
1
9
0.138
15
1
20
1042
18
1
20
1042
51210045
135级衣服橙_青云门
6
5
1
20
455
9
1
7
0.135
11
1
20
966
13
1
9
0.188
15
1
20
1420
18
1
20
1420
51210046
135级衣服红_青云门
6
5
1
20
606
9
1
7
0.18
11
1
20
1288
13
1
9
0.25
15
1
20
1894
18
1
20
1894
51310001
1级帽子绿_青云门
6
5
1
22
10
9
1
22
15
11
1
22
20
13
1
22
25
15
1
22
30
18
1
22
30
51310002
1级帽子蓝_青云门
6
5
1
22
13
9
1
22
20
11
1
22
27
13
1
22
34
15
1
22
40
18
1
22
40
51310003
1级帽子紫_青云门
6
5
1
22
18
9
1
22
28
11
1
22
37
13
1
22
46
15
1
22
55
18
1
22
55
51310004
1级帽子橙_青云门
6
5
1
22
25
9
1
22
38
11
1
22
50
13
1
22
63
15
1
22
76
18
1
22
76
51310005
15级帽子绿_青云门
6
5
1
22
20
9
1
22
30
11
1
22
41
13
1
22
51
15
1
22
61
18
1
22
61
51310006
15级帽子蓝_青云门
6
5
1
22
27
9
1
22
41
11
1
22
54
13
1
22
68
15
1
22
81
18
1
22
81
51310007
15级帽子紫_青云门
6
5
1
22
37
9
1
22
56
11
1
22
74
13
1
22
93
15
1
22
112
18
1
22
112
51310008
15级帽子橙_青云门
6
5
1
22
51
9
1
22
76
11
1
22
101
13
1
22
127
15
1
22
152
18
1
22
152
51310009
30级帽子绿_青云门
6
5
1
22
30
9
1
22
45
11
1
22
60
13
1
22
75
15
1
22
89
18
1
22
89
51310010
30级帽子蓝_青云门
6
5
1
22
40
9
1
22
60
11
1
22
80
13
1
22
99
15
1
22
119
18
1
22
119
51310011
30级帽子紫_青云门
6
5
1
22
55
9
1
22
82
11
1
22
109
13
1
22
137
15
1
22
164
18
1
22
164
51310012
30级帽子橙_青云门
6
5
1
22
75
9
1
22
112
11
1
22
149
13
1
22
186
15
1
22
224
18
1
22
224
51310013
45级帽子绿_青云门
6
5
1
22
38
9
1
22
57
11
1
22
76
13
1
22
95
15
1
22
114
18
1
22
114
51310014
45级帽子蓝_青云门
6
5
1
22
51
9
1
22
76
11
1
22
102
13
1
22
127
15
1
22
152
18
1
22
152
51310015
45级帽子紫_青云门
6
5
1
22
70
9
1
22
105
11
1
22
140
13
1
22
175
15
1
22
210
18
1
22
210
51310016
45级帽子橙_青云门
6
5
1
22
95
9
1
22
143
11
1
22
191
13
1
22
238
15
1
22
286
18
1
22
286
51310017
60级帽子绿_青云门
6
5
1
22
43
9
1
22
64
11
1
22
86
13
1
22
107
15
1
22
129
18
1
22
129
51310018
60级帽子蓝_青云门
6
5
1
22
57
9
1
22
86
11
1
22
114
13
1
22
143
15
1
22
172
18
1
22
172
51310019
60级帽子紫_青云门
6
5
1
22
79
9
1
22
118
11
1
22
157
13
1
22
197
15
1
22
236
18
1
22
236
51310020
60级帽子橙_青云门
6
5
1
22
107
9
1
22
161
11
1
22
215
13
1
22
268
15
1
22
322
18
1
22
322
51310021
60级帽子红_青云门
6
5
1
22
143
9
1
22
215
11
1
22
286
13
1
22
358
15
1
22
429
18
1
22
429
51310022
75级帽子绿_青云门
6
5
1
22
69
9
1
22
103
11
1
22
137
13
1
22
172
15
1
22
206
18
1
22
206
51310023
75级帽子蓝_青云门
6
5
1
22
92
9
1
22
137
11
1
22
183
13
1
22
229
15
1
22
275
18
1
22
275
51310024
75级帽子紫_青云门
6
5
1
22
126
9
1
22
189
11
1
22
252
13
1
22
315
15
1
22
378
18
1
22
378
51310025
75级帽子橙_青云门
6
5
1
22
172
9
1
22
258
11
1
22
343
13
1
22
429
15
1
22
515
18
1
22
515
51310026
75级帽子红_青云门
6
5
1
22
229
9
1
22
343
11
1
22
458
13
1
22
572
15
1
22
687
18
1
22
687
51310027
90级帽子绿_青云门
6
5
1
22
96
9
1
22
144
11
1
22
192
13
1
22
240
15
1
22
288
18
1
22
288
51310028
90级帽子蓝_青云门
6
5
1
22
128
9
1
22
192
11
1
22
256
13
1
22
320
15
1
22
384
18
1
22
384
51310029
90级帽子紫_青云门
6
5
1
22
176
9
1
22
264
11
1
22
352
13
1
22
440
15
1
22
528
18
1
22
528
51310030
90级帽子橙_青云门
6
5
1
22
240
9
1
22
360
11
1
22
480
13
1
22
600
15
1
22
720
18
1
22
720
51310031
90级帽子红_青云门
6
5
1
22
320
9
1
22
480
11
1
22
640
13
1
22
800
15
1
22
960
18
1
22
960
51310032
105级帽子绿_青云门
6
5
1
22
124
9
1
22
186
11
1
22
248
13
1
22
310
15
1
22
372
18
1
22
372
51310033
105级帽子蓝_青云门
6
5
1
22
165
9
1
22
248
11
1
22
331
13
1
22
414
15
1
22
496
18
1
22
496
51310034
105级帽子紫_青云门
6
5
1
22
228
9
1
22
341
11
1
22
455
13
1
22
569
15
1
22
683
18
1
22
683
51310035
105级帽子橙_青云门
6
5
1
22
310
9
1
22
465
11
1
22
620
13
1
22
776
15
1
22
931
18
1
22
931
51310036
105级帽子红_青云门
6
5
1
22
414
9
1
22
620
11
1
22
827
13
1
22
1034
15
1
22
1241
18
1
22
1241
51310037
120级帽子绿_青云门
6
5
1
22
160
9
1
22
239
11
1
22
319
13
1
22
399
15
1
22
479
18
1
22
479
51310038
120级帽子蓝_青云门
6
5
1
22
213
9
1
22
319
11
1
22
426
13
1
22
532
15
1
22
639
18
1
22
639
51310039
120级帽子紫_青云门
6
5
1
22
293
9
1
22
439
11
1
22
585
13
1
22
732
15
1
22
878
18
1
22
878
51310040
120级帽子橙_青云门
6
5
1
22
399
9
1
22
599
11
1
22
798
13
1
22
998
15
1
22
1197
18
1
22
1197
51310041
120级帽子红_青云门
6
5
1
22
532
9
1
22
798
11
1
22
1064
13
1
22
1330
15
1
22
1597
18
1
22
1597
51310042
135级帽子绿_青云门
6
5
1
22
199
9
1
22
298
11
1
22
398
13
1
22
497
15
1
22
597
18
1
22
597
51310043
135级帽子蓝_青云门
6
5
1
22
265
9
1
22
398
11
1
22
530
13
1
22
663
15
1
22
795
18
1
22
795
51310044
135级帽子紫_青云门
6
5
1
22
365
9
1
22
547
11
1
22
729
13
1
22
911
15
1
22
1094
18
1
22
1094
51310045
135级帽子橙_青云门
6
5
1
22
497
9
1
22
746
11
1
22
994
13
1
22
1243
15
1
22
1491
18
1
22
1491
51310046
135级帽子红_青云门
6
5
1
22
663
9
1
22
994
11
1
22
1326
13
1
22
1657
15
1
22
1988
18
1
22
1988
51410001
1级鞋子绿_青云门
6
5
1
23
10
9
1
23
14
11
1
23
19.2
13
1
23
24
15
1
23
28.8
18
1
23
28.8
51410002
1级鞋子蓝_青云门
6
5
1
23
13
9
1
23
19
11
1
23
25.6
13
1
23
32
15
1
23
38.4
18
1
23
38.4
51410003
1级鞋子紫_青云门
6
5
1
23
18
9
1
23
26
11
1
23
35.2
13
1
23
44
15
1
23
52.8
18
1
23
52.8
51410004
1级鞋子橙_青云门
6
5
1
23
24
9
1
23
36
11
1
23
48
13
1
23
60
15
1
23
72
18
1
23
72
51410005
15级鞋子绿_青云门
6
5
1
23
19
9
1
23
29
11
1
23
38.64
13
1
23
48.3
15
1
23
57.96
18
1
23
57.96
51410006
15级鞋子蓝_青云门
6
5
1
23
26
9
1
23
39
11
1
23
51.52
13
1
23
64.4
15
1
23
77.28
18
1
23
77.28
51410007
15级鞋子紫_青云门
6
5
1
23
35
9
1
23
53
11
1
23
70.84
13
1
23
88.55
15
1
23
106.26
18
1
23
106.26
51410008
15级鞋子橙_青云门
6
5
1
23
48
9
1
23
72
11
1
23
96.6
13
1
23
120.75
15
1
23
144.9
18
1
23
144.9
51410009
30级鞋子绿_青云门
6
5
1
23
28
9
1
23
43
11
1
23
56.81
13
1
23
71.01
15
1
23
85.21
18
1
23
85.21
51410010
30级鞋子蓝_青云门
6
5
1
23
38
9
1
23
57
11
1
23
75.74
13
1
23
94.68
15
1
23
113.62
18
1
23
113.62
51410011
30级鞋子紫_青云门
6
5
1
23
52
9
1
23
78
11
1
23
104.15
13
1
23
130.19
15
1
23
156.22
18
1
23
156.22
51410012
30级鞋子橙_青云门
6
5
1
23
71
9
1
23
107
11
1
23
142.02
13
1
23
177.53
15
1
23
213.03
18
1
23
213.03
51410013
45级鞋子绿_青云门
6
5
1
23
36
9
1
23
54
11
1
23
72.62
13
1
23
90.77
15
1
23
108.92
18
1
23
108.92
51410014
45级鞋子蓝_青云门
6
5
1
23
48
9
1
23
73
11
1
23
96.82
13
1
23
121.03
15
1
23
145.23
18
1
23
145.23
51410015
45级鞋子紫_青云门
6
5
1
23
67
9
1
23
100
11
1
23
133.13
13
1
23
166.41
15
1
23
199.69
18
1
23
199.69
51410016
45级鞋子橙_青云门
6
5
1
23
91
9
1
23
136
11
1
23
181.54
13
1
23
226.92
15
1
23
272.31
18
1
23
272.31
51410017
60级鞋子绿_青云门
6
5
1
23
41
9
1
23
61
11
1
23
81.77
13
1
23
102.22
15
1
23
122.66
18
1
23
122.66
51410018
60级鞋子蓝_青云门
6
5
1
23
55
9
1
23
82
11
1
23
109.03
13
1
23
136.29
15
1
23
163.55
18
1
23
163.55
51410019
60级鞋子紫_青云门
6
5
1
23
75
9
1
23
112
11
1
23
149.92
13
1
23
187.4
15
1
23
224.88
18
1
23
224.88
51410020
60级鞋子橙_青云门
6
5
1
23
102
9
1
23
153
11
1
23
204.44
13
1
23
255.54
15
1
23
306.65
18
1
23
306.65
51410021
60级鞋子红_青云门
6
5
1
23
136
9
1
23
204
11
1
23
272.58
13
1
23
340.73
15
1
23
408.87
18
1
23
408.87
51410022
75级鞋子绿_青云门
6
5
1
23
65
9
1
23
98
11
1
23
130.84
13
1
23
163.55
15
1
23
196.26
18
1
23
196.26
51410023
75级鞋子蓝_青云门
6
5
1
23
87
9
1
23
131
11
1
23
174.45
13
1
23
218.06
15
1
23
261.67
18
1
23
261.67
51410024
75级鞋子紫_青云门
6
5
1
23
120
9
1
23
180
11
1
23
239.87
13
1
23
299.84
15
1
23
359.8
18
1
23
359.8
51410025
75级鞋子橙_青云门
6
5
1
23
164
9
1
23
245
11
1
23
327.09
13
1
23
408.87
15
1
23
490.64
18
1
23
490.64
51410026
75级鞋子红_青云门
6
5
1
23
218
9
1
23
327
11
1
23
436.12
13
1
23
545.15
15
1
23
654.19
18
1
23
654.19
51410027
90级鞋子绿_青云门
6
5
1
23
91
9
1
23
137
11
1
23
182.94
13
1
23
228.67
15
1
23
274.41
18
1
23
274.41
51410028
90级鞋子蓝_青云门
6
5
1
23
122
9
1
23
183
11
1
23
243.92
13
1
23
304.9
15
1
23
365.88
18
1
23
365.88
51410029
90级鞋子紫_青云门
6
5
1
23
168
9
1
23
252
11
1
23
335.39
13
1
23
419.23
15
1
23
503.08
18
1
23
503.08
51410030
90级鞋子橙_青云门
6
5
1
23
229
9
1
23
343
11
1
23
457.34
13
1
23
571.68
15
1
23
686.02
18
1
23
686.02
51410031
90级鞋子红_青云门
6
5
1
23
305
9
1
23
457
11
1
23
609.79
13
1
23
762.24
15
1
23
914.69
18
1
23
914.69
51410032
105级鞋子绿_青云门
6
5
1
23
118
9
1
23
177
11
1
23
236.37
13
1
23
295.46
15
1
23
354.55
18
1
23
354.55
51410033
105级鞋子蓝_青云门
6
5
1
23
158
9
1
23
236
11
1
23
315.15
13
1
23
393.94
15
1
23
472.73
18
1
23
472.73
51410034
105级鞋子紫_青云门
6
5
1
23
217
9
1
23
325
11
1
23
433.34
13
1
23
541.67
15
1
23
650
18
1
23
650
51410035
105级鞋子橙_青云门
6
5
1
23
295
9
1
23
443
11
1
23
590.91
13
1
23
738.64
15
1
23
886.37
18
1
23
886.37
51410036
105级鞋子红_青云门
6
5
1
23
394
9
1
23
591
11
1
23
787.88
13
1
23
984.86
15
1
23
1181.83
18
1
23
1181.83
51410037
120级鞋子绿_青云门
6
5
1
23
152
9
1
23
228
11
1
23
304.11
13
1
23
380.14
15
1
23
456.17
18
1
23
456.17
51410038
120级鞋子蓝_青云门
6
5
1
23
203
9
1
23
304
11
1
23
405.48
13
1
23
506.85
15
1
23
608.22
18
1
23
608.22
51410039
120级鞋子紫_青云门
6
5
1
23
279
9
1
23
418
11
1
23
557.54
13
1
23
696.92
15
1
23
836.31
18
1
23
836.31
51410040
120级鞋子橙_青云门
6
5
1
23
380
9
1
23
570
11
1
23
760.28
13
1
23
950.35
15
1
23
1140.42
18
1
23
1140.42
51410041
120级鞋子红_青云门
6
5
1
23
507
9
1
23
760
11
1
23
1013.7
13
1
23
1267.13
15
1
23
1520.56
18
1
23
1520.56
51410042
135级鞋子绿_青云门
6
5
1
23
189
9
1
23
284
11
1
23
378.75
13
1
23
473.44
15
1
23
568.13
18
1
23
568.13
51410043
135级鞋子蓝_青云门
6
5
1
23
253
9
1
23
379
11
1
23
505
13
1
23
631.25
15
1
23
757.5
18
1
23
757.5
51410044
135级鞋子紫_青云门
6
5
1
23
347
9
1
23
521
11
1
23
694.38
13
1
23
867.97
15
1
23
1041.56
18
1
23
1041.56
51410045
135级鞋子橙_青云门
6
5
1
23
473
9
1
23
710
11
1
23
946.88
13
1
23
1183.59
15
1
23
1420.31
18
1
23
1420.31
51410046
135级鞋子红_青云门
6
5
1
23
631
9
1
23
947
11
1
23
1262.5
13
1
23
1578.13
15
1
23
1893.75
18
1
23
1893.75
51120001
1级武器绿_天音寺
6
5
2
18
14
19
19
9
1
6
0.006
11
2
18
30
19
40
13
1
8
0.03
15
2
18
44
19
59
18
2
18
57
19
77
51120002
1级武器蓝_天音寺
6
5
2
18
19
19
25
9
1
6
0.008
11
2
18
40
19
54
13
1
8
0.04
15
2
18
59
19
79
18
2
18
76
19
102
51120003
1级武器紫_天音寺
6
5
2
18
26
19
35
9
1
6
0.011
11
2
18
55
19
74
13
1
8
0.055
15
2
18
80
19
108
18
2
18
105
19
141
51120004
1级武器橙_天音寺
6
5
2
18
35
19
47
9
1
6
0.015
11
2
18
75
19
100
13
1
8
0.075
15
2
18
110
19
148
18
2
18
143
19
192
51120005
15级武器绿_天音寺
6
5
2
18
36
19
49
9
1
6
0.012
11
2
18
77
19
104
13
1
8
0.045
15
2
18
113
19
152
18
2
18
147
19
198
51120006
15级武器蓝_天音寺
6
5
2
18
48
19
65
9
1
6
0.016
11
2
18
103
19
138
13
1
8
0.06
15
2
18
151
19
203
18
2
18
196
19
264
51120007
15级武器紫_天音寺
6
5
2
18
66
19
89
9
1
6
0.022
11
2
18
141
19
190
13
1
8
0.083
15
2
18
208
19
279
18
2
18
270
19
363
51120008
15级武器橙_天音寺
6
5
2
18
91
19
122
9
1
6
0.03
11
2
18
192
19
259
13
1
8
0.113
15
2
18
283
19
381
18
2
18
368
19
495
51120009
30级武器绿_天音寺
6
5
2
18
38
19
51
9
1
6
0.012
11
2
18
80
19
107
13
1
8
0.045
15
2
18
117
19
158
18
2
18
152
19
205
51120010
30级武器蓝_天音寺
6
5
2
18
50
19
67
9
1
6
0.016
11
2
18
106
19
143
13
1
8
0.06
15
2
18
156
19
211
18
2
18
203
19
274
51120011
30级武器紫_天音寺
6
5
2
18
69
19
93
9
1
6
0.022
11
2
18
146
19
197
13
1
8
0.083
15
2
18
215
19
289
18
2
18
280
19
376
51120012
30级武器橙_天音寺
6
5
2
18
94
19
126
9
1
6
0.03
11
2
18
199
19
268
13
1
8
0.113
15
2
18
293
19
395
18
2
18
381
19
513
51120013
45级武器绿_天音寺
6
5
2
18
58
19
79
9
1
6
0.018
11
2
18
124
19
167
13
1
8
0.06
15
2
18
183
19
246
18
2
18
237
19
320
51120014
45级武器蓝_天音寺
6
5
2
18
78
19
105
9
1
6
0.024
11
2
18
166
19
223
13
1
8
0.08
15
2
18
243
19
328
18
2
18
316
19
426
51120015
45级武器紫_天音寺
6
5
2
18
107
19
144
9
1
6
0.033
11
2
18
228
19
306
13
1
8
0.11
15
2
18
335
19
451
18
2
18
435
19
586
51120016
45级武器橙_天音寺
6
5
2
18
146
19
197
9
1
6
0.045
11
2
18
310
19
418
13
1
8
0.15
15
2
18
456
19
614
18
2
18
593
19
799
51120017
60级武器绿_天音寺
6
5
2
18
61
19
82
9
1
6
0.018
11
2
18
129
19
174
13
1
8
0.075
15
2
18
190
19
256
18
2
18
247
19
332
51120018
60级武器蓝_天音寺
6
5
2
18
81
19
109
9
1
6
0.024
11
2
18
172
19
232
13
1
8
0.1
15
2
18
253
19
341
18
2
18
329
19
443
51120019
60级武器紫_天音寺
6
5
2
18
111
19
150
9
1
6
0.033
11
2
18
237
19
319
13
1
8
0.138
15
2
18
348
19
468
18
2
18
452
19
609
51120020
60级武器橙_天音寺
6
5
2
18
152
19
204
9
1
6
0.045
11
2
18
323
19
434
13
1
8
0.188
15
2
18
475
19
639
18
2
18
617
19
831
51120021
60级武器红_天音寺
6
5
2
18
202
19
273
9
1
6
0.06
11
2
18
430
19
579
13
1
8
0.25
15
2
18
633
19
852
18
2
18
823
19
1107
51120022
75级武器绿_天音寺
6
5
2
18
89
19
119
9
1
6
0.024
11
2
18
189
19
254
13
1
8
0.09
15
2
18
277
19
373
18
2
18
361
19
485
51120023
75级武器蓝_天音寺
6
5
2
18
118
19
159
9
1
6
0.032
11
2
18
251
19
338
13
1
8
0.12
15
2
18
370
19
498
18
2
18
481
19
647
51120024
75级武器紫_天音寺
6
5
2
18
163
19
219
9
1
6
0.044
11
2
18
346
19
465
13
1
8
0.165
15
2
18
508
19
684
18
2
18
661
19
890
51120025
75级武器橙_天音寺
6
5
2
18
222
19
299
9
1
6
0.06
11
2
18
471
19
635
13
1
8
0.225
15
2
18
693
19
933
18
2
18
901
19
1213
51120026
75级武器红_天音寺
6
5
2
18
296
19
398
9
1
6
0.08
11
2
18
629
19
846
13
1
8
0.3
15
2
18
924
19
1244
18
2
18
1202
19
1618
51120027
90级武器绿_天音寺
6
5
2
18
114
19
154
9
1
6
0.024
11
2
18
243
19
327
13
1
8
0.105
15
2
18
357
19
480
18
2
18
464
19
624
51120028
90级武器蓝_天音寺
6
5
2
18
152
19
205
9
1
6
0.032
11
2
18
323
19
435
13
1
8
0.14
15
2
18
476
19
640
18
2
18
618
19
832
51120029
90级武器紫_天音寺
6
5
2
18
209
19
282
9
1
6
0.044
11
2
18
445
19
599
13
1
8
0.193
15
2
18
654
19
880
18
2
18
850
19
1145
51120030
90级武器橙_天音寺
6
5
2
18
285
19
384
9
1
6
0.06
11
2
18
606
19
816
13
1
8
0.263
15
2
18
892
19
1201
18
2
18
1159
19
1561
51120031
90级武器红_天音寺
6
5
2
18
381
19
512
9
1
6
0.08
11
2
18
809
19
1088
13
1
8
0.35
15
2
18
1189
19
1601
18
2
18
1546
19
2081
51120032
105级武器绿_天音寺
6
5
2
18
147
19
199
9
1
6
0.027
11
2
18
313
19
422
13
1
8
0.12
15
2
18
461
19
620
18
2
18
599
19
807
51120033
105级武器蓝_天音寺
6
5
2
18
197
19
265
9
1
6
0.036
11
2
18
418
19
563
13
1
8
0.16
15
2
18
615
19
827
18
2
18
799
19
1075
51120034
105级武器紫_天音寺
6
5
2
18
270
19
364
9
1
6
0.05
11
2
18
575
19
774
13
1
8
0.22
15
2
18
845
19
1138
18
2
18
1099
19
1479
51120035
105级武器橙_天音寺
6
5
2
18
369
19
496
9
1
6
0.068
11
2
18
784
19
1055
13
1
8
0.3
15
2
18
1152
19
1551
18
2
18
1498
19
2016
51120036
105级武器红_天音寺
6
5
2
18
492
19
662
9
1
6
0.09
11
2
18
1045
19
1406
13
1
8
0.4
15
2
18
1536
19
2068
18
2
18
1997
19
2689
51120037
120级武器绿_天音寺
6
5
2
18
190
19
255
9
1
6
0.027
11
2
18
403
19
543
13
1
8
0.135
15
2
18
593
19
798
18
2
18
771
19
1038
51120038
120级武器蓝_天音寺
6
5
2
18
253
19
341
9
1
6
0.036
11
2
18
538
19
724
13
1
8
0.18
15
2
18
791
19
1064
18
2
18
1028
19
1384
51120039
120级武器紫_天音寺
6
5
2
18
348
19
468
9
1
6
0.05
11
2
18
739
19
995
13
1
8
0.248
15
2
18
1087
19
1464
18
2
18
1413
19
1903
51120040
120级武器橙_天音寺
6
5
2
18
474
19
639
9
1
6
0.068
11
2
18
1008
19
1357
13
1
8
0.338
15
2
18
1483
19
1996
18
2
18
1927
19
2594
51120041
120级武器红_天音寺
6
5
2
18
633
19
852
9
1
6
0.09
11
2
18
1344
19
1809
13
1
8
0.45
15
2
18
1977
19
2661
18
2
18
2570
19
3459
51120042
135级武器绿_天音寺
6
5
2
18
236
19
318
9
1
6
0.027
11
2
18
502
19
676
13
1
8
0.135
15
2
18
739
19
994
18
2
18
960
19
1292
51120043
135级武器蓝_天音寺
6
5
2
18
315
19
424
9
1
6
0.036
11
2
18
670
19
901
13
1
8
0.18
15
2
18
985
19
1326
18
2
18
1280
19
1723
51120044
135级武器紫_天音寺
6
5
2
18
433
19
583
9
1
6
0.05
11
2
18
921
19
1239
13
1
8
0.248
15
2
18
1354
19
1823
18
2
18
1760
19
2370
51120045
135级武器橙_天音寺
6
5
2
18
591
19
795
9
1
6
0.068
11
2
18
1256
19
1690
13
1
8
0.338
15
2
18
1846
19
2486
18
2
18
2400
19
3231
51120046
135级武器红_天音寺
6
5
2
18
788
19
1061
9
1
6
0.09
11
2
18
1674
19
2254
13
1
8
0.45
15
2
18
2462
19
3314
18
2
18
3200
19
4308
51220001
1级衣服绿_天音寺
6
5
1
20
26
9
1
7
0.012
11
1
20
55
13
1
9
0.015
15
1
20
80
18
1
20
80
51220002
1级衣服蓝_天音寺
6
5
1
20
34
9
1
7
0.016
11
1
20
73
13
1
9
0.02
15
1
20
107
18
1
20
107
51220003
1级衣服紫_天音寺
6
5
1
20
47
9
1
7
0.022
11
1
20
100
13
1
9
0.028
15
1
20
147
18
1
20
147
51220004
1级衣服橙_天音寺
6
5
1
20
64
9
1
7
0.03
11
1
20
137
13
1
9
0.038
15
1
20
201
18
1
20
201
51220005
15级衣服绿_天音寺
6
5
1
20
30
9
1
7
0.024
11
1
20
64
13
1
9
0.021
15
1
20
94
18
1
20
94
51220006
15级衣服蓝_天音寺
6
5
1
20
40
9
1
7
0.032
11
1
20
86
13
1
9
0.028
15
1
20
126
18
1
20
126
51220007
15级衣服紫_天音寺
6
5
1
20
55
9
1
7
0.044
11
1
20
118
13
1
9
0.039
15
1
20
173
18
1
20
173
51220008
15级衣服橙_天音寺
6
5
1
20
75
9
1
7
0.06
11
1
20
160
13
1
9
0.053
15
1
20
236
18
1
20
236
51220009
30级衣服绿_天音寺
6
5
1
20
31
9
1
7
0.024
11
1
20
66
13
1
9
0.021
15
1
20
98
18
1
20
98
51220010
30级衣服蓝_天音寺
6
5
1
20
42
9
1
7
0.032
11
1
20
89
13
1
9
0.028
15
1
20
130
18
1
20
130
51220011
30级衣服紫_天音寺
6
5
1
20
57
9
1
7
0.044
11
1
20
122
13
1
9
0.039
15
1
20
179
18
1
20
179
51220012
30级衣服橙_天音寺
6
5
1
20
78
9
1
7
0.06
11
1
20
166
13
1
9
0.053
15
1
20
244
18
1
20
244
51220013
45级衣服绿_天音寺
6
5
1
20
49
9
1
7
0.036
11
1
20
103
13
1
9
0.03
15
1
20
152
18
1
20
152
51220014
45级衣服蓝_天音寺
6
5
1
20
65
9
1
7
0.048
11
1
20
138
13
1
9
0.04
15
1
20
203
18
1
20
203
51220015
45级衣服紫_天音寺
6
5
1
20
89
9
1
7
0.066
11
1
20
190
13
1
9
0.055
15
1
20
279
18
1
20
279
51220016
45级衣服橙_天音寺
6
5
1
20
122
9
1
7
0.09
11
1
20
259
13
1
9
0.075
15
1
20
380
18
1
20
380
51220017
60级衣服绿_天音寺
6
5
1
20
51
9
1
7
0.036
11
1
20
108
13
1
9
0.045
15
1
20
158
18
1
20
158
51220018
60级衣服蓝_天音寺
6
5
1
20
67
9
1
7
0.048
11
1
20
143
13
1
9
0.06
15
1
20
211
18
1
20
211
51220019
60级衣服紫_天音寺
6
5
1
20
93
9
1
7
0.066
11
1
20
197
13
1
9
0.083
15
1
20
290
18
1
20
290
51220020
60级衣服橙_天音寺
6
5
1
20
127
9
1
7
0.09
11
1
20
269
13
1
9
0.113
15
1
20
395
18
1
20
395
51220021
60级衣服红_天音寺
6
5
1
20
169
9
1
7
0.12
11
1
20
359
13
1
9
0.15
15
1
20
527
18
1
20
527
51220022
75级衣服绿_天音寺
6
5
1
20
74
9
1
7
0.048
11
1
20
157
13
1
9
0.06
15
1
20
231
18
1
20
231
51220023
75级衣服蓝_天音寺
6
5
1
20
99
9
1
7
0.064
11
1
20
210
13
1
9
0.08
15
1
20
308
18
1
20
308
51220024
75级衣服紫_天音寺
6
5
1
20
136
9
1
7
0.088
11
1
20
288
13
1
9
0.11
15
1
20
424
18
1
20
424
51220025
75级衣服橙_天音寺
6
5
1
20
185
9
1
7
0.12
11
1
20
393
13
1
9
0.15
15
1
20
578
18
1
20
578
51220026
75级衣服红_天音寺
6
5
1
20
247
9
1
7
0.16
11
1
20
524
13
1
9
0.2
15
1
20
770
18
1
20
770
51220027
90级衣服绿_天音寺
6
5
1
20
95
9
1
7
0.048
11
1
20
202
13
1
9
0.06
15
1
20
297
18
1
20
297
51220028
90级衣服蓝_天音寺
6
5
1
20
127
9
1
7
0.064
11
1
20
270
13
1
9
0.08
15
1
20
396
18
1
20
396
51220029
90级衣服紫_天音寺
6
5
1
20
174
9
1
7
0.088
11
1
20
371
13
1
9
0.11
15
1
20
545
18
1
20
545
51220030
90级衣服橙_天音寺
6
5
1
20
238
9
1
7
0.12
11
1
20
505
13
1
9
0.15
15
1
20
743
18
1
20
743
51220031
90级衣服红_天音寺
6
5
1
20
317
9
1
7
0.16
11
1
20
674
13
1
9
0.2
15
1
20
991
18
1
20
991
51220032
105级衣服绿_天音寺
6
5
1
20
123
9
1
7
0.054
11
1
20
261
13
1
9
0.075
15
1
20
384
18
1
20
384
51220033
105级衣服蓝_天音寺
6
5
1
20
164
9
1
7
0.072
11
1
20
348
13
1
9
0.1
15
1
20
512
18
1
20
512
51220034
105级衣服紫_天音寺
6
5
1
20
225
9
1
7
0.099
11
1
20
479
13
1
9
0.138
15
1
20
704
18
1
20
704
51220035
105级衣服橙_天音寺
6
5
1
20
307
9
1
7
0.135
11
1
20
653
13
1
9
0.188
15
1
20
960
18
1
20
960
51220036
105级衣服红_天音寺
6
5
1
20
410
9
1
7
0.18
11
1
20
871
13
1
9
0.25
15
1
20
1280
18
1
20
1280
51220037
120级衣服绿_天音寺
6
5
1
20
158
9
1
7
0.054
11
1
20
336
13
1
9
0.075
15
1
20
494
18
1
20
494
51220038
120级衣服蓝_天音寺
6
5
1
20
211
9
1
7
0.072
11
1
20
448
13
1
9
0.1
15
1
20
659
18
1
20
659
51220039
120级衣服紫_天音寺
6
5
1
20
290
9
1
7
0.099
11
1
20
616
13
1
9
0.138
15
1
20
906
18
1
20
906
51220040
120级衣服橙_天音寺
6
5
1
20
395
9
1
7
0.135
11
1
20
840
13
1
9
0.188
15
1
20
1235
18
1
20
1235
51220041
120级衣服红_天音寺
6
5
1
20
527
9
1
7
0.18
11
1
20
1120
13
1
9
0.25
15
1
20
1647
18
1
20
1647
51220042
135级衣服绿_天音寺
6
5
1
20
197
9
1
7
0.054
11
1
20
419
13
1
9
0.075
15
1
20
615
18
1
20
615
51220043
135级衣服蓝_天音寺
6
5
1
20
263
9
1
7
0.072
11
1
20
558
13
1
9
0.1
15
1
20
821
18
1
20
821
51220044
135级衣服紫_天音寺
6
5
1
20
361
9
1
7
0.099
11
1
20
767
13
1
9
0.138
15
1
20
1128
18
1
20
1128
51220045
135级衣服橙_天音寺
6
5
1
20
492
9
1
7
0.135
11
1
20
1046
13
1
9
0.188
15
1
20
1539
18
1
20
1539
51220046
135级衣服红_天音寺
6
5
1
20
657
9
1
7
0.18
11
1
20
1395
13
1
9
0.25
15
1
20
2052
18
1
20
2052
51320001
1级帽子绿_天音寺
6
5
1
22
10
9
1
22
14
11
1
22
19
13
1
22
24
15
1
22
29
18
1
22
29
51320002
1级帽子蓝_天音寺
6
5
1
22
13
9
1
22
19
11
1
22
26
13
1
22
32
15
1
22
38
18
1
22
38
51320003
1级帽子紫_天音寺
6
5
1
22
18
9
1
22
26
11
1
22
35
13
1
22
44
15
1
22
53
18
1
22
53
51320004
1级帽子橙_天音寺
6
5
1
22
24
9
1
22
36
11
1
22
48
13
1
22
60
15
1
22
72
18
1
22
72
51320005
15级帽子绿_天音寺
6
5
1
22
19
9
1
22
29
11
1
22
39
13
1
22
48
15
1
22
58
18
1
22
58
51320006
15级帽子蓝_天音寺
6
5
1
22
26
9
1
22
39
11
1
22
52
13
1
22
64
15
1
22
77
18
1
22
77
51320007
15级帽子紫_天音寺
6
5
1
22
35
9
1
22
53
11
1
22
71
13
1
22
89
15
1
22
106
18
1
22
106
51320008
15级帽子橙_天音寺
6
5
1
22
48
9
1
22
72
11
1
22
97
13
1
22
121
15
1
22
145
18
1
22
145
51320009
30级帽子绿_天音寺
6
5
1
22
28
9
1
22
43
11
1
22
57
13
1
22
71
15
1
22
85
18
1
22
85
51320010
30级帽子蓝_天音寺
6
5
1
22
38
9
1
22
57
11
1
22
76
13
1
22
95
15
1
22
114
18
1
22
114
51320011
30级帽子紫_天音寺
6
5
1
22
52
9
1
22
78
11
1
22
104
13
1
22
130
15
1
22
156
18
1
22
156
51320012
30级帽子橙_天音寺
6
5
1
22
71
9
1
22
107
11
1
22
142
13
1
22
178
15
1
22
213
18
1
22
213
51320013
45级帽子绿_天音寺
6
5
1
22
36
9
1
22
54
11
1
22
73
13
1
22
91
15
1
22
109
18
1
22
109
51320014
45级帽子蓝_天音寺
6
5
1
22
48
9
1
22
73
11
1
22
97
13
1
22
121
15
1
22
145
18
1
22
145
51320015
45级帽子紫_天音寺
6
5
1
22
67
9
1
22
100
11
1
22
133
13
1
22
166
15
1
22
200
18
1
22
200
51320016
45级帽子橙_天音寺
6
5
1
22
91
9
1
22
136
11
1
22
182
13
1
22
227
15
1
22
272
18
1
22
272
51320017
60级帽子绿_天音寺
6
5
1
22
41
9
1
22
61
11
1
22
82
13
1
22
102
15
1
22
123
18
1
22
123
51320018
60级帽子蓝_天音寺
6
5
1
22
55
9
1
22
82
11
1
22
109
13
1
22
136
15
1
22
164
18
1
22
164
51320019
60级帽子紫_天音寺
6
5
1
22
75
9
1
22
112
11
1
22
150
13
1
22
187
15
1
22
225
18
1
22
225
51320020
60级帽子橙_天音寺
6
5
1
22
102
9
1
22
153
11
1
22
204
13
1
22
256
15
1
22
307
18
1
22
307
51320021
60级帽子红_天音寺
6
5
1
22
136
9
1
22
204
11
1
22
273
13
1
22
341
15
1
22
409
18
1
22
409
51320022
75级帽子绿_天音寺
6
5
1
22
65
9
1
22
98
11
1
22
131
13
1
22
164
15
1
22
196
18
1
22
196
51320023
75级帽子蓝_天音寺
6
5
1
22
87
9
1
22
131
11
1
22
174
13
1
22
218
15
1
22
262
18
1
22
262
51320024
75级帽子紫_天音寺
6
5
1
22
120
9
1
22
180
11
1
22
240
13
1
22
300
15
1
22
360
18
1
22
360
51320025
75级帽子橙_天音寺
6
5
1
22
164
9
1
22
245
11
1
22
327
13
1
22
409
15
1
22
491
18
1
22
491
51320026
75级帽子红_天音寺
6
5
1
22
218
9
1
22
327
11
1
22
436
13
1
22
545
15
1
22
654
18
1
22
654
51320027
90级帽子绿_天音寺
6
5
1
22
91
9
1
22
137
11
1
22
183
13
1
22
229
15
1
22
274
18
1
22
274
51320028
90级帽子蓝_天音寺
6
5
1
22
122
9
1
22
183
11
1
22
244
13
1
22
305
15
1
22
366
18
1
22
366
51320029
90级帽子紫_天音寺
6
5
1
22
168
9
1
22
252
11
1
22
335
13
1
22
419
15
1
22
503
18
1
22
503
51320030
90级帽子橙_天音寺
6
5
1
22
229
9
1
22
343
11
1
22
457
13
1
22
572
15
1
22
686
18
1
22
686
51320031
90级帽子红_天音寺
6
5
1
22
305
9
1
22
457
11
1
22
610
13
1
22
762
15
1
22
915
18
1
22
915
51320032
105级帽子绿_天音寺
6
5
1
22
118
9
1
22
177
11
1
22
236
13
1
22
295
15
1
22
355
18
1
22
355
51320033
105级帽子蓝_天音寺
6
5
1
22
158
9
1
22
236
11
1
22
315
13
1
22
394
15
1
22
473
18
1
22
473
51320034
105级帽子紫_天音寺
6
5
1
22
217
9
1
22
325
11
1
22
433
13
1
22
542
15
1
22
650
18
1
22
650
51320035
105级帽子橙_天音寺
6
5
1
22
295
9
1
22
443
11
1
22
591
13
1
22
739
15
1
22
886
18
1
22
886
51320036
105级帽子红_天音寺
6
5
1
22
394
9
1
22
591
11
1
22
788
13
1
22
985
15
1
22
1182
18
1
22
1182
51320037
120级帽子绿_天音寺
6
5
1
22
152
9
1
22
228
11
1
22
304
13
1
22
380
15
1
22
456
18
1
22
456
51320038
120级帽子蓝_天音寺
6
5
1
22
203
9
1
22
304
11
1
22
405
13
1
22
507
15
1
22
608
18
1
22
608
51320039
120级帽子紫_天音寺
6
5
1
22
279
9
1
22
418
11
1
22
558
13
1
22
697
15
1
22
836
18
1
22
836
51320040
120级帽子橙_天音寺
6
5
1
22
380
9
1
22
570
11
1
22
760
13
1
22
950
15
1
22
1140
18
1
22
1140
51320041
120级帽子红_天音寺
6
5
1
22
507
9
1
22
760
11
1
22
1014
13
1
22
1267
15
1
22
1521
18
1
22
1521
51320042
135级帽子绿_天音寺
6
5
1
22
189
9
1
22
284
11
1
22
379
13
1
22
473
15
1
22
568
18
1
22
568
51320043
135级帽子蓝_天音寺
6
5
1
22
253
9
1
22
379
11
1
22
505
13
1
22
631
15
1
22
758
18
1
22
758
51320044
135级帽子紫_天音寺
6
5
1
22
347
9
1
22
521
11
1
22
694
13
1
22
868
15
1
22
1042
18
1
22
1042
51320045
135级帽子橙_天音寺
6
5
1
22
473
9
1
22
710
11
1
22
947
13
1
22
1184
15
1
22
1420
18
1
22
1420
51320046
135级帽子红_天音寺
6
5
1
22
631
9
1
22
947
11
1
22
1263
13
1
22
1578
15
1
22
1894
18
1
22
1894
51420001
1级鞋子绿_天音寺
6
5
1
23
10
9
1
23
15
11
1
23
20.16
13
1
23
25.2
15
1
23
30.24
18
1
23
30.24
51420002
1级鞋子蓝_天音寺
6
5
1
23
13
9
1
23
20
11
1
23
26.88
13
1
23
33.6
15
1
23
40.32
18
1
23
40.32
51420003
1级鞋子紫_天音寺
6
5
1
23
18
9
1
23
28
11
1
23
36.96
13
1
23
46.2
15
1
23
55.44
18
1
23
55.44
51420004
1级鞋子橙_天音寺
6
5
1
23
25
9
1
23
38
11
1
23
50.4
13
1
23
63
15
1
23
75.6
18
1
23
75.6
51420005
15级鞋子绿_天音寺
6
5
1
23
20
9
1
23
30
11
1
23
40.57
13
1
23
50.72
15
1
23
60.86
18
1
23
60.86
51420006
15级鞋子蓝_天音寺
6
5
1
23
27
9
1
23
41
11
1
23
54.1
13
1
23
67.62
15
1
23
81.14
18
1
23
81.14
51420007
15级鞋子紫_天音寺
6
5
1
23
37
9
1
23
56
11
1
23
74.38
13
1
23
92.98
15
1
23
111.57
18
1
23
111.57
51420008
15级鞋子橙_天音寺
6
5
1
23
51
9
1
23
76
11
1
23
101.43
13
1
23
126.79
15
1
23
152.15
18
1
23
152.15
51420009
30级鞋子绿_天音寺
6
5
1
23
30
9
1
23
45
11
1
23
59.65
13
1
23
74.56
15
1
23
89.47
18
1
23
89.47
51420010
30级鞋子蓝_天音寺
6
5
1
23
40
9
1
23
60
11
1
23
79.53
13
1
23
99.41
15
1
23
119.3
18
1
23
119.3
51420011
30级鞋子紫_天音寺
6
5
1
23
55
9
1
23
82
11
1
23
109.36
13
1
23
136.7
15
1
23
164.03
18
1
23
164.03
51420012
30级鞋子橙_天音寺
6
5
1
23
75
9
1
23
112
11
1
23
149.12
13
1
23
186.4
15
1
23
223.68
18
1
23
223.68
51420013
45级鞋子绿_天音寺
6
5
1
23
38
9
1
23
57
11
1
23
76.25
13
1
23
95.31
15
1
23
114.37
18
1
23
114.37
51420014
45级鞋子蓝_天音寺
6
5
1
23
51
9
1
23
76
11
1
23
101.66
13
1
23
127.08
15
1
23
152.49
18
1
23
152.49
51420015
45级鞋子紫_天音寺
6
5
1
23
70
9
1
23
105
11
1
23
139.78
13
1
23
174.73
15
1
23
209.68
18
1
23
209.68
51420016
45级鞋子橙_天音寺
6
5
1
23
95
9
1
23
143
11
1
23
190.61
13
1
23
238.27
15
1
23
285.92
18
1
23
285.92
51420017
60级鞋子绿_天音寺
6
5
1
23
43
9
1
23
64
11
1
23
85.86
13
1
23
107.33
15
1
23
128.79
18
1
23
128.79
51420018
60级鞋子蓝_天音寺
6
5
1
23
57
9
1
23
86
11
1
23
114.48
13
1
23
143.1
15
1
23
171.73
18
1
23
171.73
51420019
60级鞋子紫_天音寺
6
5
1
23
79
9
1
23
118
11
1
23
157.41
13
1
23
196.77
15
1
23
236.12
18
1
23
236.12
51420020
60级鞋子橙_天音寺
6
5
1
23
107
9
1
23
161
11
1
23
214.66
13
1
23
268.32
15
1
23
321.99
18
1
23
321.99
51420021
60级鞋子红_天音寺
6
5
1
23
143
9
1
23
215
11
1
23
286.21
13
1
23
357.76
15
1
23
429.31
18
1
23
429.31
51420022
75级鞋子绿_天音寺
6
5
1
23
69
9
1
23
103
11
1
23
137.38
13
1
23
171.72
15
1
23
206.07
18
1
23
206.07
51420023
75级鞋子蓝_天音寺
6
5
1
23
92
9
1
23
137
11
1
23
183.17
13
1
23
228.97
15
1
23
274.76
18
1
23
274.76
51420024
75级鞋子紫_天音寺
6
5
1
23
126
9
1
23
189
11
1
23
251.86
13
1
23
314.83
15
1
23
377.79
18
1
23
377.79
51420025
75级鞋子橙_天音寺
6
5
1
23
172
9
1
23
258
11
1
23
343.45
13
1
23
429.31
15
1
23
515.17
18
1
23
515.17
51420026
75级鞋子红_天音寺
6
5
1
23
229
9
1
23
343
11
1
23
457.93
13
1
23
572.41
15
1
23
686.9
18
1
23
686.9
51420027
90级鞋子绿_天音寺
6
5
1
23
96
9
1
23
144
11
1
23
192.08
13
1
23
240.11
15
1
23
288.13
18
1
23
288.13
51420028
90级鞋子蓝_天音寺
6
5
1
23
128
9
1
23
192
11
1
23
256.11
13
1
23
320.14
15
1
23
384.17
18
1
23
384.17
51420029
90级鞋子紫_天音寺
6
5
1
23
176
9
1
23
264
11
1
23
352.15
13
1
23
440.19
15
1
23
528.23
18
1
23
528.23
51420030
90级鞋子橙_天音寺
6
5
1
23
240
9
1
23
360
11
1
23
480.21
13
1
23
600.26
15
1
23
720.32
18
1
23
720.32
51420031
90级鞋子红_天音寺
6
5
1
23
320
9
1
23
480
11
1
23
640.28
13
1
23
800.35
15
1
23
960.42
18
1
23
960.42
51420032
105级鞋子绿_天音寺
6
5
1
23
124
9
1
23
186
11
1
23
248.18
13
1
23
310.23
15
1
23
372.28
18
1
23
372.28
51420033
105级鞋子蓝_天音寺
6
5
1
23
165
9
1
23
248
11
1
23
330.91
13
1
23
413.64
15
1
23
496.37
18
1
23
496.37
51420034
105级鞋子紫_天音寺
6
5
1
23
228
9
1
23
341
11
1
23
455
13
1
23
568.75
15
1
23
682.51
18
1
23
682.51
51420035
105级鞋子橙_天音寺
6
5
1
23
310
9
1
23
465
11
1
23
620.46
13
1
23
775.57
15
1
23
930.69
18
1
23
930.69
51420036
105级鞋子红_天音寺
6
5
1
23
414
9
1
23
620
11
1
23
827.28
13
1
23
1034.1
15
1
23
1240.92
18
1
23
1240.92
51420037
120级鞋子绿_天音寺
6
5
1
23
160
9
1
23
239
11
1
23
319.32
13
1
23
399.15
15
1
23
478.98
18
1
23
478.98
51420038
120级鞋子蓝_天音寺
6
5
1
23
213
9
1
23
319
11
1
23
425.76
13
1
23
532.19
15
1
23
638.63
18
1
23
638.63
51420039
120级鞋子紫_天音寺
6
5
1
23
293
9
1
23
439
11
1
23
585.41
13
1
23
731.77
15
1
23
878.12
18
1
23
878.12
51420040
120级鞋子橙_天音寺
6
5
1
23
399
9
1
23
599
11
1
23
798.29
13
1
23
997.86
15
1
23
1197.44
18
1
23
1197.44
51420041
120级鞋子红_天音寺
6
5
1
23
532
9
1
23
798
11
1
23
1064.39
13
1
23
1330.49
15
1
23
1596.58
18
1
23
1596.58
51420042
135级鞋子绿_天音寺
6
5
1
23
199
9
1
23
298
11
1
23
397.69
13
1
23
497.11
15
1
23
596.53
18
1
23
596.53
51420043
135级鞋子蓝_天音寺
6
5
1
23
265
9
1
23
398
11
1
23
530.25
13
1
23
662.81
15
1
23
795.38
18
1
23
795.38
51420044
135级鞋子紫_天音寺
6
5
1
23
365
9
1
23
547
11
1
23
729.09
13
1
23
911.37
15
1
23
1093.64
18
1
23
1093.64
51420045
135级鞋子橙_天音寺
6
5
1
23
497
9
1
23
746
11
1
23
994.22
13
1
23
1242.77
15
1
23
1491.33
18
1
23
1491.33
51420046
135级鞋子红_天音寺
6
5
1
23
663
9
1
23
994
11
1
23
1325.63
13
1
23
1657.03
15
1
23
1988.44
18
1
23
1988.44
51130001
虎齿刀
6
5
2
18
15
19
21
9
1
6
0.006
11
2
18
33
19
44
13
1
8
0.03
15
2
18
48
19
65
18
2
18
62
19
84
51130002
虎齿刀
6
5
2
18
20
19
28
9
1
6
0.008
11
2
18
43
19
59
13
1
8
0.04
15
2
18
64
19
86
18
2
18
83
19
112
51130003
虎齿刀
6
5
2
18
28
19
38
9
1
6
0.011
11
2
18
60
19
81
13
1
8
0.055
15
2
18
88
19
119
18
2
18
114
19
154
51130004
虎齿刀
6
5
2
18
38
19
52
9
1
6
0.015
11
2
18
81
19
110
13
1
8
0.075
15
2
18
120
19
162
18
2
18
155
19
210
51130005
折铁刀
6
5
2
18
39
19
53
9
1
6
0.012
11
2
18
84
19
113
13
1
8
0.045
15
2
18
123
19
167
18
2
18
160
19
217
51130006
折铁刀
6
5
2
18
53
19
71
9
1
6
0.016
11
2
18
112
19
151
13
1
8
0.06
15
2
18
164
19
223
18
2
18
214
19
289
51130007
折铁刀
6
5
2
18
72
19
98
9
1
6
0.022
11
2
18
154
19
208
13
1
8
0.083
15
2
18
226
19
306
18
2
18
294
19
398
51130008
折铁刀
6
5
2
18
99
19
134
9
1
6
0.03
11
2
18
210
19
284
13
1
8
0.113
15
2
18
308
19
417
18
2
18
401
19
542
51130009
百炼刀
6
5
2
18
41
19
55
9
1
6
0.012
11
2
18
87
19
118
13
1
8
0.045
15
2
18
128
19
173
18
2
18
166
19
225
51130010
百炼刀
6
5
2
18
55
19
74
9
1
6
0.016
11
2
18
116
19
157
13
1
8
0.06
15
2
18
170
19
231
18
2
18
222
19
300
51130011
百炼刀
6
5
2
18
75
19
101
9
1
6
0.022
11
2
18
159
19
216
13
1
8
0.083
15
2
18
234
19
317
18
2
18
305
19
412
51130012
百炼刀
6
5
2
18
102
19
138
9
1
6
0.03
11
2
18
217
19
294
13
1
8
0.113
15
2
18
320
19
432
18
2
18
415
19
562
51130013
九环刀
6
5
2
18
64
19
86
9
1
6
0.018
11
2
18
135
19
183
13
1
8
0.06
15
2
18
199
19
269
18
2
18
259
19
350
51130014
九环刀
6
5
2
18
85
19
115
9
1
6
0.024
11
2
18
180
19
244
13
1
8
0.08
15
2
18
265
19
359
18
2
18
345
19
467
51130015
九环刀
6
5
2
18
117
19
158
9
1
6
0.033
11
2
18
248
19
336
13
1
8
0.11
15
2
18
365
19
494
18
2
18
474
19
642
51130016
九环刀
6
5
2
18
159
19
215
9
1
6
0.045
11
2
18
338
19
458
13
1
8
0.15
15
2
18
497
19
673
18
2
18
647
19
875
51130017
化血刀
6
5
2
18
66
19
90
9
1
6
0.018
11
2
18
141
19
190
13
1
8
0.075
15
2
18
207
19
280
18
2
18
269
19
364
51130018
化血刀
6
5
2
18
88
19
119
9
1
6
0.024
11
2
18
188
19
254
13
1
8
0.1
15
2
18
276
19
373
18
2
18
359
19
485
51130019
化血刀
6
5
2
18
121
19
164
9
1
6
0.033
11
2
18
258
19
349
13
1
8
0.138
15
2
18
379
19
513
18
2
18
493
19
667
51130020
化血刀
6
5
2
18
165
19
224
9
1
6
0.045
11
2
18
352
19
476
13
1
8
0.188
15
2
18
517
19
700
18
2
18
672
19
910
51130021
化血刀
6
5
2
18
221
19
299
9
1
6
0.06
11
2
18
469
19
634
13
1
8
0.25
15
2
18
690
19
933
18
2
18
896
19
1213
51130022
断岳刀
6
5
2
18
97
19
131
9
1
6
0.024
11
2
18
205
19
278
13
1
8
0.09
15
2
18
302
19
409
18
2
18
393
19
532
51130023
断岳刀
6
5
2
18
129
19
174
9
1
6
0.032
11
2
18
274
19
371
13
1
8
0.12
15
2
18
403
19
545
18
2
18
524
19
709
51130024
断岳刀
6
5
2
18
177
19
240
9
1
6
0.044
11
2
18
377
19
510
13
1
8
0.165
15
2
18
554
19
750
18
2
18
720
19
974
51130025
断岳刀
6
5
2
18
242
19
327
9
1
6
0.06
11
2
18
514
19
695
13
1
8
0.225
15
2
18
756
19
1022
18
2
18
982
19
1329
51130026
断岳刀
6
5
2
18
322
19
436
9
1
6
0.08
11
2
18
685
19
927
13
1
8
0.3
15
2
18
1007
19
1363
18
2
18
1310
19
1772
51130027
鬼煞刀
6
5
2
18
124
19
168
9
1
6
0.024
11
2
18
264
19
358
13
1
8
0.105
15
2
18
389
19
526
18
2
18
505
19
684
51130028
鬼煞刀
6
5
2
18
166
19
224
9
1
6
0.032
11
2
18
352
19
477
13
1
8
0.14
15
2
18
518
19
701
18
2
18
674
19
912
51130029
鬼煞刀
6
5
2
18
228
19
309
9
1
6
0.044
11
2
18
485
19
656
13
1
8
0.193
15
2
18
713
19
964
18
2
18
927
19
1254
51130030
鬼煞刀
6
5
2
18
311
19
421
9
1
6
0.06
11
2
18
661
19
894
13
1
8
0.263
15
2
18
972
19
1315
18
2
18
1263
19
1709
51130031
鬼煞刀
6
5
2
18
415
19
561
9
1
6
0.08
11
2
18
881
19
1192
13
1
8
0.35
15
2
18
1296
19
1753
18
2
18
1685
19
2279
51130032
屠龙刀
6
5
2
18
161
19
217
9
1
6
0.027
11
2
18
342
19
462
13
1
8
0.12
15
2
18
502
19
680
18
2
18
653
19
883
51130033
屠龙刀
6
5
2
18
214
19
290
9
1
6
0.036
11
2
18
455
19
616
13
1
8
0.16
15
2
18
670
19
906
18
2
18
871
19
1178
51130034
屠龙刀
6
5
2
18
295
19
399
9
1
6
0.05
11
2
18
626
19
847
13
1
8
0.22
15
2
18
921
19
1246
18
2
18
1197
19
1620
51130035
屠龙刀
6
5
2
18
402
19
544
9
1
6
0.068
11
2
18
854
19
1155
13
1
8
0.3
15
2
18
1256
19
1699
18
2
18
1632
19
2209
51130036
屠龙刀
6
5
2
18
536
19
725
9
1
6
0.09
11
2
18
1138
19
1540
13
1
8
0.4
15
2
18
1674
19
2265
18
2
18
2177
19
2945
51130037
戮魂刀
6
5
2
18
207
19
280
9
1
6
0.027
11
2
18
439
19
595
13
1
8
0.135
15
2
18
646
19
874
18
2
18
840
19
1137
51130038
戮魂刀
6
5
2
18
276
19
373
9
1
6
0.036
11
2
18
586
19
793
13
1
8
0.18
15
2
18
862
19
1166
18
2
18
1120
19
1515
51130039
戮魂刀
6
5
2
18
379
19
513
9
1
6
0.05
11
2
18
806
19
1090
13
1
8
0.248
15
2
18
1185
19
1603
18
2
18
1540
19
2084
51130040
戮魂刀
6
5
2
18
517
19
699
9
1
6
0.068
11
2
18
1099
19
1486
13
1
8
0.338
15
2
18
1616
19
2186
18
2
18
2100
19
2842
51130041
戮魂刀
6
5
2
18
689
19
933
9
1
6
0.09
11
2
18
1465
19
1982
13
1
8
0.45
15
2
18
2154
19
2914
18
2
18
2800
19
3789
51130042
135-鬼王武器
6
5
2
18
258
19
348
9
1
6
0.027
11
2
18
547
19
740
13
1
8
0.135
15
2
18
805
19
1089
18
2
18
1046
19
1416
51130043
135-鬼王武器
6
5
2
18
343
19
465
9
1
6
0.036
11
2
18
730
19
987
13
1
8
0.18
15
2
18
1073
19
1452
18
2
18
1395
19
1887
51130044
135-鬼王武器
6
5
2
18
472
19
639
9
1
6
0.05
11
2
18
1003
19
1358
13
1
8
0.248
15
2
18
1476
19
1996
18
2
18
1918
19
2595
51130045
135-鬼王武器
6
5
2
18
644
19
871
9
1
6
0.068
11
2
18
1368
19
1851
13
1
8
0.338
15
2
18
2012
19
2722
18
2
18
2616
19
3539
51130046
135-鬼王武器
6
5
2
18
859
19
1162
9
1
6
0.09
11
2
18
1824
19
2468
13
1
8
0.45
15
2
18
2683
19
3630
18
2
18
3488
19
4719
51230001
虎威甲
6
5
1
20
22
9
1
7
0.012
11
1
20
46
13
1
9
0.015
15
1
20
68
18
1
20
68
51230002
虎威甲
6
5
1
20
29
9
1
7
0.016
11
1
20
62
13
1
9
0.02
15
1
20
91
18
1
20
91
51230003
虎威甲
6
5
1
20
40
9
1
7
0.022
11
1
20
85
13
1
9
0.028
15
1
20
125
18
1
20
125
51230004
虎威甲
6
5
1
20
54
9
1
7
0.03
11
1
20
116
13
1
9
0.038
15
1
20
170
18
1
20
170
51230005
百战甲
6
5
1
20
26
9
1
7
0.024
11
1
20
54
13
1
9
0.021
15
1
20
80
18
1
20
80
51230006
百战甲
6
5
1
20
34
9
1
7
0.032
11
1
20
72
13
1
9
0.028
15
1
20
106
18
1
20
106
51230007
百战甲
6
5
1
20
47
9
1
7
0.044
11
1
20
100
13
1
9
0.039
15
1
20
146
18
1
20
146
51230008
百战甲
6
5
1
20
64
9
1
7
0.06
11
1
20
136
13
1
9
0.053
15
1
20
200
18
1
20
200
51230009
猛狞甲
6
5
1
20
26
9
1
7
0.024
11
1
20
56
13
1
9
0.021
15
1
20
83
18
1
20
83
51230010
猛狞甲
6
5
1
20
35
9
1
7
0.032
11
1
20
75
13
1
9
0.028
15
1
20
110
18
1
20
110
51230011
猛狞甲
6
5
1
20
49
9
1
7
0.044
11
1
20
103
13
1
9
0.039
15
1
20
152
18
1
20
152
51230012
猛狞甲
6
5
1
20
66
9
1
7
0.06
11
1
20
141
13
1
9
0.053
15
1
20
207
18
1
20
207
51230013
破军甲
6
5
1
20
41
9
1
7
0.036
11
1
20
88
13
1
9
0.03
15
1
20
129
18
1
20
129
51230014
破军甲
6
5
1
20
55
9
1
7
0.048
11
1
20
117
13
1
9
0.04
15
1
20
172
18
1
20
172
51230015
破军甲
6
5
1
20
76
9
1
7
0.066
11
1
20
161
13
1
9
0.055
15
1
20
236
18
1
20
236
51230016
破军甲
6
5
1
20
103
9
1
7
0.09
11
1
20
219
13
1
9
0.075
15
1
20
322
18
1
20
322
51230017
霸王甲
6
5
1
20
43
9
1
7
0.036
11
1
20
91
13
1
9
0.045
15
1
20
134
18
1
20
134
51230018
霸王甲
6
5
1
20
57
9
1
7
0.048
11
1
20
121
13
1
9
0.06
15
1
20
178
18
1
20
178
51230019
霸王甲
6
5
1
20
79
9
1
7
0.066
11
1
20
167
13
1
9
0.083
15
1
20
245
18
1
20
245
51230020
霸王甲
6
5
1
20
107
9
1
7
0.09
11
1
20
228
13
1
9
0.113
15
1
20
335
18
1
20
335
51230021
霸王甲
6
5
1
20
143
9
1
7
0.12
11
1
20
303
13
1
9
0.15
15
1
20
446
18
1
20
446
51230022
霹雳甲
6
5
1
20
63
9
1
7
0.048
11
1
20
133
13
1
9
0.06
15
1
20
196
18
1
20
196
51230023
霹雳甲
6
5
1
20
83
9
1
7
0.064
11
1
20
177
13
1
9
0.08
15
1
20
261
18
1
20
261
51230024
霹雳甲
6
5
1
20
115
9
1
7
0.088
11
1
20
244
13
1
9
0.11
15
1
20
358
18
1
20
358
51230025
霹雳甲
6
5
1
20
156
9
1
7
0.12
11
1
20
332
13
1
9
0.15
15
1
20
489
18
1
20
489
51230026
霹雳甲
6
5
1
20
209
9
1
7
0.16
11
1
20
443
13
1
9
0.2
15
1
20
652
18
1
20
652
51230027
凶煞甲
6
5
1
20
80
9
1
7
0.048
11
1
20
171
13
1
9
0.06
15
1
20
252
18
1
20
252
51230028
凶煞甲
6
5
1
20
107
9
1
7
0.064
11
1
20
228
13
1
9
0.08
15
1
20
335
18
1
20
335
51230029
凶煞甲
6
5
1
20
148
9
1
7
0.088
11
1
20
314
13
1
9
0.11
15
1
20
461
18
1
20
461
51230030
凶煞甲
6
5
1
20
201
9
1
7
0.12
11
1
20
428
13
1
9
0.15
15
1
20
629
18
1
20
629
51230031
凶煞甲
6
5
1
20
268
9
1
7
0.16
11
1
20
570
13
1
9
0.2
15
1
20
838
18
1
20
838
51230032
狂神甲
6
5
1
20
104
9
1
7
0.054
11
1
20
221
13
1
9
0.075
15
1
20
325
18
1
20
325
51230033
狂神甲
6
5
1
20
139
9
1
7
0.072
11
1
20
295
13
1
9
0.1
15
1
20
433
18
1
20
433
51230034
狂神甲
6
5
1
20
191
9
1
7
0.099
11
1
20
405
13
1
9
0.138
15
1
20
596
18
1
20
596
51230035
狂神甲
6
5
1
20
260
9
1
7
0.135
11
1
20
553
13
1
9
0.188
15
1
20
813
18
1
20
813
51230036
狂神甲
6
5
1
20
347
9
1
7
0.18
11
1
20
737
13
1
9
0.25
15
1
20
1083
18
1
20
1083
51230037
龙魂甲
6
5
1
20
134
9
1
7
0.054
11
1
20
284
13
1
9
0.075
15
1
20
418
18
1
20
418
51230038
龙魂甲
6
5
1
20
178
9
1
7
0.072
11
1
20
379
13
1
9
0.1
15
1
20
558
18
1
20
558
51230039
龙魂甲
6
5
1
20
245
9
1
7
0.099
11
1
20
521
13
1
9
0.138
15
1
20
767
18
1
20
767
51230040
龙魂甲
6
5
1
20
335
9
1
7
0.135
11
1
20
711
13
1
9
0.188
15
1
20
1045
18
1
20
1045
51230041
龙魂甲
6
5
1
20
446
9
1
7
0.18
11
1
20
948
13
1
9
0.25
15
1
20
1394
18
1
20
1394
51230042
135-鬼王衣服
6
5
1
20
167
9
1
7
0.054
11
1
20
354
13
1
9
0.075
15
1
20
521
18
1
20
521
51230043
136-鬼王衣服
6
5
1
20
222
9
1
7
0.072
11
1
20
472
13
1
9
0.1
15
1
20
694
18
1
20
694
51230044
137-鬼王衣服
6
5
1
20
306
9
1
7
0.099
11
1
20
649
13
1
9
0.138
15
1
20
955
18
1
20
955
51230045
138-鬼王衣服
6
5
1
20
417
9
1
7
0.135
11
1
20
885
13
1
9
0.188
15
1
20
1302
18
1
20
1302
51230046
139-鬼王衣服
6
5
1
20
556
9
1
7
0.18
11
1
20
1180
13
1
9
0.25
15
1
20
1736
18
1
20
1736
51330001
虎威盔
6
5
1
22
11
9
1
22
16
11
1
22
22
13
1
22
27
15
1
22
32
18
1
22
32
51330002
虎威盔
6
5
1
22
14
9
1
22
22
11
1
22
29
13
1
22
36
15
1
22
43
18
1
22
43
51330003
虎威盔
6
5
1
22
20
9
1
22
30
11
1
22
40
13
1
22
50
15
1
22
59
18
1
22
59
51330004
虎威盔
6
5
1
22
27
9
1
22
41
11
1
22
54
13
1
22
68
15
1
22
81
18
1
22
81
51330005
百战盔
6
5
1
22
22
9
1
22
33
11
1
22
43
13
1
22
54
15
1
22
65
18
1
22
65
51330006
百战盔
6
5
1
22
29
9
1
22
43
11
1
22
58
13
1
22
72
15
1
22
87
18
1
22
87
51330007
百战盔
6
5
1
22
40
9
1
22
60
11
1
22
80
13
1
22
100
15
1
22
120
18
1
22
120
51330008
百战盔
6
5
1
22
54
9
1
22
82
11
1
22
109
13
1
22
136
15
1
22
163
18
1
22
163
51330009
猛狞盔
6
5
1
22
32
9
1
22
48
11
1
22
64
13
1
22
80
15
1
22
96
18
1
22
96
51330010
猛狞盔
6
5
1
22
43
9
1
22
64
11
1
22
85
13
1
22
107
15
1
22
128
18
1
22
128
51330011
猛狞盔
6
5
1
22
59
9
1
22
88
11
1
22
117
13
1
22
146
15
1
22
176
18
1
22
176
51330012
猛狞盔
6
5
1
22
80
9
1
22
120
11
1
22
160
13
1
22
200
15
1
22
240
18
1
22
240
51330013
破军盔
6
5
1
22
41
9
1
22
61
11
1
22
82
13
1
22
102
15
1
22
123
18
1
22
123
51330014
破军盔
6
5
1
22
54
9
1
22
82
11
1
22
109
13
1
22
136
15
1
22
163
18
1
22
163
51330015
破军盔
6
5
1
22
75
9
1
22
112
11
1
22
150
13
1
22
187
15
1
22
225
18
1
22
225
51330016
破军盔
6
5
1
22
102
9
1
22
153
11
1
22
204
13
1
22
255
15
1
22
306
18
1
22
306
51330017
霸王盔
6
5
1
22
46
9
1
22
69
11
1
22
92
13
1
22
115
15
1
22
138
18
1
22
138
51330018
霸王盔
6
5
1
22
61
9
1
22
92
11
1
22
123
13
1
22
153
15
1
22
184
18
1
22
184
51330019
霸王盔
6
5
1
22
84
9
1
22
126
11
1
22
169
13
1
22
211
15
1
22
253
18
1
22
253
51330020
霸王盔
6
5
1
22
115
9
1
22
172
11
1
22
230
13
1
22
287
15
1
22
345
18
1
22
345
51330021
霸王盔
6
5
1
22
153
9
1
22
230
11
1
22
307
13
1
22
383
15
1
22
460
18
1
22
460
51330022
霹雳盔
6
5
1
22
74
9
1
22
110
11
1
22
147
13
1
22
184
15
1
22
221
18
1
22
221
51330023
霹雳盔
6
5
1
22
98
9
1
22
147
11
1
22
196
13
1
22
245
15
1
22
294
18
1
22
294
51330024
霹雳盔
6
5
1
22
135
9
1
22
202
11
1
22
270
13
1
22
337
15
1
22
405
18
1
22
405
51330025
霹雳盔
6
5
1
22
184
9
1
22
276
11
1
22
368
13
1
22
460
15
1
22
552
18
1
22
552
51330026
霹雳盔
6
5
1
22
245
9
1
22
368
11
1
22
491
13
1
22
613
15
1
22
736
18
1
22
736
51330027
凶煞盔
6
5
1
22
103
9
1
22
154
11
1
22
206
13
1
22
257
15
1
22
309
18
1
22
309
51330028
凶煞盔
6
5
1
22
137
9
1
22
206
11
1
22
274
13
1
22
343
15
1
22
412
18
1
22
412
51330029
凶煞盔
6
5
1
22
189
9
1
22
283
11
1
22
377
13
1
22
472
15
1
22
566
18
1
22
566
51330030
凶煞盔
6
5
1
22
257
9
1
22
386
11
1
22
515
13
1
22
643
15
1
22
772
18
1
22
772
51330031
凶煞盔
6
5
1
22
343
9
1
22
515
11
1
22
686
13
1
22
858
15
1
22
1029
18
1
22
1029
51330032
狂神盔
6
5
1
22
133
9
1
22
199
11
1
22
266
13
1
22
332
15
1
22
399
18
1
22
399
51330033
狂神盔
6
5
1
22
177
9
1
22
266
11
1
22
355
13
1
22
443
15
1
22
532
18
1
22
532
51330034
狂神盔
6
5
1
22
244
9
1
22
366
11
1
22
488
13
1
22
609
15
1
22
731
18
1
22
731
51330035
狂神盔
6
5
1
22
332
9
1
22
499
11
1
22
665
13
1
22
831
15
1
22
997
18
1
22
997
51330036
狂神盔
6
5
1
22
443
9
1
22
665
11
1
22
886
13
1
22
1108
15
1
22
1330
18
1
22
1330
51330037
龙魂盔
6
5
1
22
171
9
1
22
257
11
1
22
342
13
1
22
428
15
1
22
513
18
1
22
513
51330038
龙魂盔
6
5
1
22
228
9
1
22
342
11
1
22
456
13
1
22
570
15
1
22
684
18
1
22
684
51330039
龙魂盔
6
5
1
22
314
9
1
22
470
11
1
22
627
13
1
22
784
15
1
22
941
18
1
22
941
51330040
龙魂盔
6
5
1
22
428
9
1
22
641
11
1
22
855
13
1
22
1069
15
1
22
1283
18
1
22
1283
51330041
龙魂盔
6
5
1
22
570
9
1
22
855
11
1
22
1140
13
1
22
1426
15
1
22
1711
18
1
22
1711
51330042
135-鬼王-帽子
6
5
1
22
213
9
1
22
320
11
1
22
426
13
1
22
533
15
1
22
639
18
1
22
639
51330043
136-鬼王-帽子
6
5
1
22
284
9
1
22
426
11
1
22
568
13
1
22
710
15
1
22
852
18
1
22
852
51330044
137-鬼王-帽子
6
5
1
22
391
9
1
22
586
11
1
22
781
13
1
22
976
15
1
22
1172
18
1
22
1172
51330045
138-鬼王-帽子
6
5
1
22
533
9
1
22
799
11
1
22
1065
13
1
22
1332
15
1
22
1598
18
1
22
1598
51330046
139-鬼王-帽子
6
5
1
22
710
9
1
22
1065
11
1
22
1420
13
1
22
1775
15
1
22
2130
18
1
22
2130
51430001
虎威靴
6
5
1
23
10
9
1
23
14
11
1
23
19.2
13
1
23
24
15
1
23
28.8
18
1
23
28.8
51430002
虎威靴
6
5
1
23
13
9
1
23
19
11
1
23
25.6
13
1
23
32
15
1
23
38.4
18
1
23
38.4
51430003
虎威靴
6
5
1
23
18
9
1
23
26
11
1
23
35.2
13
1
23
44
15
1
23
52.8
18
1
23
52.8
51430004
虎威靴
6
5
1
23
24
9
1
23
36
11
1
23
48
13
1
23
60
15
1
23
72
18
1
23
72
51430005
百战靴
6
5
1
23
19
9
1
23
29
11
1
23
38.64
13
1
23
48.3
15
1
23
57.96
18
1
23
57.96
51430006
百战靴
6
5
1
23
26
9
1
23
39
11
1
23
51.52
13
1
23
64.4
15
1
23
77.28
18
1
23
77.28
51430007
百战靴
6
5
1
23
35
9
1
23
53
11
1
23
70.84
13
1
23
88.55
15
1
23
106.26
18
1
23
106.26
51430008
百战靴
6
5
1
23
48
9
1
23
72
11
1
23
96.6
13
1
23
120.75
15
1
23
144.9
18
1
23
144.9
51430009
猛狞靴
6
5
1
23
28
9
1
23
43
11
1
23
56.81
13
1
23
71.01
15
1
23
85.21
18
1
23
85.21
51430010
猛狞靴
6
5
1
23
38
9
1
23
57
11
1
23
75.74
13
1
23
94.68
15
1
23
113.62
18
1
23
113.62
51430011
猛狞靴
6
5
1
23
52
9
1
23
78
11
1
23
104.15
13
1
23
130.19
15
1
23
156.22
18
1
23
156.22
51430012
猛狞靴
6
5
1
23
71
9
1
23
107
11
1
23
142.02
13
1
23
177.53
15
1
23
213.03
18
1
23
213.03
51430013
破军靴
6
5
1
23
36
9
1
23
54
11
1
23
72.62
13
1
23
90.77
15
1
23
108.92
18
1
23
108.92
51430014
破军靴
6
5
1
23
48
9
1
23
73
11
1
23
96.82
13
1
23
121.03
15
1
23
145.23
18
1
23
145.23
51430015
破军靴
6
5
1
23
67
9
1
23
100
11
1
23
133.13
13
1
23
166.41
15
1
23
199.69
18
1
23
199.69
51430016
破军靴
6
5
1
23
91
9
1
23
136
11
1
23
181.54
13
1
23
226.92
15
1
23
272.31
18
1
23
272.31
51430017
霸王靴
6
5
1
23
41
9
1
23
61
11
1
23
81.77
13
1
23
102.22
15
1
23
122.66
18
1
23
122.66
51430018
霸王靴
6
5
1
23
55
9
1
23
82
11
1
23
109.03
13
1
23
136.29
15
1
23
163.55
18
1
23
163.55
51430019
霸王靴
6
5
1
23
75
9
1
23
112
11
1
23
149.92
13
1
23
187.4
15
1
23
224.88
18
1
23
224.88
51430020
霸王靴
6
5
1
23
102
9
1
23
153
11
1
23
204.44
13
1
23
255.54
15
1
23
306.65
18
1
23
306.65
51430021
霸王靴
6
5
1
23
136
9
1
23
204
11
1
23
272.58
13
1
23
340.73
15
1
23
408.87
18
1
23
408.87
51430022
霹雳靴
6
5
1
23
65
9
1
23
98
11
1
23
130.84
13
1
23
163.55
15
1
23
196.26
18
1
23
196.26
51430023
霹雳靴
6
5
1
23
87
9
1
23
131
11
1
23
174.45
13
1
23
218.06
15
1
23
261.67
18
1
23
261.67
51430024
霹雳靴
6
5
1
23
120
9
1
23
180
11
1
23
239.87
13
1
23
299.84
15
1
23
359.8
18
1
23
359.8
51430025
霹雳靴
6
5
1
23
164
9
1
23
245
11
1
23
327.09
13
1
23
408.87
15
1
23
490.64
18
1
23
490.64
51430026
霹雳靴
6
5
1
23
218
9
1
23
327
11
1
23
436.12
13
1
23
545.15
15
1
23
654.19
18
1
23
654.19
51430027
凶煞靴
6
5
1
23
91
9
1
23
137
11
1
23
182.94
13
1
23
228.67
15
1
23
274.41
18
1
23
274.41
51430028
凶煞靴
6
5
1
23
122
9
1
23
183
11
1
23
243.92
13
1
23
304.9
15
1
23
365.88
18
1
23
365.88
51430029
凶煞靴
6
5
1
23
168
9
1
23
252
11
1
23
335.39
13
1
23
419.23
15
1
23
503.08
18
1
23
503.08
51430030
凶煞靴
6
5
1
23
229
9
1
23
343
11
1
23
457.34
13
1
23
571.68
15
1
23
686.02
18
1
23
686.02
51430031
凶煞靴
6
5
1
23
305
9
1
23
457
11
1
23
609.79
13
1
23
762.24
15
1
23
914.69
18
1
23
914.69
51430032
狂神靴
6
5
1
23
118
9
1
23
177
11
1
23
236.37
13
1
23
295.46
15
1
23
354.55
18
1
23
354.55
51430033
狂神靴
6
5
1
23
158
9
1
23
236
11
1
23
315.15
13
1
23
393.94
15
1
23
472.73
18
1
23
472.73
51430034
狂神靴
6
5
1
23
217
9
1
23
325
11
1
23
433.34
13
1
23
541.67
15
1
23
650
18
1
23
650
51430035
狂神靴
6
5
1
23
295
9
1
23
443
11
1
23
590.91
13
1
23
738.64
15
1
23
886.37
18
1
23
886.37
51430036
狂神靴
6
5
1
23
394
9
1
23
591
11
1
23
787.88
13
1
23
984.86
15
1
23
1181.83
18
1
23
1181.83
51430037
龙魂靴
6
5
1
23
152
9
1
23
228
11
1
23
304.11
13
1
23
380.14
15
1
23
456.17
18
1
23
456.17
51430038
龙魂靴
6
5
1
23
203
9
1
23
304
11
1
23
405.48
13
1
23
506.85
15
1
23
608.22
18
1
23
608.22
51430039
龙魂靴
6
5
1
23
279
9
1
23
418
11
1
23
557.54
13
1
23
696.92
15
1
23
836.31
18
1
23
836.31
51430040
龙魂靴
6
5
1
23
380
9
1
23
570
11
1
23
760.28
13
1
23
950.35
15
1
23
1140.42
18
1
23
1140.42
51430041
龙魂靴
6
5
1
23
507
9
1
23
760
11
1
23
1013.7
13
1
23
1267.13
15
1
23
1520.56
18
1
23
1520.56
51430042
135鬼王鞋子
6
5
1
23
189
9
1
23
284
11
1
23
378.75
13
1
23
473.44
15
1
23
568.13
18
1
23
568.13
51430043
135鬼王鞋子
6
5
1
23
253
9
1
23
379
11
1
23
505
13
1
23
631.25
15
1
23
757.5
18
1
23
757.5
51430044
135鬼王鞋子
6
5
1
23
347
9
1
23
521
11
1
23
694.38
13
1
23
867.97
15
1
23
1041.56
18
1
23
1041.56
51430045
135鬼王鞋子
6
5
1
23
473
9
1
23
710
11
1
23
946.88
13
1
23
1183.59
15
1
23
1420.31
18
1
23
1420.31
51430046
135鬼王鞋子
6
5
1
23
631
9
1
23
947
11
1
23
1262.5
13
1
23
1578.13
15
1
23
1893.75
18
1
23
1893.75
52100001
白玉龙纹链
6
5
1
13
0.0045
9
1
22
53
11
1
13
0.009
13
1
23
67.49
15
1
13
0.009
18
1
73
0.009
52100002
白玉龙纹链
6
5
1
13
0.006
9
1
22
71
11
1
13
0.012
13
1
23
89.98
15
1
13
0.012
18
1
73
0.012
52100003
白玉龙纹链
6
5
1
13
0.00825
9
1
22
97
11
1
13
0.0165
13
1
23
123.73
15
1
13
0.0165
18
1
73
0.0165
52100004
白玉龙纹链
6
5
1
13
0.01125
9
1
22
132
11
1
13
0.0225
13
1
23
168.72
15
1
13
0.0225
18
1
73
0.0225
52100005
七星磐龙链
6
5
1
13
0.006
9
1
22
82
11
1
13
0.012
13
1
23
105.06
15
1
13
0.012
18
1
73
0.012
52100006
七星磐龙链
6
5
1
13
0.008
9
1
22
110
11
1
13
0.016
13
1
23
140.08
15
1
13
0.016
18
1
73
0.016
52100007
七星磐龙链
6
5
1
13
0.011
9
1
22
151
11
1
13
0.022
13
1
23
192.61
15
1
13
0.022
18
1
73
0.022
52100008
七星磐龙链
6
5
1
13
0.015
9
1
22
206
11
1
13
0.03
13
1
23
262.65
15
1
13
0.03
18
1
73
0.03
52100009
天河玄冰链
6
5
1
13
0.0075
9
1
22
86
11
1
13
0.015
13
1
23
109.23
15
1
13
0.015
18
1
73
0.015
52100010
天河玄冰链
6
5
1
13
0.01
9
1
22
114
11
1
13
0.02
13
1
23
145.64
15
1
13
0.02
18
1
73
0.02
52100011
天河玄冰链
6
5
1
13
0.01375
9
1
22
157
11
1
13
0.0275
13
1
23
200.25
15
1
13
0.0275
18
1
73
0.0275
52100012
天河玄冰链
6
5
1
13
0.01875
9
1
22
214
11
1
13
0.0375
13
1
23
273.07
15
1
13
0.0375
18
1
73
0.0375
52100013
天河玄冰链
6
5
1
13
0.025
9
1
22
285
11
1
13
0.05
13
1
23
364.09
15
1
13
0.05
18
1
73
0.05
52100014
混沌璇玉链
6
5
1
13
0.009
9
1
22
125
11
1
13
0.018
13
1
23
159.56
15
1
13
0.018
18
1
73
0.018
52100015
混沌璇玉链
6
5
1
13
0.012
9
1
22
167
11
1
13
0.024
13
1
23
212.75
15
1
13
0.024
18
1
73
0.024
52100016
混沌璇玉链
6
5
1
13
0.0165
9
1
22
229
11
1
13
0.033
13
1
23
292.53
15
1
13
0.033
18
1
73
0.033
52100017
混沌璇玉链
6
5
1
13
0.0225
9
1
22
313
11
1
13
0.045
13
1
23
398.91
15
1
13
0.045
18
1
73
0.045
52100018
混沌璇玉链
6
5
1
13
0.03
9
1
22
417
11
1
13
0.06
13
1
23
531.88
15
1
13
0.06
18
1
73
0.06
52100019
朱炎璇光链
6
5
1
13
0.0105
9
1
22
161
11
1
13
0.021
13
1
23
205.26
15
1
13
0.021
18
1
73
0.021
52100020
朱炎璇光链
6
5
1
13
0.014
9
1
22
215
11
1
13
0.028
13
1
23
273.67
15
1
13
0.028
18
1
73
0.028
52100021
朱炎璇光链
6
5
1
13
0.01925
9
1
22
295
11
1
13
0.0385
13
1
23
376.3
15
1
13
0.0385
18
1
73
0.0385
52100022
朱炎璇光链
6
5
1
13
0.02625
9
1
22
402
11
1
13
0.0525
13
1
23
513.14
15
1
13
0.0525
18
1
73
0.0525
52100023
朱炎璇光链
6
5
1
13
0.035
9
1
22
536
11
1
13
0.07
13
1
23
684.19
15
1
13
0.07
18
1
73
0.07
52100024
白玉龙纹戒
6
5
1
12
0.0045
9
1
22
53
11
1
12
0.009
13
1
23
67.49
15
1
12
0.009
18
1
74
0.009
52100025
白玉龙纹戒
6
5
1
12
0.006
9
1
22
71
11
1
12
0.012
13
1
23
89.98
15
1
12
0.012
18
1
74
0.012
52100026
白玉龙纹戒
6
5
1
12
0.00825
9
1
22
97
11
1
12
0.0165
13
1
23
123.73
15
1
12
0.0165
18
1
74
0.0165
52100027
白玉龙纹戒
6
5
1
12
0.01125
9
1
22
132
11
1
12
0.0225
13
1
23
168.72
15
1
12
0.0225
18
1
74
0.0225
52100028
七星磐龙戒
6
5
1
12
0.006
9
1
22
82
11
1
12
0.012
13
1
23
105.06
15
1
12
0.012
18
1
74
0.012
52100029
七星磐龙戒
6
5
1
12
0.008
9
1
22
110
11
1
12
0.016
13
1
23
140.08
15
1
12
0.016
18
1
74
0.016
52100030
七星磐龙戒
6
5
1
12
0.011
9
1
22
151
11
1
12
0.022
13
1
23
192.61
15
1
12
0.022
18
1
74
0.022
52100031
七星磐龙戒
6
5
1
12
0.015
9
1
22
206
11
1
12
0.03
13
1
23
262.65
15
1
12
0.03
18
1
74
0.03
52100032
天河玄冰戒
6
5
1
12
0.0075
9
1
22
86
11
1
12
0.015
13
1
23
109.23
15
1
12
0.015
18
1
74
0.015
52100033
天河玄冰戒
6
5
1
12
0.01
9
1
22
114
11
1
12
0.02
13
1
23
145.64
15
1
12
0.02
18
1
74
0.02
52100034
天河玄冰戒
6
5
1
12
0.01375
9
1
22
157
11
1
12
0.0275
13
1
23
200.25
15
1
12
0.0275
18
1
74
0.0275
52100035
天河玄冰戒
6
5
1
12
0.01875
9
1
22
214
11
1
12
0.0375
13
1
23
273.07
15
1
12
0.0375
18
1
74
0.0375
52100036
天河玄冰戒
6
5
1
12
0.025
9
1
22
285
11
1
12
0.05
13
1
23
364.09
15
1
12
0.05
18
1
74
0.05
52100037
混沌璇玉戒
6
5
1
12
0.009
9
1
22
125
11
1
12
0.018
13
1
23
159.56
15
1
12
0.018
18
1
74
0.018
52100038
混沌璇玉戒
6
5
1
12
0.012
9
1
22
167
11
1
12
0.024
13
1
23
212.75
15
1
12
0.024
18
1
74
0.024
52100039
混沌璇玉戒
6
5
1
12
0.0165
9
1
22
229
11
1
12
0.033
13
1
23
292.53
15
1
12
0.033
18
1
74
0.033
52100040
混沌璇玉戒
6
5
1
12
0.0225
9
1
22
313
11
1
12
0.045
13
1
23
398.91
15
1
12
0.045
18
1
74
0.045
52100041
混沌璇玉戒
6
5
1
12
0.03
9
1
22
417
11
1
12
0.06
13
1
23
531.88
15
1
12
0.06
18
1
74
0.06
52100042
朱炎璇光戒
6
5
1
12
0.0105
9
1
22
161
11
1
12
0.021
13
1
23
205.26
15
1
12
0.021
18
1
74
0.021
52100043
朱炎璇光戒
6
5
1
12
0.014
9
1
22
215
11
1
12
0.028
13
1
23
273.67
15
1
12
0.028
18
1
74
0.028
52100044
朱炎璇光戒
6
5
1
12
0.01925
9
1
22
295
11
1
12
0.0385
13
1
23
376.3
15
1
12
0.0385
18
1
74
0.0385
52100045
朱炎璇光戒
6
5
1
12
0.02625
9
1
22
402
11
1
12
0.0525
13
1
23
513.14
15
1
12
0.0525
18
1
74
0.0525
52100046
朱炎璇光戒
6
5
1
12
0.035
9
1
22
536
11
1
12
0.07
13
1
23
684.19
15
1
12
0.07
18
1
74
0.07
52100047
白玉龙纹镯
6
5
1
13
0.0045
9
1
22
53
11
1
13
0.009
13
1
23
67.49
15
1
13
0.009
18
1
73
0.009
52100048
白玉龙纹镯
6
5
1
13
0.006
9
1
22
71
11
1
13
0.012
13
1
23
89.98
15
1
13
0.012
18
1
73
0.012
52100049
白玉龙纹镯
6
5
1
13
0.00825
9
1
22
97
11
1
13
0.0165
13
1
23
123.73
15
1
13
0.0165
18
1
73
0.0165
52100050
白玉龙纹镯
6
5
1
13
0.01125
9
1
22
132
11
1
13
0.0225
13
1
23
168.72
15
1
13
0.0225
18
1
73
0.0225
52100051
七星磐龙镯
6
5
1
13
0.006
9
1
22
82
11
1
13
0.012
13
1
23
105.06
15
1
13
0.012
18
1
73
0.012
52100052
七星磐龙镯
6
5
1
13
0.008
9
1
22
110
11
1
13
0.016
13
1
23
140.08
15
1
13
0.016
18
1
73
0.016
52100053
七星磐龙镯
6
5
1
13
0.011
9
1
22
151
11
1
13
0.022
13
1
23
192.61
15
1
13
0.022
18
1
73
0.022
52100054
七星磐龙镯
6
5
1
13
0.015
9
1
22
206
11
1
13
0.03
13
1
23
262.65
15
1
13
0.03
18
1
73
0.03
52100055
天河玄冰镯
6
5
1
13
0.0075
9
1
22
86
11
1
13
0.015
13
1
23
109.23
15
1
13
0.015
18
1
73
0.015
52100056
天河玄冰镯
6
5
1
13
0.01
9
1
22
114
11
1
13
0.02
13
1
23
145.64
15
1
13
0.02
18
1
73
0.02
52100057
天河玄冰镯
6
5
1
13
0.01375
9
1
22
157
11
1
13
0.0275
13
1
23
200.25
15
1
13
0.0275
18
1
73
0.0275
52100058
天河玄冰镯
6
5
1
13
0.01875
9
1
22
214
11
1
13
0.0375
13
1
23
273.07
15
1
13
0.0375
18
1
73
0.0375
52100059
天河玄冰镯
6
5
1
13
0.025
9
1
22
285
11
1
13
0.05
13
1
23
364.09
15
1
13
0.05
18
1
73
0.05
52100060
混沌璇玉镯
6
5
1
13
0.009
9
1
22
125
11
1
13
0.018
13
1
23
159.56
15
1
13
0.018
18
1
73
0.018
52100061
混沌璇玉镯
6
5
1
13
0.012
9
1
22
167
11
1
13
0.024
13
1
23
212.75
15
1
13
0.024
18
1
73
0.024
52100062
混沌璇玉镯
6
5
1
13
0.0165
9
1
22
229
11
1
13
0.033
13
1
23
292.53
15
1
13
0.033
18
1
73
0.033
52100063
混沌璇玉镯
6
5
1
13
0.0225
9
1
22
313
11
1
13
0.045
13
1
23
398.91
15
1
13
0.045
18
1
73
0.045
52100064
混沌璇玉镯
6
5
1
13
0.03
9
1
22
417
11
1
13
0.06
13
1
23
531.88
15
1
13
0.06
18
1
73
0.06
52100065
朱炎璇光镯
6
5
1
13
0.0105
9
1
22
161
11
1
13
0.021
13
1
23
205.26
15
1
13
0.021
18
1
73
0.021
52100066
朱炎璇光镯
6
5
1
13
0.014
9
1
22
215
11
1
13
0.028
13
1
23
273.67
15
1
13
0.028
18
1
73
0.028
52100067
朱炎璇光镯
6
5
1
13
0.01925
9
1
22
295
11
1
13
0.0385
13
1
23
376.3
15
1
13
0.0385
18
1
73
0.0385
52100068
朱炎璇光镯
6
5
1
13
0.02625
9
1
22
402
11
1
13
0.0525
13
1
23
513.14
15
1
13
0.0525
18
1
73
0.0525
52100069
朱炎璇光镯
6
5
1
13
0.035
9
1
22
536
11
1
13
0.07
13
1
23
684.19
15
1
13
0.07
18
1
73
0.07
52100070
混沌璇玉链
6
5
1
13
0.012
9
1
22
208
11
1
13
0.024
13
1
23
265.2
15
1
13
0.024
18
1
73
0.024
52100071
混沌璇玉链
6
5
1
13
0.016
9
1
22
277
11
1
13
0.032
13
1
23
353.6
15
1
13
0.032
18
1
73
0.032
52100072
混沌璇玉链
6
5
1
13
0.022
9
1
22
381
11
1
13
0.044
13
1
23
486.2
15
1
13
0.044
18
1
73
0.044
52100073
混沌璇玉链
6
5
1
13
0.03
9
1
22
520
11
1
13
0.06
13
1
23
663
15
1
13
0.06
18
1
73
0.06
52100074
混沌璇玉链
6
5
1
13
0.04
9
1
22
693
11
1
13
0.08
13
1
23
884.01
15
1
13
0.08
18
1
73
0.08
52100075
朱炎璇光链
6
5
1
13
0.0135
9
1
22
268
11
1
13
0.027
13
1
23
341.21
15
1
13
0.027
18
1
73
0.027
52100076
朱炎璇光链
6
5
1
13
0.018
9
1
22
357
11
1
13
0.036
13
1
23
454.95
15
1
13
0.036
18
1
73
0.036
52100077
朱炎璇光链
6
5
1
13
0.02475
9
1
22
490
11
1
13
0.0495
13
1
23
625.56
15
1
13
0.0495
18
1
73
0.0495
52100078
朱炎璇光链
6
5
1
13
0.03375
9
1
22
669
11
1
13
0.0675
13
1
23
853.03
15
1
13
0.0675
18
1
73
0.0675
52100079
朱炎璇光链
6
5
1
13
0.045
9
1
22
892
11
1
13
0.09
13
1
23
1137.38
15
1
13
0.09
18
1
73
0.09
52100080
混沌璇玉戒
6
5
1
12
0.012
9
1
22
208
11
1
12
0.024
13
1
23
265.2
15
1
12
0.024
18
1
74
0.024
52100081
混沌璇玉戒
6
5
1
12
0.016
9
1
22
277
11
1
12
0.032
13
1
23
353.6
15
1
12
0.032
18
1
74
0.032
52100082
混沌璇玉戒
6
5
1
12
0.022
9
1
22
381
11
1
12
0.044
13
1
23
486.2
15
1
12
0.044
18
1
74
0.044
52100083
混沌璇玉戒
6
5
1
12
0.03
9
1
22
520
11
1
12
0.06
13
1
23
663
15
1
12
0.06
18
1
74
0.06
52100084
混沌璇玉戒
6
5
1
12
0.04
9
1
22
693
11
1
12
0.08
13
1
23
884.01
15
1
12
0.08
18
1
74
0.08
52100085
朱炎璇光戒
6
5
1
12
0.0135
9
1
22
268
11
1
12
0.027
13
1
23
341.21
15
1
12
0.027
18
1
74
0.027
52100086
朱炎璇光戒
6
5
1
12
0.018
9
1
22
357
11
1
12
0.036
13
1
23
454.95
15
1
12
0.036
18
1
74
0.036
52100087
朱炎璇光戒
6
5
1
12
0.02475
9
1
22
490
11
1
12
0.0495
13
1
23
625.56
15
1
12
0.0495
18
1
74
0.0495
52100088
朱炎璇光戒
6
5
1
12
0.03375
9
1
22
669
11
1
12
0.0675
13
1
23
853.03
15
1
12
0.0675
18
1
74
0.0675
52100089
朱炎璇光戒
6
5
1
12
0.045
9
1
22
892
11
1
12
0.09
13
1
23
1137.38
15
1
12
0.09
18
1
74
0.09
52100090
混沌璇玉镯
6
5
1
13
0.012
9
1
22
208
11
1
13
0.024
13
1
23
265.2
15
1
13
0.024
18
1
73
0.024
52100091
混沌璇玉镯
6
5
1
13
0.016
9
1
22
277
11
1
13
0.032
13
1
23
353.6
15
1
13
0.032
18
1
73
0.032
52100092
混沌璇玉镯
6
5
1
13
0.022
9
1
22
381
11
1
13
0.044
13
1
23
486.2
15
1
13
0.044
18
1
73
0.044
52100093
混沌璇玉镯
6
5
1
13
0.03
9
1
22
520
11
1
13
0.06
13
1
23
663
15
1
13
0.06
18
1
73
0.06
52100094
混沌璇玉镯
6
5
1
13
0.04
9
1
22
693
11
1
13
0.08
13
1
23
884.01
15
1
13
0.08
18
1
73
0.08
52100095
朱炎璇光镯
6
5
1
13
0.0135
9
1
22
268
11
1
13
0.027
13
1
23
341.21
15
1
13
0.027
18
1
73
0.027
52100096
朱炎璇光镯
6
5
1
13
0.018
9
1
22
357
11
1
13
0.036
13
1
23
454.95
15
1
13
0.036
18
1
73
0.036
52100097
朱炎璇光镯
6
5
1
13
0.02475
9
1
22
490
11
1
13
0.0495
13
1
23
625.56
15
1
13
0.0495
18
1
73
0.0495
52100098
朱炎璇光镯
6
5
1
13
0.03375
9
1
22
669
11
1
13
0.0675
13
1
23
853.03
15
1
13
0.0675
18
1
73
0.0675
52100099
朱炎璇光镯
6
5
1
13
0.045
9
1
22
892
11
1
13
0.09
13
1
23
1137.38
15
1
13
0.09
18
1
73
0.09
52100100
135链
6
5
1
13
0.015
9
1
22
327
11
1
13
0.03
13
1
23
417.22
15
1
13
0.03
18
1
73
0.03
52100101
135链
6
5
1
13
0.02
9
1
22
436
11
1
13
0.04
13
1
23
556.3
15
1
13
0.04
18
1
73
0.04
52100102
135链
6
5
1
13
0.0275
9
1
22
600
11
1
13
0.055
13
1
23
764.91
15
1
13
0.055
18
1
73
0.055
52100103
135链
6
5
1
13
0.0375
9
1
22
818
11
1
13
0.075
13
1
23
1043.06
15
1
13
0.075
18
1
73
0.075
52100104
135链
6
5
1
13
0.05
9
1
22
1090
11
1
13
0.1
13
1
23
1390.74
15
1
13
0.1
18
1
73
0.1
52100105
135戒
6
5
1
12
0.015
9
1
22
327
11
1
12
0.03
13
1
23
417.22
15
1
12
0.03
18
1
74
0.03
52100106
135戒
6
5
1
12
0.02
9
1
22
436
11
1
12
0.04
13
1
23
556.3
15
1
12
0.04
18
1
74
0.04
52100107
135戒
6
5
1
12
0.0275
9
1
22
600
11
1
12
0.055
13
1
23
764.91
15
1
12
0.055
18
1
74
0.055
52100108
135戒
6
5
1
12
0.0375
9
1
22
818
11
1
12
0.075
13
1
23
1043.06
15
1
12
0.075
18
1
74
0.075
52100109
135戒
6
5
1
12
0.05
9
1
22
1090
11
1
12
0.1
13
1
23
1390.74
15
1
12
0.1
18
1
74
0.1
52100110
135镯
6
5
1
13
0.015
9
1
22
327
11
1
13
0.03
13
1
23
417.22
15
1
13
0.03
18
1
73
0.03
52100111
135镯
6
5
1
13
0.02
9
1
22
436
11
1
13
0.04
13
1
23
556.3
15
1
13
0.04
18
1
73
0.04
52100112
135镯
6
5
1
13
0.0275
9
1
22
600
11
1
13
0.055
13
1
23
764.91
15
1
13
0.055
18
1
73
0.055
52100113
135镯
6
5
1
13
0.0375
9
1
22
818
11
1
13
0.075
13
1
23
1043.06
15
1
13
0.075
18
1
73
0.075
52100114
135镯
6
5
1
13
0.05
9
1
22
1090
11
1
13
0.1
13
1
23
1390.74
15
1
13
0.1
18
1
73
0.1
52110001
真·白玉龙纹链
6
5
1
13
0.015
9
1
22
176
11
1
13
0.03
13
1
23
224.96
15
1
13
0.03
18
1
73
0.03
52110002
真·七星磐龙链
6
5
1
13
0.02
9
1
22
275
11
1
13
0.04
13
1
23
350.2
15
1
13
0.04
18
1
73
0.04
52110003
真·天河玄冰链
6
5
1
13
0.025
9
1
22
285
11
1
13
0.05
13
1
23
364.09
15
1
13
0.05
18
1
73
0.05
52110004
真·天河玄冰链
6
5
1
13
0.025
9
1
22
285
11
1
13
0.05
13
1
23
364.09
15
1
13
0.05
18
1
73
0.05
52110005
真·天河玄冰链
6
5
1
13
0.025
9
1
22
285
11
1
13
0.05
13
1
23
364.09
15
1
13
0.05
18
1
73
0.05
52110006
真·天河玄冰链
6
5
1
13
0.025
9
1
22
285
11
1
13
0.05
13
1
23
364.09
15
1
13
0.05
18
1
73
0.05
52110007
真·混沌璇玉链
6
5
1
13
0.03
9
1
22
417
11
1
13
0.06
13
1
23
531.88
15
1
13
0.06
18
1
73
0.06
52110008
真·混沌璇玉链
6
5
1
13
0.03
9
1
22
417
11
1
13
0.06
13
1
23
531.88
15
1
13
0.06
18
1
73
0.06
52110009
真·混沌璇玉链
6
5
1
13
0.03
9
1
22
417
11
1
13
0.06
13
1
23
531.88
15
1
13
0.06
18
1
73
0.06
52110010
真·混沌璇玉链
6
5
1
13
0.03
9
1
22
417
11
1
13
0.06
13
1
23
531.88
15
1
13
0.06
18
1
73
0.06
52110011
真·朱炎璇光链
6
5
1
13
0.035
9
1
22
536
11
1
13
0.07
13
1
23
684.19
15
1
13
0.07
18
1
73
0.07
52110012
真·朱炎璇光链
6
5
1
13
0.035
9
1
22
536
11
1
13
0.07
13
1
23
684.19
15
1
13
0.07
18
1
73
0.07
52110013
真·朱炎璇光链
6
5
1
13
0.035
9
1
22
536
11
1
13
0.07
13
1
23
684.19
15
1
13
0.07
18
1
73
0.07
52110014
真·朱炎璇光链
6
5
1
13
0.035
9
1
22
536
11
1
13
0.07
13
1
23
684.19
15
1
13
0.07
18
1
73
0.07
52110015
真·白玉龙纹戒
6
5
1
12
0.015
9
1
22
176
11
1
12
0.03
13
1
23
224.96
15
1
12
0.03
18
1
74
0.03
52110016
真·七星磐龙戒
6
5
1
12
0.02
9
1
22
275
11
1
12
0.04
13
1
23
350.2
15
1
12
0.04
18
1
74
0.04
52110017
真·天河玄冰戒
6
5
1
12
0.025
9
1
22
285
11
1
12
0.05
13
1
23
364.09
15
1
12
0.05
18
1
74
0.05
52110018
真·天河玄冰戒
6
5
1
12
0.025
9
1
22
285
11
1
12
0.05
13
1
23
364.09
15
1
12
0.05
18
1
74
0.05
52110019
真·天河玄冰戒
6
5
1
12
0.025
9
1
22
285
11
1
12
0.05
13
1
23
364.09
15
1
12
0.05
18
1
74
0.05
52110020
真·天河玄冰戒
6
5
1
12
0.025
9
1
22
285
11
1
12
0.05
13
1
23
364.09
15
1
12
0.05
18
1
74
0.05
52110021
真·混沌璇玉戒
6
5
1
12
0.03
9
1
22
417
11
1
12
0.06
13
1
23
531.88
15
1
12
0.06
18
1
74
0.06
52110022
真·混沌璇玉戒
6
5
1
12
0.03
9
1
22
417
11
1
12
0.06
13
1
23
531.88
15
1
12
0.06
18
1
74
0.06
52110023
真·混沌璇玉戒
6
5
1
12
0.03
9
1
22
417
11
1
12
0.06
13
1
23
531.88
15
1
12
0.06
18
1
74
0.06
52110024
真·混沌璇玉戒
6
5
1
12
0.03
9
1
22
417
11
1
12
0.06
13
1
23
531.88
15
1
12
0.06
18
1
74
0.06
52110025
真·朱炎璇光戒
6
5
1
12
0.035
9
1
22
536
11
1
12
0.07
13
1
23
684.19
15
1
12
0.07
18
1
74
0.07
52110026
真·朱炎璇光戒
6
5
1
12
0.035
9
1
22
536
11
1
12
0.07
13
1
23
684.19
15
1
12
0.07
18
1
74
0.07
52110027
真·朱炎璇光戒
6
5
1
12
0.035
9
1
22
536
11
1
12
0.07
13
1
23
684.19
15
1
12
0.07
18
1
74
0.07
52110028
真·朱炎璇光戒
6
5
1
12
0.035
9
1
22
536
11
1
12
0.07
13
1
23
684.19
15
1
12
0.07
18
1
74
0.07
52110029
真·白玉龙纹镯
6
5
1
13
0.015
9
1
22
176
11
1
13
0.03
13
1
23
224.96
15
1
13
0.03
18
1
73
0.03
52110030
真·七星磐龙镯
6
5
1
13
0.02
9
1
22
275
11
1
13
0.04
13
1
23
350.2
15
1
13
0.04
18
1
73
0.04
52110031
真·天河玄冰镯
6
5
1
13
0.025
9
1
22
285
11
1
13
0.05
13
1
23
364.09
15
1
13
0.05
18
1
73
0.05
52110032
真·天河玄冰镯
6
5
1
13
0.025
9
1
22
285
11
1
13
0.05
13
1
23
364.09
15
1
13
0.05
18
1
73
0.05
52110033
真·天河玄冰镯
6
5
1
13
0.025
9
1
22
285
11
1
13
0.05
13
1
23
364.09
15
1
13
0.05
18
1
73
0.05
52110034
真·天河玄冰镯
6
5
1
13
0.025
9
1
22
285
11
1
13
0.05
13
1
23
364.09
15
1
13
0.05
18
1
73
0.05
52110035
真·混沌璇玉镯
6
5
1
13
0.03
9
1
22
417
11
1
13
0.06
13
1
23
531.88
15
1
13
0.06
18
1
73
0.06
52110036
真·混沌璇玉镯
6
5
1
13
0.03
9
1
22
417
11
1
13
0.06
13
1
23
531.88
15
1
13
0.06
18
1
73
0.06
52110037
真·混沌璇玉镯
6
5
1
13
0.03
9
1
22
417
11
1
13
0.06
13
1
23
531.88
15
1
13
0.06
18
1
73
0.06
52110038
真·混沌璇玉镯
6
5
1
13
0.03
9
1
22
417
11
1
13
0.06
13
1
23
531.88
15
1
13
0.06
18
1
73
0.06
52110039
真·朱炎璇光镯
6
5
1
13
0.035
9
1
22
536
11
1
13
0.07
13
1
23
684.19
15
1
13
0.07
18
1
73
0.07
52110040
真·朱炎璇光镯
6
5
1
13
0.035
9
1
22
536
11
1
13
0.07
13
1
23
684.19
15
1
13
0.07
18
1
73
0.07
52110041
真·朱炎璇光镯
6
5
1
13
0.035
9
1
22
536
11
1
13
0.07
13
1
23
684.19
15
1
13
0.07
18
1
73
0.07
52110042
真·朱炎璇光镯
6
5
1
13
0.035
9
1
22
536
11
1
13
0.07
13
1
23
684.19
15
1
13
0.07
18
1
73
0.07
52110043
真·天梵龙骨链
6
5
1
13
0.04
9
1
22
693
11
1
13
0.08
13
1
23
884.01
15
1
13
0.08
18
1
73
0.08
52110044
真·天梵龙骨链
6
5
1
13
0.04
9
1
22
693
11
1
13
0.08
13
1
23
884.01
15
1
13
0.08
18
1
73
0.08
52110045
真·天梵龙骨链
6
5
1
13
0.04
9
1
22
693
11
1
13
0.08
13
1
23
884.01
15
1
13
0.08
18
1
73
0.08
52110046
真·天梵龙骨链
6
5
1
13
0.04
9
1
22
693
11
1
13
0.08
13
1
23
884.01
15
1
13
0.08
18
1
73
0.08
52110047
真·黑虹戾风链
6
5
1
13
0.045
9
1
22
892
11
1
13
0.09
13
1
23
1137.38
15
1
13
0.09
18
1
73
0.09
52110048
真·黑虹戾风链
6
5
1
13
0.045
9
1
22
892
11
1
13
0.09
13
1
23
1137.38
15
1
13
0.09
18
1
73
0.09
52110049
真·黑虹戾风链
6
5
1
13
0.045
9
1
22
892
11
1
13
0.09
13
1
23
1137.38
15
1
13
0.09
18
1
73
0.09
52110050
真·黑虹戾风链
6
5
1
13
0.045
9
1
22
892
11
1
13
0.09
13
1
23
1137.38
15
1
13
0.09
18
1
73
0.09
52110051
真·天梵龙骨戒
6
5
1
12
0.04
9
1
22
693
11
1
12
0.08
13
1
23
884.01
15
1
12
0.08
18
1
74
0.08
52110052
真·天梵龙骨戒
6
5
1
12
0.04
9
1
22
693
11
1
12
0.08
13
1
23
884.01
15
1
12
0.08
18
1
74
0.08
52110053
真·天梵龙骨戒
6
5
1
12
0.04
9
1
22
693
11
1
12
0.08
13
1
23
884.01
15
1
12
0.08
18
1
74
0.08
52110054
真·天梵龙骨戒
6
5
1
12
0.04
9
1
22
693
11
1
12
0.08
13
1
23
884.01
15
1
12
0.08
18
1
74
0.08
52110055
真·黑虹戾风戒
6
5
1
12
0.045
9
1
22
892
11
1
12
0.09
13
1
23
1137.38
15
1
12
0.09
18
1
74
0.09
52110056
真·黑虹戾风戒
6
5
1
12
0.045
9
1
22
892
11
1
12
0.09
13
1
23
1137.38
15
1
12
0.09
18
1
74
0.09
52110057
真·黑虹戾风戒
6
5
1
12
0.045
9
1
22
892
11
1
12
0.09
13
1
23
1137.38
15
1
12
0.09
18
1
74
0.09
52110058
真·黑虹戾风戒
6
5
1
12
0.045
9
1
22
892
11
1
12
0.09
13
1
23
1137.38
15
1
12
0.09
18
1
74
0.09
52110059
真·天梵龙骨镯
6
5
1
13
0.04
9
1
22
693
11
1
13
0.08
13
1
23
884.01
15
1
13
0.08
18
1
73
0.08
52110060
真·天梵龙骨镯
6
5
1
13
0.04
9
1
22
693
11
1
13
0.08
13
1
23
884.01
15
1
13
0.08
18
1
73
0.08
52110061
真·天梵龙骨镯
6
5
1
13
0.04
9
1
22
693
11
1
13
0.08
13
1
23
884.01
15
1
13
0.08
18
1
73
0.08
52110062
真·天梵龙骨镯
6
5
1
13
0.04
9
1
22
693
11
1
13
0.08
13
1
23
884.01
15
1
13
0.08
18
1
73
0.08
52110063
真·黑虹戾风镯
6
5
1
13
0.045
9
1
22
892
11
1
13
0.09
13
1
23
1137.38
15
1
13
0.09
18
1
73
0.09
52110064
真·黑虹戾风镯
6
5
1
13
0.045
9
1
22
892
11
1
13
0.09
13
1
23
1137.38
15
1
13
0.09
18
1
73
0.09
52110065
真·黑虹戾风镯
6
5
1
13
0.045
9
1
22
892
11
1
13
0.09
13
1
23
1137.38
15
1
13
0.09
18
1
73
0.09
52110066
真·黑虹戾风镯
6
5
1
13
0.045
9
1
22
892
11
1
13
0.09
13
1
23
1137.38
15
1
13
0.09
18
1
73
0.09
52110067
极·朱炎璇光链
6
5
1
13
0.035
9
1
22
536
11
1
13
0.07
13
1
23
684.19
15
1
13
0.07
18
1
73
0.07
52110068
极·朱炎璇光戒
6
5
1
12
0.035
9
1
22
536
11
1
12
0.07
13
1
23
684.19
15
1
12
0.07
18
1
74
0.07
52110069
极·朱炎璇光镯
6
5
1
13
0.035
9
1
22
536
11
1
13
0.07
13
1
23
684.19
15
1
13
0.07
18
1
73
0.07
52110070
极·天梵龙骨链
6
5
1
13
0.04
9
1
22
693
11
1
13
0.08
13
1
23
884.01
15
1
13
0.08
18
1
73
0.08
52110071
极·天梵龙骨戒
6
5
1
12
0.04
9
1
22
693
11
1
12
0.08
13
1
23
884.01
15
1
12
0.08
18
1
74
0.08
52110072
极·天梵龙骨镯
6
5
1
13
0.04
9
1
22
693
11
1
13
0.08
13
1
23
884.01
15
1
13
0.08
18
1
73
0.08
52110073
极·黑虹戾风链
6
5
1
13
0.045
9
1
22
892
11
1
13
0.09
13
1
23
1137.38
15
1
13
0.09
18
1
73
0.09
52110074
极·黑虹戾风戒
6
5
1
12
0.045
9
1
22
892
11
1
12
0.09
13
1
23
1137.38
15
1
12
0.09
18
1
74
0.09
52110075
极·黑虹戾风镯
6
5
1
13
0.045
9
1
22
892
11
1
13
0.09
13
1
23
1137.38
15
1
13
0.09
18
1
73
0.09
52110076
真·135链
6
5
1
13
0.05
9
1
22
1090
11
1
13
0.1
13
1
23
1390.74
15
1
13
0.1
18
1
73
0.1
52110077
真·135链
6
5
1
13
0.05
9
1
22
1090
11
1
13
0.1
13
1
23
1390.74
15
1
13
0.1
18
1
73
0.1
52110078
真·135链
6
5
1
13
0.05
9
1
22
1090
11
1
13
0.1
13
1
23
1390.74
15
1
13
0.1
18
1
73
0.1
52110079
真·135链
6
5
1
13
0.05
9
1
22
1090
11
1
13
0.1
13
1
23
1390.74
15
1
13
0.1
18
1
73
0.1
52110080
真·135戒
6
5
1
12
0.05
9
1
22
1090
11
1
12
0.1
13
1
23
1390.74
15
1
12
0.1
18
1
74
0.1
52110081
真·135戒
6
5
1
12
0.05
9
1
22
1090
11
1
12
0.1
13
1
23
1390.74
15
1
12
0.1
18
1
74
0.1
52110082
真·135戒
6
5
1
12
0.05
9
1
22
1090
11
1
12
0.1
13
1
23
1390.74
15
1
12
0.1
18
1
74
0.1
52110083
真·135戒
6
5
1
12
0.05
9
1
22
1090
11
1
12
0.1
13
1
23
1390.74
15
1
12
0.1
18
1
74
0.1
52110084
真·135镯
6
5
1
13
0.05
9
1
22
1090
11
1
13
0.1
13
1
23
1390.74
15
1
13
0.1
18
1
73
0.1
52110085
真·135镯
6
5
1
13
0.05
9
1
22
1090
11
1
13
0.1
13
1
23
1390.74
15
1
13
0.1
18
1
73
0.1
52110086
真·135镯
6
5
1
13
0.05
9
1
22
1090
11
1
13
0.1
13
1
23
1390.74
15
1
13
0.1
18
1
73
0.1
52110087
真·135镯
6
5
1
13
0.05
9
1
22
1090
11
1
13
0.1
13
1
23
1390.74
15
1
13
0.1
18
1
73
0.1
52110088
极·135链
6
5
1
13
0.05
9
1
22
1090
11
1
13
0.1
13
1
23
1390.74
15
1
13
0.1
18
1
73
0.1
52110089
极·135戒
6
5
1
12
0.05
9
1
22
1090
11
1
12
0.1
13
1
23
1390.74
15
1
12
0.1
18
1
74
0.1
52110090
极·135镯
6
5
1
13
0.05
9
1
22
1090
11
1
13
0.1
13
1
23
1390.74
15
1
13
0.1
18
1
73
0.1
51900001
测试用装备_武器
0
51900002
测试用装备_衣服
0
51900003
测试用装备_帽子
0
51900004
测试用装备_鞋
0
51900005
测试用装备_武器
0
51900006
测试用装备_衣服
0
51900007
测试用装备_帽子
0
51900008
测试用装备_鞋
0
51900009
15级非R
0
51900010
15级小R
0
51900011
30级非R
0
51900012
30级小R
0
51900013
30级大R
0
51900014
首充武器
5
5
2
18
96
19
132
9
1
6
0.03
11
2
18
205
19
281
13
1
8
0.113
15
2
18
301
19
414
51900015
首充武器
5
5
2
18
84
19
120
9
1
6
0.03
11
2
18
179
19
256
13
1
8
0.113
15
2
18
263
19
376
51900016
首充武器
5
5
2
18
102
19
138
9
1
6
0.03
11
2
18
217
19
294
13
1
8
0.113
15
2
18
320
19
432
51900017
首充武器
2
5
2
18
133
19
180
9
1
6
0.03
51900018
45级武器橙_青云门
5
5
2
18
150
19
206
9
1
6
0.045
11
2
18
318
19
438
13
1
8
0.15
15
2
18
468
19
644
51900019
45级武器橙_天音寺
5
5
2
18
131
19
187
9
1
6
0.045
11
2
18
279
19
398
13
1
8
0.15
15
2
18
410
19
585
51900020
45级武器橙_鬼王宗
5
5
2
18
159
19
215
9
1
6
0.045
11
2
18
338
19
458
13
1
8
0.15
15
2
18
497
19
673
51900021
45级衣服橙_青云门
5
5
1
20
112
9
1
7
0.09
11
1
20
239
13
1
9
0.075
15
1
20
351
51900022
45级衣服橙_天音寺
5
5
1
20
122
9
1
7
0.09
11
1
20
259
13
1
9
0.075
15
1
20
380
51900023
45级衣服橙_鬼王宗
5
5
1
20
103
9
1
7
0.09
11
1
20
219
13
1
9
0.075
15
1
20
322
51900024
45级帽子橙_青云门
5
5
1
22
95
9
1
22
143
11
1
22
191
13
1
22
238
15
1
22
286
51900025
45级帽子橙_天音寺
5
5
1
22
91
9
1
22
136
11
1
22
182
13
1
22
227
15
1
22
272
51900026
45级帽子橙_鬼王宗
5
5
1
22
102
9
1
22
153
11
1
22
204
13
1
22
255
15
1
22
306
51900027
45级鞋子橙_青云门
5
5
1
23
91
9
1
23
136
11
1
23
181.54
13
1
23
226.92
15
1
23
272.31
51900028
45级鞋子橙_天音寺
5
5
1
23
95
9
1
23
143
11
1
23
190.61
13
1
23
238.27
15
1
23
285.92
51900029
45级鞋子橙_鬼王宗
5
5
1
23
91
9
1
23
136
11
1
23
181.54
13
1
23
226.92
15
1
23
272.31
