2
22
1
1000
4
-53.78683
18.57179
91.38795
-0.5
0
0
0.5
0
0
-36.37878
18.57178
90.80554
-0.5
0
0
0.5
0
0
-36.93698
18.57178
78.20616
-8.684368
0
0.283844
8.684368
0
-0.283844
-52.83852
18.57179
78.52269
-8.684361
0
0.2838364
8.684361
0
-0.2838364
0
2
1000
3
18.8182
0
16.60821
0.045009
0
-0.4979574
-0.8956546
0
9.90909
-18.28299
0
11.02561
4.262509
0
18.52211
-4.87233
0
-21.172
28.99951
0
-1.125608
-5.524332
0
-24.14471
0.1115174
0
0.4873991
1001
5
-1
0
0
-0.5
0
0
0.5
0
0
0
0
0
-0.125
0
0
0.125
0
0
0.359375
0
0
-0.046875
0
0
0.046875
0
0
1
0
0
-0.5
0
0
0.5
0
0
2
0
0
-0.5
0
0
0.5
0
0
