203
7010101
草庙村1
8010101
8010102
8010103
8010104
-1
什么人竟敢当街行凶！
7010102
草庙村1
-1
-1
-1
-1
8010105
哈哈哈哈！！！多管闲事，爷爷送你上路
7010103
草庙村1
-1
-1
-1
-1
8010106
果然有点本事，弟兄们上！！！
7010201
草庙村2
8010201
8010202
8010203
8010204
-1
你们这群贼人！把那对母女怎么了？
7010202
草庙村2
-1
-1
-1
-1
8010205
弟兄们，上！！
7010203
草庙村2
-1
-1
-1
-1
8010206
这家伙有点本事，快去叫老大！！！
7010204
草庙村2
-1
-1
-1
-1
8010207
炼血堂的闲事你也敢管，真是不要命了！！！
7010301
草庙村3
8010301
8010302
8010303
8010304
-1
哼，果然是炼血堂的恶贼！！
7010302
草庙村3
-1
-1
-1
-1
8010305
哼！既然让我撞上了，又岂能袖手旁观！
7010303
草庙村3
-1
-1
-1
-1
8010306
这些人好凶啊，比我大嫂发怒时还可怕！
7010304
草庙村3
-1
-1
-1
-1
8010307
哈哈哈哈，在老娘手底下逃出去的人，还没出生呢！
7010401
草庙村4
-1
-1
-1
-1
8010401
踏破铁鞋无觅处，得来全不费功夫！
7010402
草庙村4
-1
-1
-1
-1
8010402
天堂有路你不走，哈哈哈！
7010403
草庙村4
-1
-1
-1
-1
8010403
哼，不知死活！！！抓了去，一起喂血鲲！
7010501
草庙村5
-1
-1
-1
-1
8010501
感受来自九幽的凶煞之力吧！
7010502
草庙村5
-1
-1
-1
-1
8010502
尝尝毒血幡的威力吧！
7010503
草庙村5
-1
-1
-1
-1
8010503
年轻人，你也想试试七尾蜈蚣么？
7010601
草庙村6
8010601
8010602
8010603
8010604
-1
怎么尽是哭喊之声……不好……出事了！
7010602
草庙村6
-1
-1
-1
-1
8010605
还我命来……
7010603
草庙村6
-1
-1
-1
-1
8010606
我要收了你的魂……
7010604
草庙村6
-1
-1
-1
-1
8010607
杀了他们……杀了他们……
7020101
青云山
-1
-1
-1
-1
8020101
我师父为人正直严谨，我怕会让他失望。
7020102
青云山
-1
-1
-1
-1
8020102
我一直想，只有自己强大了，才能给亲人们报仇。可是，报了仇又怎样呢，他们还是不会回来了。
7020103
青云山
-1
-1
-1
-1
8020103
你说得对，我会努力，既然选择进入青云门，我就没再想过第二条路。
7020201
青云山
-1
-1
-1
-1
8020201
好像有什么声音？
7020202
青云山
-1
-1
-1
-1
8020202
啊！那是什么？！
7020203
青云山
-1
-1
-1
-1
8020203
这大竹峰……白天不是这样的！
7020204
青云山
-1
-1
-1
-1
8020204
那些是……鬼影？！
7020205
青云山
-1
-1
-1
-1
8020205
啊！！——
7020206
青云山
-1
-1
-1
-1
8020206
你是谁？！
7020207
青云山
-1
-1
-1
-1
8020207
休得伤人！
7020301
青云山
-1
-1
-1
-1
8020301
小心！她有帮手！
7020302
青云山
-1
-1
-1
-1
8020302
她往这边逃了！
7020303
青云山
-1
-1
-1
-1
8020303
竟然放出拦路妖魔？！
7020304
青云山
-1
-1
-1
-1
8020304
哼，果然不是好人！
7020305
青云山
-1
-1
-1
-1
8020305
怎么不见了？！
7020306
青云山
-1
-1
-1
-1
8020306
我们分头找！
7020307
青云山
-1
-1
-1
-1
8020307
不好，戒律堂弟子来了！
7020308
青云山
-1
-1
-1
-1
8020308
这下走不掉了……
7020401
青云山
-1
-1
-1
-1
8020401
小凡，你怎么那么慢啊！
7020402
青云山
-1
-1
-1
-1
8020402
师姐，我这就来了！
7020403
青云山
-1
-1
-1
-1
8020403
看这次你多久砍完一根竹子！
7020404
青云山
-1
-1
-1
-1
8020404
一只猴子，胆敢在大竹峰撒野！
7020405
青云山
-1
-1
-1
-1
8020405
它往那边逃去了！
7020406
青云山
-1
-1
-1
-1
8020406
跟我来！
7020407
青云山
8020407
8020408
8020409
8020410
-1
咦？那是什么........哇！闹鬼了！
7020501
青云山
-1
-1
-1
-1
8020501
雪琪，你可喜欢珍兽灵宠？
7020502
青云山
-1
-1
-1
-1
8020502
我养了很多银铃狸猫！
7020503
青云山
-1
-1
-1
-1
8020503
我没兴趣，谁让你放出来的，把它们带走。
7020504
青云山
-1
-1
-1
-1
8020504
雪琪，你看这风光旖旎，暖风和煦。
7020505
青云山
-1
-1
-1
-1
8020505
不如我们晚上品酒赏月可好？
7020506
青云山
-1
-1
-1
-1
8020506
我还带了从那颜如玉书屋搜集来的各类奇书。
7020507
青云山
-1
-1
-1
-1
8020507
不必了，我那天只是去找几本古籍。
7020508
青云山
-1
-1
-1
-1
8020508
还有，你养的猴子又跑出来了。
7020601
青云山
-1
-1
-1
-1
8020601
往常师姐就在这里等我啊。
7020602
青云山
-1
-1
-1
-1
8020602
怎么没人？莫不是被师父留下做功课了？
7020603
青云山
8020603
8020604
8020605
8020606
-1
不对！那是什么人？！炼血堂？！
7020604
青云山
-1
-1
-1
-1
8020607
是魔教？！魔教中人怎会在青云山？！
7020605
青云山
-1
-1
-1
-1
8020608
我们去前面看看！
7020606
青云山
8020609
8020610
8020611
8020612
-1
欲留性命，携嗜血珠至河阳颜如玉书屋。
7020607
青云山
-1
-1
-1
-1
8020613
嗜血珠？！那是什么？！
7020608
青云山
-1
-1
-1
-1
8020614
得赶快找宋师兄想办法！
7020701
青云山
-1
-1
-1
-1
8020701
小心，这里全是敌人！
7020702
青云山
-1
-1
-1
-1
8020702
没想到这间书屋竟是炼血堂的据点。
7020703
青云山
-1
-1
-1
-1
8020703
那边有敌人过来了！
7020704
青云山
-1
-1
-1
-1
8020704
想必师姐就被关在这里了，我们快找！
7020705
青云山
-1
-1
-1
-1
8020705
你先找人，我来挡一阵！
7020706
青云山
-1
-1
-1
-1
8020706
这里不乏高手！
7020707
青云山
-1
-1
-1
-1
8020707
师父！师娘！
7020708
青云山
-1
-1
-1
-1
8020708
哼，算你们人多厉害！
7020709
青云山
-1
-1
-1
-1
8020709
要那丫头的命！带嗜血珠到碧火冰天湖来换！
7020801
青云山
-1
-1
-1
-1
8020801
这等残忍之事也只有魔教干得出来！
7020802
青云山
-1
-1
-1
-1
8020802
师姐就在那边！
7020803
青云山
-1
-1
-1
-1
8020803
有埋伏！
7020804
青云山
-1
-1
-1
-1
8020804
小凡！你们小心！
7020805
青云山
-1
-1
-1
-1
8020805
师姐！我来救你！
7020806
青云山
-1
-1
-1
-1
8020806
师门其他人都来了么？
7020807
青云山
-1
-1
-1
-1
8020807
齐昊师兄已带领同门赶来了。
7020808
青云山
-1
-1
-1
-1
8020808
小心！他们的头来了！
7020809
青云山
-1
-1
-1
-1
8020809
这个人交给我，我找了他五年。
7020810
青云山
-1
-1
-1
-1
8020810
给娘亲报仇的时候终于到了。
7020811
青云山
-1
-1
-1
-1
8020811
那年老大他，他要干什么？！
7020812
青云山
-1
-1
-1
-1
8020812
传闻炼血堂人变身之后与血鲲融合，将功力大增，难道……
7020813
青云山
-1
-1
-1
-1
8020813
不好！
7020814
青云山
-1
-1
-1
-1
8020814
这里该是敌人的老巢了。
7020815
青云山
-1
-1
-1
-1
8020815
听说，他们养了一条千年血鲲，需以活人鲜血喂养。
7020901
青云山
-1
-1
-1
-1
8020901
书书和陆师姐应该就在前面了。
7020902
青云山
-1
-1
-1
-1
8020902
嘘……小声点，这附近有敌人。
7020903
青云山
-1
-1
-1
-1
8020903
好端端的怎会有人来盗那神鼎？！
7020904
青云山
-1
-1
-1
-1
8020904
什么人？！出来！
7020905
青云山
-1
-1
-1
-1
8020905
他们究竟是哪里来的？！
7020906
青云山
-1
-1
-1
-1
8020906
我怎么知道，我只知道万一神鼎被盗，老爹会打死我的。
7020907
青云山
-1
-1
-1
-1
8020907
这神鼎一直藏在我们风回峰，偏巧在七脉会武这时出了乱子。
7020908
青云山
-1
-1
-1
-1
8020908
刚才多亏了雪琪！
7020909
青云山
-1
-1
-1
-1
8020909
别说话，又有人来了。
7020910
青云山
-1
-1
-1
-1
8020910
啊！那是谁？！
7020911
青云山
-1
-1
-1
-1
8020911
在风回峰盗鼎那家伙就是他！
7020912
青云山
-1
-1
-1
-1
8020912
我们上！
7021001
青云山
8021001
8021002
8021003
8021004
-1
小凡，陆师姐？！ 
7021002
青云山
-1
-1
-1
-1
8021005
小凡，守住本心！
7021003
青云山
-1
-1
-1
-1
8021006
.......啊！啊！啊！不！
7021004
青云山
-1
-1
-1
-1
8021007
张师弟，那是你的心魔，不要被控制了！
7021005
青云山
-1
-1
-1
-1
8021008
啊！不！我要报仇！我要报仇！
7021006
青云山
-1
-1
-1
-1
8021009
张师弟！
7021007
青云山
-1
-1
-1
-1
8021010
没想到你的心魔竟这么深……
7021008
青云山
-1
-1
-1
-1
8021011
爹！娘！惊羽……你们在哪？
7021009
青云山
-1
-1
-1
-1
8021012
杀了我吧！.......
7021010
青云山
-1
-1
-1
-1
8021013
张.......张师弟.......你......
7021011
青云山
8021014
8021015
8021016
8021017
-1
陆师姐，我们击溃他的心魔，或许能唤醒他！
7040701
万蝠7
8040701
8040702
8040703
8040704
-1
黑水玄蛇就在前面了，我们尽量不要惊动它。
7040702
万蝠7
-1
-1
-1
-1
8040705
嗯，瓶儿姑娘，你跟着我。
7040703
万蝠7
-1
-1
-1
-1
8040706
踏破铁鞋无觅处，得来全不费工夫，多亏你们开路，在下才能安然到此，哈哈！
7040704
万蝠7
-1
-1
-1
-1
8040707
秦无炎，事到如今，你还想逃吗？
7040705
万蝠7
-1
-1
-1
-1
8040708
我倒是没什么可逃的，不过你们那位姓张的同伴和那鬼王宗的小妞，可已然葬身黑水玄蛇之口，逃不出去了。
7040706
万蝠7
-1
-1
-1
-1
8040709
你说什么？！小凡他……我跟你拼了！
7040707
万蝠7
-1
-1
-1
-1
8040710
呵……既然这么急着去找他一块下地狱，那就试试吧。
7040708
万蝠7
-1
-1
-1
-1
8040711
红颜远,相思苦,几番意,难相付。十年情思百年渡,不斩相思不忍顾!
7040801
万蝠8
8040801
8040802
8040803
8040804
-1
这是哪？我们莫非真的进入了幻象之门？
7040802
万蝠8
-1
-1
-1
-1
8040805
这是千年之前黑心老人与金铃夫人殉情的地方，莫非眼前是千年前的景象！
7040803
万蝠8
-1
-1
-1
-1
8040806
难道说，我们所见的一切都是幻象？！
7040804
万蝠8
-1
-1
-1
-1
8040807
漫长的岁月，被玲珑背叛的恨意……终于结束了！我自由了！
7040805
万蝠8
-1
-1
-1
-1
8040808
贪心的人类，也罢，便赐予你无上荣耀，成为吾复活后的祭品。
7040806
万蝠8
-1
-1
-1
-1
8040809
铃儿！！我悔不该当初一意孤行，不听你的话……
7040807
万蝠8
-1
-1
-1
-1
8040810
什么人？胆敢闯入滴血宫？
7040808
万蝠8
-1
-1
-1
-1
8040811
糟了，被发现了！
7040809
万蝠8
-1
-1
-1
-1
8040812
他们不是幻象么？！怎么可能发现我们？！
7040810
万蝠8
8040813
8040814
8040815
8040816
-1
事情是千年前的，可幻象却能在现在留下痕迹！就像当日七脉会武，我进入你的心魔。来吧，与千年之前的他们一战！
7040901
万蝠9
8040901
8040902
8040903
8040904
-1
啊！你，你也来了？！你要干什么？！
7040902
万蝠9
-1
-1
-1
-1
8040905
天书现世之日，便是兽神觉醒之时。宗主等这一天，已经等了很久！
7040903
万蝠9
-1
-1
-1
-1
8040906
不！不能让兽神觉醒！快阻止他！
7040904
万蝠9
-1
-1
-1
-1
8040907
既然，天书封印于你体内，那么只好以你为祭，取天书献于宗主了。
7040905
万蝠9
-1
-1
-1
-1
8040908
住手！
7041001
万蝠10
-1
-1
-1
-1
8041001
无知的人类，成为吾觉醒的祭品吧！
7041002
万蝠10
-1
-1
-1
-1
8041002
他，他真的要醒来了！
7041003
万蝠10
8041003
8041004
8041005
8041006
-1
这四周都是煞气形成的妖魔。
7041004
万蝠10
-1
-1
-1
-1
8041007
不管了，先想办法冲出去！
7041005
万蝠10
-1
-1
-1
-1
8041008
小凡！
7041006
万蝠10
-1
-1
-1
-1
8041009
惊羽！书书！
7041007
万蝠10
-1
-1
-1
-1
8041010
说好的福祸与共，这等关头，怎么能丢下我们！
7041008
万蝠10
-1
-1
-1
-1
8041011
哼！无名鼠辈，看我将这里闹个天翻地覆！
7041009
万蝠10
-1
-1
-1
-1
8041012
不会吧！要死在这里吗？
7041010
万蝠10
-1
-1
-1
-1
8041013
快想办法啊！
7041011
万蝠10
-1
-1
-1
-1
8041014
能……能和亲亲雪琪死在一起，此生无憾……
7041012
万蝠10
-1
-1
-1
-1
8041015
拼了！
7041013
万蝠10
-1
-1
-1
-1
8041016
啊……玲珑……我等了你多少年……
7050101
狐岐1
8050101
8050102
8050103
8050104
-1
不行，得赶快找到碧瑶。
7050102
狐岐1
-1
-1
-1
-1
8050105
看来，你比我想的要聪明。
7050103
狐岐1
8050106
8050107
8050108
8050109
-1
你到底要助纣为虐到什么时候？！
7050104
狐岐1
-1
-1
-1
-1
8050110
你看我沉沦魔道，我却笑你心中痴迷。
7050105
狐岐1
-1
-1
-1
-1
8050111
这世间万道，道道在理，难道你的岸方是岸，我的岸便是海么？
7050106
狐岐1
-1
-1
-1
-1
8050112
秦无炎，你我好歹也算圣教同脉，你若主意打到我鬼王宗头上，可不仗义了。
7050107
狐岐1
-1
-1
-1
-1
8050113
碧瑶小姐误会了，在下此来，一是请求与贵派联手，二是……
7050108
狐岐1
-1
-1
-1
-1
8050114
什么？
7050109
狐岐1
-1
-1
-1
-1
8050115
二是来探望一番青龙大哥，昔年我曾与他在圣教一同修炼。
7050201
狐岐2
-1
-1
-1
-1
8050201
救命啊！救命啊！——
7050202
狐岐2
8050202
8050203
8050204
8050205
-1
有人在喊救命，你听到了么？
7050203
狐岐2
-1
-1
-1
-1
8050206
嗯，我们快去。
7050204
狐岐2
-1
-1
-1
-1
8050207
救命啊！妖人要把我炖汤喝啦——！
7050205
狐岐2
-1
-1
-1
-1
8050208
你这混账！快让我回去，否则我老大一定不会放过你！
7030101
渝都1
8030101
8030202
8030103
8030104
-1
果然是炼血堂余孽！
7030201
渝都2
-1
-1
-1
-1
8030201
多谢三位出手，只是，阿相的事说来话长，三位还是莫要过问了。
7030202
渝都2
-1
-1
-1
-1
8030202
阿相，你我之间早已无话可说，你，还是回去吧。
7030203
渝都2
-1
-1
-1
-1
8030203
啊，这位姑娘，正所谓情到深处……
7030204
渝都2
-1
-1
-1
-1
8030204
不必多言了，各位请回。
7030205
渝都2
-1
-1
-1
-1
8030205
什么人敢来锦绣坊捣乱？！
7030206
渝都2
-1
-1
-1
-1
8030206
姐姐，我……
7030207
渝都2
-1
-1
-1
-1
8030207
不必理会他们，赶走就是了。
7030301
渝都3
8030301
8030302
8030303
8030304
-1
天牢重地，速战速决为妙，但愿能快点找到小凡和书书。
7030302
渝都3
8030305
8030306
8030307
8030308
-1
不好，被发现了！
7030303
渝都3
-1
-1
-1
-1
8030309
我们在这里！嘿，就知道你不会抛下我们！
7030304
渝都3
-1
-1
-1
-1
8030310
那……那人？……
7030305
渝都3
-1
-1
-1
-1
8030311
那些人看上去像是中毒了？是犯人？他是万毒门的！
7030306
渝都3
-1
-1
-1
-1
8030312
万毒门？魔教的人？
7030307
渝都3
-1
-1
-1
-1
8030313
嗯，我在我爹收集的魔教万毒门卷宗中见过那个图案，据说万毒门弟子浑身带毒，我们躲远点。
7030308
渝都3
8030314
8030315
8030316
8030317
-1
来人了，大家小心！颜烈？！
7030401
渝都4
-1
-1
-1
-1
8030401
这是哪？我们好像迷路了……
7030402
渝都4
-1
-1
-1
-1
8030402
啊！就是那些蝙蝠！
7030403
渝都4
8030403
8030404
8030405
8030406
-1
小凡，你怎么了？
7030404
渝都4
-1
-1
-1
-1
8030407
看到这些蝙蝠，我总有种不好的感觉，总觉得和炼血堂有关。
7030405
渝都4
-1
-1
-1
-1
8030408
啊！那是……
7030501
渝都5
-1
-1
-1
-1
8030501
来找我要回法宝么？那就看看有没有本事来拿！
7030502
渝都5
-1
-1
-1
-1
8030502
听说，你们那个同伴林惊羽也来了呢，另外，我看到你们另一个同门曾书书好像在筹钱演戏，这渝都城可真是越来越热闹了啊。
7030503
渝都5
-1
-1
-1
-1
8030503
惊羽也到了？！
7030504
渝都5
-1
-1
-1
-1
8030504
看你们这副摸不着头脑的样子，罢了，法宝就还你们吧，我去瞧热闹了。
7030601
渝都6
-1
-1
-1
-1
8030601
惨了惨了惨了，我好不容易筹集的银子都在这里啊！还有我的设计图！
7030602
渝都6
-1
-1
-1
-1
8030602
银子可以再赚，主要是你的设计图，万一被窃取可就麻烦了。
7030603
渝都6
-1
-1
-1
-1
8030603
我就知道，表哥你自己想不出治理水路的法子，偏要来盗我的图纸。
7030604
渝都6
-1
-1
-1
-1
8030604
哼！
7030605
渝都6
-1
-1
-1
-1
8030605
喂！
7030606
渝都6
-1
-1
-1
-1
8030606
罢了，好在东西都没丢。
7030701
渝都7
-1
-1
-1
-1
8030701
李洵？！不好，他放出这些来拖住我们，自己一定是去河堤那边了。
7030702
渝都7
8030702
8030703
8030704
8030705
-1
李洵！住手！
7030703
渝都7
-1
-1
-1
-1
8030706
李洵，你这个办法不能从根本上解决毒气来源的！
7030704
渝都7
-1
-1
-1
-1
8030707
表弟，你带人三番五次和我作对，实则不过是觊觎外公的城主之位罢了，何必说得那么冠冕堂皇。
7030705
渝都7
-1
-1
-1
-1
8030708
你！你！气死我了！……
7030706
渝都7
8030709
8030710
8030711
8030712
-1
先拦下他再说！
7030901
渝都9
-1
-1
-1
-1
8030901
他们追上来了！
7030902
渝都9
8030902
8030903
8030904
8030905
-1
你们先走，让我来！
7030903
渝都9
8030906
8030907
8030908
8030909
-1
小凡！碧瑶！！
7031001
渝都10
-1
-1
-1
-1
8031001
这些万毒门弟子四处巡查，我们分头行动，设法引开他们。
7031002
渝都10
-1
-1
-1
-1
8031002
你怎么样？需要帮忙么？
7031003
渝都10
8031003
8031004
8031005
8031006
-1
我没事，你小心些。
7031004
渝都10
-1
-1
-1
-1
8031007
我说过，无论如何我也要救小凡！
