1
19
3
5
7
9
12
16
20
25
30
35
40
45
50
60
80
888
888
888
888
888
1
2
100000
0.4
2
0
2
2
100000
0.8
2
0
3
2
100000
0.9
2
0
4
2
100000
0.3
2
1
5
2
100000
0.9
2
1
6
5
120000
0.6
2
1
7
5
120000
0.9
2
1
8
5
120000
0.3
2
1
9
5
120000
0.9
2
2
10
5
120000
0.6
2
2
11
10
150000
0.9
2
2
12
10
150000
0.3
2
2
13
10
150000
0.9
2
2
14
10
150000
0.6
2
3
15
10
150000
0.9
2
3
16
10
150000
0.3
2
3
17
10
150000
0.9
2
3
18
10
150000
0.6
2
3
19
10
150000
0.9
2
4
20
10
150000
0.3
2
4
21
20
200000
0.9
2
4
22
20
200000
0.6
2
4
23
20
200000
0.9
2
4
24
20
200000
0.3
2
5
25
20
200000
0.9
2
5
26
20
200000
0.6
2
5
27
20
200000
0.9
2
5
28
20
200000
0.3
2
5
29
20
200000
0.9
2
6
30
20
200000
0.6
2
6
31
20
200000
0.9
2
6
32
20
200000
0.3
2
6
33
20
200000
0.9
2
6
34
20
200000
0.6
2
7
35
20
200000
0.9
2
7
36
20
200000
0.3
2
7
37
20
200000
0.9
2
7
38
20
200000
0.6
2
7
39
20
200000
0.9
2
8
40
20
200000
0.3
2
8
41
20
200000
0.9
2
8
42
20
200000
0.6
2
8
43
20
200000
0.9
2
8
44
20
200000
0.3
2
9
45
20
200000
0.9
2
9
46
20
200000
0.6
2
9
47
20
200000
0.9
2
9
48
20
200000
0.6
2
9
49
20
200000
0.9
2
10
50
20
200000
0.3
2
10
51
50
250000
0.9
2
10
52
50
250000
0.7
2
10
53
50
250000
0.7
2
10
54
50
250000
0.7
2
11
55
50
250000
0.7
2
11
56
50
250000
0.7
2
11
57
50
250000
0.7
2
11
58
50
250000
0.7
2
11
59
50
250000
0.7
2
12
60
50
250000
0.7
2
12
61
50
250000
0.7
2
12
62
50
250000
0.7
2
12
63
50
250000
0.7
2
12
64
50
250000
0.7
2
13
65
50
250000
0.7
2
13
66
50
250000
0.7
2
13
67
50
250000
0.7
2
13
68
50
250000
0.7
2
13
69
50
250000
0.7
2
14
70
50
250000
0.7
2
14
71
50
250000
0.7
2
14
72
50
250000
0.7
2
14
73
50
250000
0.7
2
14
74
50
250000
0.7
2
15
75
50
250000
0.7
2
15
76
50
250000
0.7
2
15
77
50
250000
0.7
2
15
78
50
250000
0.7
2
15
79
50
250000
0.7
2
15
80
50
250000
0.7
2
15
81
50
250000
0.7
2
15
82
50
250000
0.7
2
15
83
50
250000
0.7
2
15
84
50
250000
0.7
2
15
85
50
250000
0.7
2
15
86
50
250000
0.7
2
15
87
50
250000
0.7
2
15
88
50
250000
0.7
2
15
89
50
250000
0.7
2
15
90
50
250000
0.7
2
15
91
50
250000
0.7
2
15
92
50
250000
0.7
2
15
93
50
250000
0.7
2
15
94
50
250000
0.7
2
15
95
50
250000
0.7
2
15
96
50
250000
0.7
2
15
97
50
250000
0.7
2
15
98
50
250000
0.7
2
15
99
50
250000
0.7
2
15
100
50
250000
0.7
2
15
101
50
250000
0.7
2
15
102
50
250000
0.7
2
15
103
50
250000
0.7
2
15
104
50
250000
0.7
2
15
105
50
250000
0.7
2
15
106
50
250000
0.7
2
15
107
50
250000
0.7
2
15
108
50
250000
0.7
2
15
109
50
250000
0.7
2
15
110
50
250000
0.7
2
15
111
50
250000
0.7
2
15
112
50
250000
0.7
2
15
113
50
250000
0.7
2
15
114
50
250000
0.7
2
15
115
50
250000
0.7
2
15
116
50
250000
0.7
2
15
117
50
250000
0.7
2
15
118
50
250000
0.7
2
15
119
50
250000
0.7
2
15
120
50
250000
0.7
2
15
121
50
250000
0.7
2
15
122
50
250000
0.7
2
15
123
50
250000
0.7
2
15
124
50
250000
0.7
2
15
125
50
250000
0.7
2
15
126
50
250000
0.7
2
15
127
50
250000
0.7
2
15
128
50
250000
0.7
2
15
129
50
250000
0.7
2
15
130
50
250000
0.7
2
15
131
50
250000
0.7
2
15
132
50
250000
0.7
2
15
133
50
250000
0.7
2
15
134
50
250000
0.7
2
15
135
50
250000
0.7
2
15
136
50
250000
0.7
2
15
137
50
250000
0.7
2
15
138
50
250000
0.7
2
15
139
50
250000
0.7
2
15
140
50
250000
0.7
2
15
141
50
250000
0.7
2
15
142
50
250000
0.7
2
15
143
50
250000
0.7
2
15
144
50
250000
0.7
2
15
145
50
250000
0.7
2
15
146
50
250000
0.7
2
15
147
50
250000
0.7
2
15
148
50
250000
0.7
2
15
149
50
250000
0.7
2
15
150
50
250000
0.7
2
15
151
50
250000
0.7
2
15
152
50
250000
0.7
2
15
153
50
250000
0.7
2
15
154
50
250000
0.7
2
15
155
50
250000
0.7
2
15
156
50
250000
0.7
2
15
157
50
250000
0.7
2
15
158
50
250000
0.7
2
15
159
50
250000
0.7
2
15
160
50
250000
0.7
2
15
161
50
250000
0.7
2
15
162
50
250000
0.7
2
15
163
50
250000
0.7
2
15
164
50
250000
0.7
2
15
165
50
250000
0.7
2
15
166
50
250000
0.7
2
15
167
50
250000
0.7
2
15
168
50
250000
0.7
2
15
169
50
250000
0.7
2
15
170
50
250000
0.7
2
15
171
50
250000
0.7
2
15
172
50
250000
0.7
2
15
173
50
250000
0.7
2
15
174
50
250000
0.7
2
15
175
50
250000
0.7
2
15
176
50
250000
0.7
2
15
177
50
250000
0.7
2
15
178
50
250000
0.7
2
15
179
50
250000
0.7
2
15
180
50
250000
0.7
2
15
181
50
250000
0.7
2
15
182
50
250000
0.7
2
15
183
50
250000
0.7
2
15
184
50
250000
0.7
2
15
185
50
250000
0.7
2
15
186
50
250000
0.7
2
15
187
50
250000
0.7
2
15
188
50
250000
0.7
2
15
189
50
250000
0.7
2
15
190
50
250000
0.7
2
15
191
50
250000
0.7
2
15
192
50
250000
0.7
2
15
193
50
250000
0.7
2
15
194
50
250000
0.7
2
15
195
50
250000
0.7
2
15
196
50
250000
0.7
2
15
197
50
250000
0.7
2
15
198
50
250000
0.7
2
15
199
50
250000
0.7
2
15
200
50
250000
0.7
2
15
201
50
250000
0.7
2
15
202
50
250000
0.7
2
15
203
50
250000
0.7
2
15
204
50
250000
0.7
2
15
205
50
250000
0.7
2
15
206
50
250000
0.7
2
15
207
50
250000
0.7
2
15
208
50
250000
0.7
2
15
209
50
250000
0.7
2
15
210
50
250000
0.7
2
15
211
50
250000
0.7
2
15
212
50
250000
0.7
2
15
213
50
250000
0.7
2
15
214
50
250000
0.7
2
15
215
50
250000
0.7
2
15
216
50
250000
0.7
2
15
217
50
250000
0.7
2
15
218
50
250000
0.7
2
15
219
50
250000
0.7
2
15
220
50
250000
0.7
2
15
221
50
250000
0.7
2
15
222
50
250000
0.7
2
15
223
50
250000
0.7
2
15
224
50
250000
0.7
2
15
225
50
250000
0.7
2
15
226
50
250000
0.7
2
15
227
50
250000
0.7
2
15
228
50
250000
0.7
2
15
229
50
250000
0.7
2
15
230
50
250000
0.7
2
15
231
50
250000
0.7
2
15
232
50
250000
0.7
2
15
233
50
250000
0.7
2
15
234
50
250000
0.7
2
15
235
50
250000
0.7
2
15
236
50
250000
0.7
2
15
237
50
250000
0.7
2
15
238
50
250000
0.7
2
15
239
50
250000
0.7
2
15
240
50
250000
0.7
2
15
241
50
250000
0.7
2
15
242
50
250000
0.7
2
15
243
50
250000
0.7
2
15
244
50
250000
0.7
2
15
245
50
250000
0.7
2
15
246
50
250000
0.7
2
15
247
50
250000
0.7
2
15
248
50
250000
0.7
2
15
249
50
250000
0.7
2
15
250
50
250000
0.7
2
15
251
50
250000
0.7
2
15
252
50
250000
0.7
2
15
253
50
250000
0.7
2
15
254
50
250000
0.7
2
15
255
50
250000
0.7
2
15
256
50
250000
0.7
2
15
257
50
250000
0.7
2
15
258
50
250000
0.7
2
15
259
50
250000
0.7
2
15
260
50
250000
0.7
2
15
261
50
250000
0.7
2
15
262
50
250000
0.7
2
15
263
50
250000
0.7
2
15
264
50
250000
0.7
2
15
265
50
250000
0.7
2
15
266
50
250000
0.7
2
15
267
50
250000
0.7
2
15
268
50
250000
0.7
2
15
269
50
250000
0.7
2
15
270
50
250000
0.7
2
15
271
50
250000
0.7
2
15
272
50
250000
0.7
2
15
273
50
250000
0.7
2
15
274
50
250000
0.7
2
15
275
50
250000
0.7
2
15
276
50
250000
0.7
2
15
277
50
250000
0.7
2
15
278
50
250000
0.7
2
15
279
50
250000
0.7
2
15
280
50
250000
0.7
2
15
281
50
250000
0.7
2
15
282
50
250000
0.7
2
15
283
50
250000
0.7
2
15
284
50
250000
0.7
2
15
285
50
250000
0.7
2
15
286
50
250000
0.7
2
15
287
50
250000
0.7
2
15
288
50
250000
0.7
2
15
289
50
250000
0.7
2
15
290
50
250000
0.7
2
15
291
50
250000
0.7
2
15
292
50
250000
0.7
2
15
293
50
250000
0.7
2
15
294
50
250000
0.7
2
15
295
50
250000
0.7
2
15
296
50
250000
0.7
2
15
297
50
250000
0.7
2
15
298
50
250000
0.7
2
15
299
50
250000
0.7
2
15
300
50
250000
0.7
2
15
301
50
250000
0.7
2
15
302
50
250000
0.7
2
15
303
50
250000
0.7
2
15
304
50
250000
0.7
2
15
305
50
250000
0.7
2
15
306
50
250000
0.7
2
15
307
50
250000
0.7
2
15
308
50
250000
0.7
2
15
309
50
250000
0.7
2
15
310
50
250000
0.7
2
15
311
50
250000
0.7
2
15
312
50
250000
0.7
2
15
313
50
250000
0.7
2
15
314
50
250000
0.7
2
15
315
50
250000
0.7
2
15
316
50
250000
0.7
2
15
317
50
250000
0.7
2
15
318
50
250000
0.7
2
15
319
50
250000
0.7
2
15
320
50
250000
0.7
2
15
321
50
250000
0.7
2
15
322
50
250000
0.7
2
15
323
50
250000
0.7
2
15
324
50
250000
0.7
2
15
325
50
250000
0.7
2
15
326
50
250000
0.7
2
15
327
50
250000
0.7
2
15
328
50
250000
0.7
2
15
329
50
250000
0.7
2
15
330
50
250000
0.7
2
15
331
50
250000
0.7
2
15
332
50
250000
0.7
2
15
333
50
250000
0.7
2
15
334
50
250000
0.7
2
15
335
50
250000
0.7
2
15
336
50
250000
0.7
2
15
337
50
250000
0.7
2
15
338
50
250000
0.7
2
15
339
50
250000
0.7
2
15
340
50
250000
0.7
2
15
341
50
250000
0.7
2
15
342
50
250000
0.7
2
15
343
50
250000
0.7
2
15
344
50
250000
0.7
2
15
345
50
250000
0.7
2
15
346
50
250000
0.7
2
15
347
50
250000
0.7
2
15
348
50
250000
0.7
2
15
349
50
250000
0.7
2
15
350
50
250000
0.7
2
15
351
50
250000
0.7
2
15
352
50
250000
0.7
2
15
353
50
250000
0.7
2
15
354
50
250000
0.7
2
15
355
50
250000
0.7
2
15
356
50
250000
0.7
2
15
357
50
250000
0.7
2
15
358
50
250000
0.7
2
15
359
50
250000
0.7
2
15
360
50
250000
0.7
2
15
361
50
250000
0.7
2
15
362
50
250000
0.7
2
15
363
50
250000
0.7
2
15
364
50
250000
0.7
2
15
365
50
250000
0.7
2
15
366
50
250000
0.7
2
15
367
50
250000
0.7
2
15
368
50
250000
0.7
2
15
369
50
250000
0.7
2
15
370
50
250000
0.7
2
15
371
50
250000
0.7
2
15
372
50
250000
0.7
2
15
373
50
250000
0.7
2
15
374
50
250000
0.7
2
15
375
50
250000
0.7
2
15
376
50
250000
0.7
2
15
377
50
250000
0.7
2
15
378
50
250000
0.7
2
15
379
50
250000
0.7
2
15
380
50
250000
0.7
2
15
381
50
250000
0.7
2
15
382
50
250000
0.7
2
15
383
50
250000
0.7
2
15
384
50
250000
0.7
2
15
385
50
250000
0.7
2
15
386
50
250000
0.7
2
15
387
50
250000
0.7
2
15
388
50
250000
0.7
2
15
389
50
250000
0.7
2
15
390
50
250000
0.7
2
15
391
50
250000
0.7
2
15
392
50
250000
0.7
2
15
393
50
250000
0.7
2
15
394
50
250000
0.7
2
15
395
50
250000
0.7
2
15
396
50
250000
0.7
2
15
397
50
250000
0.7
2
15
398
50
250000
0.7
2
15
399
50
250000
0.7
2
15
400
50
250000
0.7
2
15
401
50
250000
0.7
2
15
402
50
250000
0.7
2
15
403
50
250000
0.7
2
15
404
50
250000
0.7
2
15
405
50
250000
0.7
2
15
406
50
250000
0.7
2
15
407
50
250000
0.7
2
15
408
50
250000
0.7
2
15
409
50
250000
0.7
2
15
410
50
250000
0.7
2
15
411
50
250000
0.7
2
15
412
50
250000
0.7
2
15
413
50
250000
0.7
2
15
414
50
250000
0.7
2
15
415
50
250000
0.7
2
15
416
50
250000
0.7
2
15
417
50
250000
0.7
2
15
418
50
250000
0.7
2
15
419
50
250000
0.7
2
15
420
50
250000
0.7
2
15
421
50
250000
0.7
2
15
422
50
250000
0.7
2
15
423
50
250000
0.7
2
15
424
50
250000
0.7
2
15
425
50
250000
0.7
2
15
426
50
250000
0.7
2
15
427
50
250000
0.7
2
15
428
50
250000
0.7
2
15
429
50
250000
0.7
2
15
430
50
250000
0.7
2
15
431
50
250000
0.7
2
15
432
50
250000
0.7
2
15
433
50
250000
0.7
2
15
434
50
250000
0.7
2
15
435
50
250000
0.7
2
15
436
50
250000
0.7
2
15
437
50
250000
0.7
2
15
438
50
250000
0.7
2
15
439
50
250000
0.7
2
15
440
50
250000
0.7
2
15
441
50
250000
0.7
2
15
442
50
250000
0.7
2
15
443
50
250000
0.7
2
15
444
50
250000
0.7
2
15
445
50
250000
0.7
2
15
446
50
250000
0.7
2
15
447
50
250000
0.7
2
15
448
50
250000
0.7
2
15
449
50
250000
0.7
2
15
450
50
250000
0.7
2
15
451
50
250000
0.7
2
15
452
50
250000
0.7
2
15
453
50
250000
0.7
2
15
454
50
250000
0.7
2
15
455
50
250000
0.7
2
15
456
50
250000
0.7
2
15
457
50
250000
0.7
2
15
458
50
250000
0.7
2
15
459
50
250000
0.7
2
15
460
50
250000
0.7
2
15
461
50
250000
0.7
2
15
462
50
250000
0.7
2
15
463
50
250000
0.7
2
15
464
50
250000
0.7
2
15
465
50
250000
0.7
2
15
466
50
250000
0.7
2
15
467
50
250000
0.7
2
15
468
50
250000
0.7
2
15
469
50
250000
0.7
2
15
470
50
250000
0.7
2
15
471
50
250000
0.7
2
15
472
50
250000
0.7
2
15
473
50
250000
0.7
2
15
474
50
250000
0.7
2
15
475
50
250000
0.7
2
15
476
50
250000
0.7
2
15
477
50
250000
0.7
2
15
478
50
250000
0.7
2
15
479
50
250000
0.7
2
15
480
50
250000
0.7
2
15
481
50
250000
0.7
2
15
482
50
250000
0.7
2
15
483
50
250000
0.7
2
15
484
50
250000
0.7
2
15
485
50
250000
0.7
2
15
486
50
250000
0.7
2
15
487
50
250000
0.7
2
15
488
50
250000
0.7
2
15
489
50
250000
0.7
2
15
490
50
250000
0.7
2
15
491
50
250000
0.7
2
15
492
50
250000
0.7
2
15
493
50
250000
0.7
2
15
494
50
250000
0.7
2
15
495
50
250000
0.7
2
15
496
50
250000
0.7
2
15
497
50
250000
0.7
2
15
498
50
250000
0.7
2
15
499
50
250000
0.7
2
15
500
50
250000
0.7
2
15
501
50
250000
0.7
2
15
502
50
250000
0.7
2
15
503
50
250000
0.7
2
15
504
50
250000
0.7
2
15
505
50
250000
0.7
2
15
506
50
250000
0.7
2
15
507
50
250000
0.7
2
15
508
50
250000
0.7
2
15
509
50
250000
0.7
2
15
510
50
250000
0.7
2
15
511
50
250000
0.7
2
15
512
50
250000
0.7
2
15
513
50
250000
0.7
2
15
514
50
250000
0.7
2
15
515
50
250000
0.7
2
15
516
50
250000
0.7
2
15
517
50
250000
0.7
2
15
518
50
250000
0.7
2
15
519
50
250000
0.7
2
15
520
50
250000
0.7
2
15
521
50
250000
0.7
2
15
522
50
250000
0.7
2
15
523
50
250000
0.7
2
15
524
50
250000
0.7
2
15
525
50
250000
0.7
2
15
526
50
250000
0.7
2
15
527
50
250000
0.7
2
15
528
50
250000
0.7
2
15
529
50
250000
0.7
2
15
530
50
250000
0.7
2
15
531
50
250000
0.7
2
15
532
50
250000
0.7
2
15
533
50
250000
0.7
2
15
534
50
250000
0.7
2
15
535
50
250000
0.7
2
15
536
50
250000
0.7
2
15
537
50
250000
0.7
2
15
538
50
250000
0.7
2
15
539
50
250000
0.7
2
15
540
50
250000
0.7
2
15
541
50
250000
0.7
2
15
542
50
250000
0.7
2
15
543
50
250000
0.7
2
15
544
50
250000
0.7
2
15
545
50
250000
0.7
2
15
546
50
250000
0.7
2
15
547
50
250000
0.7
2
15
548
50
250000
0.7
2
15
549
50
250000
0.7
2
15
550
50
250000
0.7
2
15
551
50
250000
0.7
2
15
552
50
250000
0.7
2
15
553
50
250000
0.7
2
15
554
50
250000
0.7
2
15
555
50
250000
0.7
2
15
556
50
250000
0.7
2
15
557
50
250000
0.7
2
15
558
50
250000
0.7
2
15
559
50
250000
0.7
2
15
560
50
250000
0.7
2
15
561
50
250000
0.7
2
15
562
50
250000
0.7
2
15
563
50
250000
0.7
2
15
564
50
250000
0.7
2
15
565
50
250000
0.7
2
15
566
50
250000
0.7
2
15
567
50
250000
0.7
2
15
568
50
250000
0.7
2
15
569
50
250000
0.7
2
15
570
50
250000
0.7
2
15
571
50
250000
0.7
2
15
572
50
250000
0.7
2
15
573
50
250000
0.7
2
15
574
50
250000
0.7
2
15
575
50
250000
0.7
2
15
576
50
250000
0.7
2
15
577
50
250000
0.7
2
15
578
50
250000
0.7
2
15
579
50
250000
0.7
2
15
580
50
250000
0.7
2
15
581
50
250000
0.7
2
15
582
50
250000
0.7
2
15
583
50
250000
0.7
2
15
584
50
250000
0.7
2
15
585
50
250000
0.7
2
15
586
50
250000
0.7
2
15
587
50
250000
0.7
2
15
588
50
250000
0.7
2
15
589
50
250000
0.7
2
15
590
50
250000
0.7
2
15
591
50
250000
0.7
2
15
592
50
250000
0.7
2
15
593
50
250000
0.7
2
15
594
50
250000
0.7
2
15
595
50
250000
0.7
2
15
596
50
250000
0.7
2
15
597
50
250000
0.7
2
15
598
50
250000
0.7
2
15
599
50
250000
0.7
2
15
600
50
250000
0.7
2
15
601
50
250000
0.7
2
15
602
50
250000
0.7
2
15
603
50
250000
0.7
2
15
604
50
250000
0.7
2
15
605
50
250000
0.7
2
15
606
50
250000
0.7
2
15
607
50
250000
0.7
2
15
608
50
250000
0.7
2
15
609
50
250000
0.7
2
15
610
50
250000
0.7
2
15
611
50
250000
0.7
2
15
612
50
250000
0.7
2
15
613
50
250000
0.7
2
15
614
50
250000
0.7
2
15
615
50
250000
0.7
2
15
616
50
250000
0.7
2
15
617
50
250000
0.7
2
15
618
50
250000
0.7
2
15
619
50
250000
0.7
2
15
620
50
250000
0.7
2
15
621
50
250000
0.7
2
15
622
50
250000
0.7
2
15
623
50
250000
0.7
2
15
624
50
250000
0.7
2
15
625
50
250000
0.7
2
15
626
50
250000
0.7
2
15
627
50
250000
0.7
2
15
628
50
250000
0.7
2
15
629
50
250000
0.7
2
15
630
50
250000
0.7
2
15
631
50
250000
0.7
2
15
632
50
250000
0.7
2
15
633
50
250000
0.7
2
15
634
50
250000
0.7
2
15
635
50
250000
0.7
2
15
636
50
250000
0.7
2
15
637
50
250000
0.7
2
15
638
50
250000
0.7
2
15
639
50
250000
0.7
2
15
640
50
250000
0.7
2
15
641
50
250000
0.7
2
15
642
50
250000
0.7
2
15
643
50
250000
0.7
2
15
644
50
250000
0.7
2
15
645
50
250000
0.7
2
15
646
50
250000
0.7
2
15
647
50
250000
0.7
2
15
648
50
250000
0.7
2
15
649
50
250000
0.7
2
15
650
50
250000
0.7
2
15
651
50
250000
0.7
2
15
652
50
250000
0.7
2
15
653
50
250000
0.7
2
15
654
50
250000
0.7
2
15
655
50
250000
0.7
2
15
656
50
250000
0.7
2
15
657
50
250000
0.7
2
15
658
50
250000
0.7
2
15
659
50
250000
0.7
2
15
660
50
250000
0.7
2
15
661
50
250000
0.7
2
15
662
50
250000
0.7
2
15
663
50
250000
0.7
2
15
664
50
250000
0.7
2
15
665
50
250000
0.7
2
15
666
50
250000
0.7
2
15
667
50
250000
0.7
2
15
668
50
250000
0.7
2
15
669
50
250000
0.7
2
15
670
50
250000
0.7
2
15
671
50
250000
0.7
2
15
672
50
250000
0.7
2
15
673
50
250000
0.7
2
15
674
50
250000
0.7
2
15
675
50
250000
0.7
2
15
676
50
250000
0.7
2
15
677
50
250000
0.7
2
15
678
50
250000
0.7
2
15
679
50
250000
0.7
2
15
680
50
250000
0.7
2
15
681
50
250000
0.7
2
15
682
50
250000
0.7
2
15
683
50
250000
0.7
2
15
684
50
250000
0.7
2
15
685
50
250000
0.7
2
15
686
50
250000
0.7
2
15
687
50
250000
0.7
2
15
688
50
250000
0.7
2
15
689
50
250000
0.7
2
15
690
50
250000
0.7
2
15
691
50
250000
0.7
2
15
692
50
250000
0.7
2
15
693
50
250000
0.7
2
15
694
50
250000
0.7
2
15
695
50
250000
0.7
2
15
696
50
250000
0.7
2
15
697
50
250000
0.7
2
15
698
50
250000
0.7
2
15
699
50
250000
0.7
2
15
700
50
250000
0.7
2
15
701
50
250000
0.7
2
15
702
50
250000
0.7
2
15
703
50
250000
0.7
2
15
704
50
250000
0.7
2
15
705
50
250000
0.7
2
15
706
50
250000
0.7
2
15
707
50
250000
0.7
2
15
708
50
250000
0.7
2
15
709
50
250000
0.7
2
15
710
50
250000
0.7
2
15
711
50
250000
0.7
2
15
712
50
250000
0.7
2
15
713
50
250000
0.7
2
15
714
50
250000
0.7
2
15
715
50
250000
0.7
2
15
716
50
250000
0.7
2
15
717
50
250000
0.7
2
15
718
50
250000
0.7
2
15
719
50
250000
0.7
2
15
720
50
250000
0.7
2
15
721
50
250000
0.7
2
15
722
50
250000
0.7
2
15
723
50
250000
0.7
2
15
724
50
250000
0.7
2
15
725
50
250000
0.7
2
15
726
50
250000
0.7
2
15
727
50
250000
0.7
2
15
728
50
250000
0.7
2
15
729
50
250000
0.7
2
15
730
50
250000
0.7
2
15
731
50
250000
0.7
2
15
732
50
250000
0.7
2
15
733
50
250000
0.7
2
15
734
50
250000
0.7
2
15
735
50
250000
0.7
2
15
736
50
250000
0.7
2
15
737
50
250000
0.7
2
15
738
50
250000
0.7
2
15
739
50
250000
0.7
2
15
740
50
250000
0.7
2
15
741
50
250000
0.7
2
15
742
50
250000
0.7
2
15
743
50
250000
0.7
2
15
744
50
250000
0.7
2
15
745
50
250000
0.7
2
15
746
50
250000
0.7
2
15
747
50
250000
0.7
2
15
748
50
250000
0.7
2
15
749
50
250000
0.7
2
15
750
50
250000
0.7
2
15
751
50
250000
0.7
2
15
752
50
250000
0.7
2
15
753
50
250000
0.7
2
15
754
50
250000
0.7
2
15
755
50
250000
0.7
2
15
756
50
250000
0.7
2
15
757
50
250000
0.7
2
15
758
50
250000
0.7
2
15
759
50
250000
0.7
2
15
760
50
250000
0.7
2
15
761
50
250000
0.7
2
15
762
50
250000
0.7
2
15
763
50
250000
0.7
2
15
764
50
250000
0.7
2
15
765
50
250000
0.7
2
15
766
50
250000
0.7
2
15
767
50
250000
0.7
2
15
768
50
250000
0.7
2
15
769
50
250000
0.7
2
15
770
50
250000
0.7
2
15
771
50
250000
0.7
2
15
772
50
250000
0.7
2
15
773
50
250000
0.7
2
15
774
50
250000
0.7
2
15
775
50
250000
0.7
2
15
776
50
250000
0.7
2
15
777
50
250000
0.7
2
15
778
50
250000
0.7
2
15
779
50
250000
0.7
2
15
780
50
250000
0.7
2
15
781
50
250000
0.7
2
15
782
50
250000
0.7
2
15
783
50
250000
0.7
2
15
784
50
250000
0.7
2
15
785
50
250000
0.7
2
15
786
50
250000
0.7
2
15
787
50
250000
0.7
2
15
788
50
250000
0.7
2
15
789
50
250000
0.7
2
15
790
50
250000
0.7
2
15
791
50
250000
0.7
2
15
792
50
250000
0.7
2
15
793
50
250000
0.7
2
15
794
50
250000
0.7
2
15
795
50
250000
0.7
2
15
796
50
250000
0.7
2
15
797
50
250000
0.7
2
15
798
50
250000
0.7
2
15
799
50
250000
0.7
2
15
800
50
250000
0.7
2
15
801
50
250000
0.7
2
15
802
50
250000
0.7
2
15
803
50
250000
0.7
2
15
804
50
250000
0.7
2
15
805
50
250000
0.7
2
15
806
50
250000
0.7
2
15
807
50
250000
0.7
2
15
808
50
250000
0.7
2
15
809
50
250000
0.7
2
15
810
50
250000
0.7
2
15
811
50
250000
0.7
2
15
812
50
250000
0.7
2
15
813
50
250000
0.7
2
15
814
50
250000
0.7
2
15
815
50
250000
0.7
2
15
816
50
250000
0.7
2
15
817
50
250000
0.7
2
15
818
50
250000
0.7
2
15
819
50
250000
0.7
2
15
820
50
250000
0.7
2
15
821
50
250000
0.7
2
15
822
50
250000
0.7
2
15
823
50
250000
0.7
2
15
824
50
250000
0.7
2
15
825
50
250000
0.7
2
15
826
50
250000
0.7
2
15
827
50
250000
0.7
2
15
828
50
250000
0.7
2
15
829
50
250000
0.7
2
15
830
50
250000
0.7
2
15
831
50
250000
0.7
2
15
832
50
250000
0.7
2
15
833
50
250000
0.7
2
15
834
50
250000
0.7
2
15
835
50
250000
0.7
2
15
836
50
250000
0.7
2
15
837
50
250000
0.7
2
15
838
50
250000
0.7
2
15
839
50
250000
0.7
2
15
840
50
250000
0.7
2
15
841
50
250000
0.7
2
15
842
50
250000
0.7
2
15
843
50
250000
0.7
2
15
844
50
250000
0.7
2
15
845
50
250000
0.7
2
15
846
50
250000
0.7
2
15
847
50
250000
0.7
2
15
848
50
250000
0.7
2
15
849
50
250000
0.7
2
15
850
50
250000
0.7
2
15
851
50
250000
0.7
2
15
852
50
250000
0.7
2
15
853
50
250000
0.7
2
15
854
50
250000
0.7
2
15
855
50
250000
0.7
2
15
856
50
250000
0.7
2
15
857
50
250000
0.7
2
15
858
50
250000
0.7
2
15
859
50
250000
0.7
2
15
860
50
250000
0.7
2
15
861
50
250000
0.7
2
15
862
50
250000
0.7
2
15
863
50
250000
0.7
2
15
864
50
250000
0.7
2
15
865
50
250000
0.7
2
15
866
50
250000
0.7
2
15
867
50
250000
0.7
2
15
868
50
250000
0.7
2
15
869
50
250000
0.7
2
15
870
50
250000
0.7
2
15
871
50
250000
0.7
2
15
872
50
250000
0.7
2
15
873
50
250000
0.7
2
15
874
50
250000
0.7
2
15
875
50
250000
0.7
2
15
876
50
250000
0.7
2
15
877
50
250000
0.7
2
15
878
50
250000
0.7
2
15
879
50
250000
0.7
2
15
880
50
250000
0.7
2
15
881
50
250000
0.7
2
15
882
50
250000
0.7
2
15
883
50
250000
0.7
2
15
884
50
250000
0.7
2
15
885
50
250000
0.7
2
15
886
50
250000
0.7
2
15
887
50
250000
0.7
2
15
888
50
250000
0.7
2
15
