1
5151
2017
1
27
0
0
0
2017
2
25
23
59
59
2017
2
11
23
59
59
153
1
0
2
0
3
0
4
0
5
0
6
0
7
0
8
0
9
0
10
0
11
0
12
0
13
0
14
0
15
16873537
16
16873537
17
16873537
18
16873537
19
16873537
20
16873537
21
16873537
22
16873537
23
16873537
24
16873537
25
16873537
26
16873537
27
16873537
28
16873537
29
16873537
30
25815820
31
25815820
32
25815820
33
25815820
34
25815820
35
25815820
36
25815820
37
25815820
38
25815820
39
25815820
40
25815820
41
25815820
42
25815820
43
25815820
44
25815820
45
49842288
46
49842288
47
49842288
48
49842288
49
49842288
50
49842288
51
49842288
52
49842288
53
49842288
54
49842288
55
49842288
56
49842288
57
49842288
58
49842288
59
49842288
60
114331235
61
114331235
62
114331235
63
114331235
64
114331235
65
114331235
66
114331235
67
114331235
68
114331235
69
114331235
70
114331235
71
114331235
72
114331235
73
114331235
74
114331235
75
256242845
76
256242845
77
256242845
78
256242845
79
256242845
80
256242845
81
256242845
82
256242845
83
256242845
84
256242845
85
256242845
86
256242845
87
256242845
88
256242845
89
256242845
90
814572436
91
814572436
92
814572436
93
814572436
94
814572436
95
814572436
96
814572436
97
814572436
98
814572436
99
814572436
100
814572436
101
814572436
102
814572436
103
814572436
104
814572436
105
814572436
106
1146298967
107
1146298967
108
1146298967
109
1146298967
110
1146298967
111
1146298967
112
1146298967
113
1146298967
114
1146298967
115
1146298967
116
1146298967
117
1146298967
118
1146298967
119
1146298967
120
1146298967
121
1325560207
122
1325560207
123
1325560207
124
1325560207
125
1325560207
126
1325560207
127
1325560207
128
1325560207
129
1325560207
130
1325560207
131
1325560207
132
1325560207
133
1325560207
134
1325560207
135
1325560207
136
2391084782
137
2391084782
138
2391084782
139
2391084782
140
2391084782
141
2391084782
142
2391084782
143
2391084782
144
2391084782
145
2391084782
146
2391084782
147
2391084782
148
2391084782
149
2391084782
150
2391084782
151
3456609357
152
3456609357
153
3456609357
