3
60491401
0
6044
7
30
2
1
410
413
29410101
2
420
416
29410102
45
2
1
410
413
29410201
2
420
416
29410202
60
2
1
410
413
29410301
2
420
416
29410302
75
2
1
410
413
29410401
2
420
416
29410402
90
2
1
410
413
29410501
2
420
416
29410502
105
2
1
410
413
29410601
2
420
416
29410602
120
2
1
410
413
29410701
2
420
416
29410702
60491402
0
6044
7
30
2
1
437
335
29420101
2
452
332
29420102
45
2
1
437
335
29420201
2
452
332
29420202
60
2
1
437
335
29420301
2
452
332
29420302
75
2
1
437
335
29420401
2
452
332
29420402
90
2
1
437
335
29420501
2
452
332
29420502
105
2
1
437
335
29420601
2
452
332
29420602
120
2
1
437
335
29420701
2
452
332
29420702
60491403
0
6044
7
30
2
1
346
95
29430101
2
336
107
29430102
45
2
1
346
95
29430201
2
336
107
29430202
60
2
1
346
95
29430301
2
336
107
29430302
75
2
1
346
95
29430401
2
336
107
29430402
90
2
1
346
95
29430501
2
336
107
29430502
105
2
1
346
95
29430601
2
336
107
29430602
120
2
1
346
95
29430701
2
336
107
29430702
