3
60491201
0
1
6
45
2
1
237
190
29210102
2
250
200
29210103
3
1
1
29210101
5
2
1
29210101
6
3
1
29210101
7
60
2
1
237
190
29210202
2
250
200
29210203
3
1
1
29210201
5
2
1
29210201
6
3
1
29210201
7
75
2
1
237
190
29210302
2
250
200
29210303
3
1
1
29210301
5
2
1
29210301
6
3
1
29210301
7
90
2
1
237
190
29210402
2
250
200
29210403
3
1
1
29210401
5
2
1
29210401
6
3
1
29210401
7
105
2
1
237
190
29210502
2
250
200
29210503
3
1
1
29210501
5
2
1
29210501
6
3
1
29210501
7
120
2
1
237
190
29210602
2
250
200
29210603
3
1
1
29210601
5
2
1
29210601
6
3
1
29210601
7
60491202
0
1
6
45
2
1
445
85
29220102
2
427
92
29220103
3
1
1
29220101
5
2
1
29220101
6
3
1
29220101
7
60
2
1
445
85
29220202
2
427
92
29220203
3
1
1
29220201
5
2
1
29220201
6
3
1
29220201
7
75
2
1
445
85
29220302
2
427
92
29220303
3
1
1
29220301
5
2
1
29220301
6
3
1
29220301
7
90
2
1
445
85
29220402
2
427
92
29220403
3
1
1
29220401
5
2
1
29220401
6
3
1
29220401
7
105
2
1
445
85
29220502
2
427
92
29220503
3
1
1
29220501
5
2
1
29220501
6
3
1
29220501
7
120
2
1
445
85
29220602
2
427
92
29220603
3
1
1
29220601
5
2
1
29220601
6
3
1
29220601
7
60491203
0
1
6
45
2
1
71
220
29230102
2
71
234
29230103
1
1
1
29230101
12
60
2
1
71
220
29230202
2
71
234
29230203
1
1
1
29230201
12
75
2
1
71
220
29230302
2
71
234
29230303
1
1
1
29230301
12
90
2
1
71
220
29230402
2
71
234
29230403
1
1
1
29230401
12
105
2
1
71
220
29230502
2
71
234
29230503
1
1
1
29230501
12
120
2
1
71
220
29230602
2
71
234
29230603
1
1
1
29230601
12
