3
60491301
0
50
1
7
30
2
1
1
29310101
7
2
1
29310101
8
45
2
1
1
29310201
7
2
1
29310201
8
60
2
1
1
29310301
7
2
1
29310301
8
75
2
1
1
29310401
7
2
1
29310401
8
90
2
1
1
29310501
7
2
1
29310501
8
105
2
1
1
29310601
7
2
1
29310601
8
120
2
1
1
29310701
7
2
1
29310701
8
60491302
0
50
1
7
30
2
1
1
29320101
7
2
1
29320101
8
45
2
1
1
29320201
7
2
1
29320201
8
60
2
1
1
29320301
7
2
1
29320301
8
75
2
1
1
29320401
7
2
1
29320401
8
90
2
1
1
29320501
7
2
1
29320501
8
105
2
1
1
29320601
7
2
1
29320601
8
120
2
1
1
29320701
7
2
1
29320701
8
60491303
0
50
1
7
30
2
1
1
29330101
7
2
1
29330101
8
45
2
1
1
29330201
7
2
1
29330201
8
60
2
1
1
29330301
7
2
1
29330301
8
75
2
1
1
29330401
7
2
1
29330401
8
90
2
1
1
29330501
7
2
1
29330501
8
105
2
1
1
29330601
7
2
1
29330601
8
120
2
1
1
29330701
7
2
1
29330701
8
