8
60447001
12
4
29
金钱副本
击败出现怪物，获得大量金钱！
奖励大量金钱
Texture_Activity_31
3
11200004
11200004
11200004
1
1
29
10000
6
cfg.cmd.action.Item
10400015
1
0.2
cfg.cmd.action.Item
10400014
1
0.2
cfg.cmd.action.Item
10800004
1
0.2
cfg.cmd.action.Item
10800005
1
0.2
cfg.cmd.action.Item
10800006
1
0.1
cfg.cmd.action.BindYuanBao
5
0.1
1
在限定时间内，对招财猫造成尽可能多的伤害.g9~/(击败后，请拾取奖励金币）
1.712159
27203223
40
40
0
690000
20
8
40.22
28.16
40.22
31.45
40.22
34.74
40.22
38.03
40.22
41.32
40.22
44.61
40.22
47.9
40.22
51.16
4
100016
10
100017
20
100018
20
100019
20
10400049
1
1
cfg.cmd.action.XuNiBi
750000
60447002
12
4
29
金钱副本
击败出现怪物，获得大量金钱！
奖励大量金钱
Texture_Activity_31
3
11200004
11200004
11200004
1
30
44
35000
6
cfg.cmd.action.Item
10400015
1
0.2
cfg.cmd.action.Item
10400014
1
0.2
cfg.cmd.action.Item
10800004
1
0.2
cfg.cmd.action.Item
10800005
1
0.2
cfg.cmd.action.Item
10800006
1
0.1
cfg.cmd.action.BindYuanBao
5
0.1
1
在限定时间内，对招财猫造成尽可能多的伤害.g9~/(击败后，请拾取奖励金币）
0.501835
27203224
40
40
0
790000
20
8
40.22
28.16
40.22
31.45
40.22
34.74
40.22
38.03
40.22
41.32
40.22
44.61
40.22
47.9
40.22
51.16
4
100016
10
100017
20
100018
20
100019
20
10400049
1
1
cfg.cmd.action.XuNiBi
750000
60447003
12
4
29
金钱副本
击败出现怪物，获得大量金钱！
奖励大量金钱
Texture_Activity_31
3
11200004
11200004
11200004
1
45
59
140000
6
cfg.cmd.action.Item
10400015
1
0.2
cfg.cmd.action.Item
10400014
1
0.2
cfg.cmd.action.Item
10800004
1
0.2
cfg.cmd.action.Item
10800005
1
0.2
cfg.cmd.action.Item
10800006
1
0.1
cfg.cmd.action.BindYuanBao
5
0.1
1
在限定时间内，对招财猫造成尽可能多的伤害.g9~/(击败后，请拾取奖励金币）
0.174015
27203225
40
40
0
890000
20
8
40.22
28.16
40.22
31.45
40.22
34.74
40.22
38.03
40.22
41.32
40.22
44.61
40.22
47.9
40.22
51.16
4
100016
10
100017
20
100018
20
100019
20
10400049
1
1
cfg.cmd.action.XuNiBi
750000
60447004
12
4
29
金钱副本
击败出现怪物，获得大量金钱！
奖励大量金钱
Texture_Activity_31
3
11200004
11200004
11200004
1
60
74
360000
6
cfg.cmd.action.Item
10400015
1
0.2
cfg.cmd.action.Item
10400014
1
0.2
cfg.cmd.action.Item
10800004
1
0.2
cfg.cmd.action.Item
10800005
1
0.2
cfg.cmd.action.Item
10800006
1
0.1
cfg.cmd.action.BindYuanBao
5
0.1
1
在限定时间内，对招财猫造成尽可能多的伤害.g9~/(击败后，请拾取奖励金币）
0.078262
27203226
40
40
0
990000
20
8
40.22
28.16
40.22
31.45
40.22
34.74
40.22
38.03
40.22
41.32
40.22
44.61
40.22
47.9
40.22
51.16
4
100016
10
100017
20
100018
20
100019
20
10400049
1
1
cfg.cmd.action.XuNiBi
750000
60447005
12
4
29
金钱副本
击败出现怪物，获得大量金钱！
奖励大量金钱
Texture_Activity_31
3
11200004
11200004
11200004
1
75
89
750000
6
cfg.cmd.action.Item
10400015
1
0.2
cfg.cmd.action.Item
10400014
1
0.2
cfg.cmd.action.Item
10800004
1
0.2
cfg.cmd.action.Item
10800005
1
0.2
cfg.cmd.action.Item
10800006
1
0.1
cfg.cmd.action.BindYuanBao
5
0.1
1
在限定时间内，对招财猫造成尽可能多的伤害.g9~/(击败后，请拾取奖励金币）
0.033375
27203227
40
40
0
1090000
20
8
40.22
28.16
40.22
31.45
40.22
34.74
40.22
38.03
40.22
41.32
40.22
44.61
40.22
47.9
40.22
51.16
4
100016
10
100017
20
100018
20
100019
20
10400049
1
1
cfg.cmd.action.XuNiBi
750000
60447006
12
4
29
金钱副本
击败出现怪物，获得大量金钱！
奖励大量金钱
Texture_Activity_31
3
11200004
11200004
11200004
1
90
104
1300000
6
cfg.cmd.action.Item
10400015
1
0.2
cfg.cmd.action.Item
10400014
1
0.2
cfg.cmd.action.Item
10800004
1
0.2
cfg.cmd.action.Item
10800005
1
0.2
cfg.cmd.action.Item
10800006
1
0.1
cfg.cmd.action.BindYuanBao
5
0.1
1
在限定时间内，对招财猫造成尽可能多的伤害.g9~/(击败后，请拾取奖励金币）
0.017941
27203228
40
40
0
1190000
20
8
40.22
28.16
40.22
31.45
40.22
34.74
40.22
38.03
40.22
41.32
40.22
44.61
40.22
47.9
40.22
51.16
4
100016
10
100017
20
100018
20
100019
20
10400049
1
1
cfg.cmd.action.XuNiBi
750000
60447007
12
4
29
金钱副本
击败出现怪物，获得大量金钱！
奖励大量金钱
Texture_Activity_31
3
11200004
11200004
11200004
1
105
120
2400000
6
cfg.cmd.action.Item
10400015
1
0.2
cfg.cmd.action.Item
10400014
1
0.2
cfg.cmd.action.Item
10800004
1
0.2
cfg.cmd.action.Item
10800005
1
0.2
cfg.cmd.action.Item
10800006
1
0.1
cfg.cmd.action.BindYuanBao
5
0.1
1
在限定时间内，对招财猫造成尽可能多的伤害.g9~/(击败后，请拾取奖励金币）
0.011572
27203229
40
40
0
1290000
20
8
40.22
28.16
40.22
31.45
40.22
34.74
40.22
38.03
40.22
41.32
40.22
44.61
40.22
47.9
40.22
51.16
4
100016
10
100017
20
100018
20
100019
20
10400049
1
1
cfg.cmd.action.XuNiBi
750000
60447008
12
4
29
金钱副本
击败出现怪物，获得大量金钱！
奖励大量金钱
Texture_Activity_31
3
11200004
11200004
11200004
1
121
134
3900000
6
cfg.cmd.action.Item
10400015
1
0.2
cfg.cmd.action.Item
10400014
1
0.2
cfg.cmd.action.Item
10800004
1
0.2
cfg.cmd.action.Item
10800005
1
0.2
cfg.cmd.action.Item
10800006
1
0.1
cfg.cmd.action.BindYuanBao
5
0.1
1
在限定时间内，对招财猫造成尽可能多的伤害.g9~/(击败后，请拾取奖励金币）
0.008002
27203230
40
40
0
1390000
20
8
40.22
28.16
40.22
31.45
40.22
34.74
40.22
38.03
40.22
41.32
40.22
44.61
40.22
47.9
40.22
51.16
4
100016
10
100017
20
100018
20
100019
20
10400049
1
1
cfg.cmd.action.XuNiBi
750000
