9
60440001
12
4
金钱副本
击败出现怪物，获得大量金钱！
奖励大量金钱
Texture_Activity_16
3
11200001
11200002
11200003
1
15
15-29
10000
6
cfg.cmd.action.Item
10400015
1
0.2
cfg.cmd.action.Item
10400014
1
0.2
cfg.cmd.action.Item
10800004
1
0.2
cfg.cmd.action.Item
10800005
1
0.2
cfg.cmd.action.Item
10800006
1
0.1
cfg.cmd.action.BindYuanBao
5
0.1
1
在限定时间内，对招财猫造成尽可能多的伤害.g9~/(击败后，请拾取奖励金币）
3.424318
27203149
40
40
0
690000
20
8
40.22
28.16
40.22
31.45
40.22
34.74
40.22
38.03
40.22
41.32
40.22
44.61
40.22
47.9
40.22
51.16
4
100016
10
100017
20
100018
20
100019
20
10400049
1
1
cfg.cmd.action.XuNiBi
1000000
60440002
12
4
金钱副本
击败出现怪物，获得大量金钱！
奖励大量金钱
Texture_Activity_16
3
11200001
11200002
11200003
1
30
30-44
35000
6
cfg.cmd.action.Item
10400015
1
0.2
cfg.cmd.action.Item
10400014
1
0.2
cfg.cmd.action.Item
10800004
1
0.2
cfg.cmd.action.Item
10800005
1
0.2
cfg.cmd.action.Item
10800006
1
0.1
cfg.cmd.action.BindYuanBao
5
0.1
1
在限定时间内，对招财猫造成尽可能多的伤害.g9~/(击败后，请拾取奖励金币）
1.003671
27203150
40
40
0
790000
20
8
40.22
28.16
40.22
31.45
40.22
34.74
40.22
38.03
40.22
41.32
40.22
44.61
40.22
47.9
40.22
51.16
4
100016
10
100017
20
100018
20
100019
20
10400049
1
1
cfg.cmd.action.XuNiBi
1000000
60440003
12
4
金钱副本
击败出现怪物，获得大量金钱！
奖励大量金钱
Texture_Activity_16
3
11200001
11200002
11200003
1
45
45-59
140000
6
cfg.cmd.action.Item
10400015
1
0.2
cfg.cmd.action.Item
10400014
1
0.2
cfg.cmd.action.Item
10800004
1
0.2
cfg.cmd.action.Item
10800005
1
0.2
cfg.cmd.action.Item
10800006
1
0.1
cfg.cmd.action.BindYuanBao
5
0.1
1
在限定时间内，对招财猫造成尽可能多的伤害.g9~/(击败后，请拾取奖励金币）
0.348029
27203151
40
40
0
890000
20
8
40.22
28.16
40.22
31.45
40.22
34.74
40.22
38.03
40.22
41.32
40.22
44.61
40.22
47.9
40.22
51.16
4
100016
10
100017
20
100018
20
100019
20
10400049
1
1
cfg.cmd.action.XuNiBi
1000000
60440004
12
4
金钱副本
击败出现怪物，获得大量金钱！
奖励大量金钱
Texture_Activity_16
3
11200001
11200002
11200003
1
60
60-74
360000
6
cfg.cmd.action.Item
10400015
1
0.2
cfg.cmd.action.Item
10400014
1
0.2
cfg.cmd.action.Item
10800004
1
0.2
cfg.cmd.action.Item
10800005
1
0.2
cfg.cmd.action.Item
10800006
1
0.1
cfg.cmd.action.BindYuanBao
5
0.1
1
在限定时间内，对招财猫造成尽可能多的伤害.g9~/(击败后，请拾取奖励金币）
0.156525
27203152
40
40
0
990000
20
8
40.22
28.16
40.22
31.45
40.22
34.74
40.22
38.03
40.22
41.32
40.22
44.61
40.22
47.9
40.22
51.16
4
100016
10
100017
20
100018
20
100019
20
10400049
1
1
cfg.cmd.action.XuNiBi
1000000
60440005
12
4
金钱副本
击败出现怪物，获得大量金钱！
奖励大量金钱
Texture_Activity_16
3
11200001
11200002
11200003
1
75
75-89
750000
6
cfg.cmd.action.Item
10400015
1
0.2
cfg.cmd.action.Item
10400014
1
0.2
cfg.cmd.action.Item
10800004
1
0.2
cfg.cmd.action.Item
10800005
1
0.2
cfg.cmd.action.Item
10800006
1
0.1
cfg.cmd.action.BindYuanBao
5
0.1
1
在限定时间内，对招财猫造成尽可能多的伤害.g9~/(击败后，请拾取奖励金币）
0.066751
27203153
40
40
0
1090000
20
8
40.22
28.16
40.22
31.45
40.22
34.74
40.22
38.03
40.22
41.32
40.22
44.61
40.22
47.9
40.22
51.16
4
100016
10
100017
20
100018
20
100019
20
10400049
1
1
cfg.cmd.action.XuNiBi
1000000
60440006
12
4
金钱副本
击败出现怪物，获得大量金钱！
奖励大量金钱
Texture_Activity_16
3
11200001
11200002
11200003
1
90
90-104
1300000
6
cfg.cmd.action.Item
10400015
1
0.2
cfg.cmd.action.Item
10400014
1
0.2
cfg.cmd.action.Item
10800004
1
0.2
cfg.cmd.action.Item
10800005
1
0.2
cfg.cmd.action.Item
10800006
1
0.1
cfg.cmd.action.BindYuanBao
5
0.1
1
在限定时间内，对招财猫造成尽可能多的伤害.g9~/(击败后，请拾取奖励金币）
0.035882
27203154
40
40
0
1190000
20
8
40.22
28.16
40.22
31.45
40.22
34.74
40.22
38.03
40.22
41.32
40.22
44.61
40.22
47.9
40.22
51.16
4
100016
10
100017
20
100018
20
100019
20
10400049
1
1
cfg.cmd.action.XuNiBi
1000000
60440007
12
4
金钱副本
击败出现怪物，获得大量金钱！
奖励大量金钱
Texture_Activity_16
3
11200001
11200002
11200003
1
105
105-119
2400000
6
cfg.cmd.action.Item
10400015
1
0.2
cfg.cmd.action.Item
10400014
1
0.2
cfg.cmd.action.Item
10800004
1
0.2
cfg.cmd.action.Item
10800005
1
0.2
cfg.cmd.action.Item
10800006
1
0.1
cfg.cmd.action.BindYuanBao
5
0.1
1
在限定时间内，对招财猫造成尽可能多的伤害.g9~/(击败后，请拾取奖励金币）
0.023144
27203155
40
40
0
1290000
20
8
40.22
28.16
40.22
31.45
40.22
34.74
40.22
38.03
40.22
41.32
40.22
44.61
40.22
47.9
40.22
51.16
4
100016
10
100017
20
100018
20
100019
20
10400049
1
1
cfg.cmd.action.XuNiBi
1000000
60440008
12
4
金钱副本
击败出现怪物，获得大量金钱！
奖励大量金钱
Texture_Activity_16
3
11200001
11200002
11200003
1
120
120-134
3900000
6
cfg.cmd.action.Item
10400015
1
0.2
cfg.cmd.action.Item
10400014
1
0.2
cfg.cmd.action.Item
10800004
1
0.2
cfg.cmd.action.Item
10800005
1
0.2
cfg.cmd.action.Item
10800006
1
0.1
cfg.cmd.action.BindYuanBao
5
0.1
1
在限定时间内，对招财猫造成尽可能多的伤害.g9~/(击败后，请拾取奖励金币）
0.0160039
27203156
40
40
0
1390000
20
8
40.22
28.16
40.22
31.45
40.22
34.74
40.22
38.03
40.22
41.32
40.22
44.61
40.22
47.9
40.22
51.16
4
100016
10
100017
20
100018
20
100019
20
10400049
1
1
cfg.cmd.action.XuNiBi
1000000
60440009
12
4
金钱副本
击败出现怪物，获得大量金钱！
奖励大量金钱
Texture_Activity_16
3
11200001
11200002
11200003
1
135
135-149
3900000
6
cfg.cmd.action.Item
10400015
1
0.2
cfg.cmd.action.Item
10400014
1
0.2
cfg.cmd.action.Item
10800004
1
0.2
cfg.cmd.action.Item
10800005
1
0.2
cfg.cmd.action.Item
10800006
1
0.1
cfg.cmd.action.BindYuanBao
5
0.1
1
在限定时间内，对招财猫造成尽可能多的伤害.g9~/(击败后，请拾取奖励金币）
0.0160039
27203231
40
40
0
1390000
20
8
40.22
28.16
40.22
31.45
40.22
34.74
40.22
38.03
40.22
41.32
40.22
44.61
40.22
47.9
40.22
51.16
4
100016
10
100017
20
100018
20
100019
20
10400049
1
1
cfg.cmd.action.XuNiBi
1000000
