1
4
4
10200001
19
2
2
2
2
2
3
3
3
3
3
3
3
3
3
3
3
3
3
3
8
0
0
0
0
0
0
0
70
10
10200002
13
0
0
0
0
0
0
0
0
0
0
0
0
0
13
100
100
100
100
100
100
100
100
100
100
100
100
100
5
10200001
19
2
2
2
2
2
2
3
3
3
3
3
3
3
3
3
3
4
4
4
8
0
0
0
0
0
0
0
70
10
10200002
13
0
0
0
0
0
0
0
0
0
0
0
0
0
13
100
100
100
100
100
100
100
100
100
100
100
100
100
10
10200001
19
2
2
2
2
2
2
2
3
3
3
3
3
3
3
3
3
3
4
4
8
0
0
0
0
0
0
0
70
10
10200002
13
0
0
0
0
0
0
0
0
0
0
0
0
0
13
100
100
100
100
100
100
100
100
100
100
100
100
100
9
10200001
19
2
2
2
2
2
2
2
2
3
3
3
3
3
3
3
3
3
3
4
8
0
0
0
0
0
0
0
70
10
10200002
13
0
0
0
0
0
0
0
0
0
0
0
0
0
13
100
100
100
100
100
100
100
100
100
100
100
100
100
10200002
19
0
1
2
3
4
5
6
7
8
9
10
11
12
13
14
15
17
19
21
4
20
20
50
100
120
