1
5200
20000270
6
170.5
351.1
3
10400037
10700002
10400036
Texture_Activity_32
1-3线刷新,持续30分钟
2017
1
19
0
0
0
2017
2
8
23
59
59
1800
3
cfg.cmd.action.RepeatBonus
cfg.cmd.action.RandomItems
7
10400036
10400037
10400013
10400041
10400001
10400004
10400012
20
cfg.cmd.action.RandomBonus
6
cfg.cmd.action.RandomItems
5
10400001
10400006
10400003
10400013
10400041
0.656
cfg.cmd.action.RandomItems
6
10700001
10700011
10700021
10700031
10700041
10700051
0.268
cfg.cmd.action.RandomItems
6
10700003
10700013
10700023
10700033
10700043
10700053
0.01
cfg.cmd.action.OneItem
10400003
0.04
cfg.cmd.action.OneItem
10400004
0.02
cfg.cmd.action.OneItem
10400004
0.006
cfg.cmd.action.RepeatBonus
cfg.cmd.action.RandomItems
3
10400036
10400037
10400041
3
新年BOSS年兽降临渝都，请前往击杀~（在活动，节日页面下可传送到年兽位置）
2
19
30
0
20
30
0
