150
1
0
0
0
0
2
0
0
0
0
3
0
0
0
0
4
0
0
0
0
5
0
0
0
0
6
0
0
0
0
7
0
0
0
0
8
0
0
0
0
9
0
0
0
0
10
0
0
0
0
11
0
0
0
0
12
0
0
0
0
13
0
0
0
0
14
0
0
0
0
15
0
0
0
0
16
0
0
0
0
17
0
0
0
0
18
0
0
0
0
19
0
0
0
0
20
0
0
0
0
21
0
0
0
0
22
0
0
0
0
23
0
0
0
0
24
0
0
0
0
25
0
0
0
0
26
0
0
0
0
27
0
0
0
0
28
0
0
0
0
29
0
0
0
0
30
138299
6750
20
20
31
138299
6750
20
20
32
138299
6750
20
20
33
138299
6750
20
20
34
138299
6750
20
20
35
138299
6750
20
20
36
138299
6750
20
20
37
138299
6750
20
20
38
138299
6750
20
20
39
138299
6750
20
20
40
138299
6750
20
20
41
138299
6750
20
20
42
138299
6750
20
20
43
138299
6750
20
20
44
138299
6750
20
20
45
267012
6750
20
20
46
267012
6750
20
20
47
267012
6750
20
20
48
267012
6750
20
20
49
267012
6750
20
20
50
267012
6750
20
20
51
267012
6750
20
20
52
267012
6750
20
20
53
267012
6750
20
20
54
267012
6750
20
20
55
267012
6750
20
20
56
267012
6750
20
20
57
267012
6750
20
20
58
267012
6750
20
20
59
267012
6750
20
20
60
612494
6750
20
20
61
612494
6750
20
20
62
612494
6750
20
20
63
612494
6750
20
20
64
612494
6750
20
20
65
612494
6750
20
20
66
612494
6750
20
20
67
612494
6750
20
20
68
612494
6750
20
20
69
612494
6750
20
20
70
612494
6750
20
20
71
612494
6750
20
20
72
612494
6750
20
20
73
612494
6750
20
20
74
612494
6750
20
20
75
1372730
6750
20
20
76
1372730
6750
20
20
77
1372730
6750
20
20
78
1372730
6750
20
20
79
1372730
6750
20
20
80
1372730
6750
20
20
81
1372730
6750
20
20
82
1372730
6750
20
20
83
1372730
6750
20
20
84
1372730
6750
20
20
85
1372730
6750
20
20
86
1372730
6750
20
20
87
1372730
6750
20
20
88
1372730
6750
20
20
89
1372730
6750
20
20
90
5832627
6750
20
20
91
5832627
6750
20
20
92
5832627
6750
20
20
93
5832627
6750
20
20
94
5832627
6750
20
20
95
5832627
6750
20
20
96
5832627
6750
20
20
97
5832627
6750
20
20
98
5832627
6750
20
20
99
5832627
6750
20
20
100
5832627
6750
20
20
101
5832627
6750
20
20
102
5832627
6750
20
20
103
5832627
6750
20
20
104
5832627
6750
20
20
105
6827613
6750
20
20
106
6827613
6750
20
20
107
6827613
6750
20
20
108
6827613
6750
20
20
109
6827613
6750
20
20
110
6827613
6750
20
20
111
6827613
6750
20
20
112
6827613
6750
20
20
113
6827613
6750
20
20
114
6827613
6750
20
20
115
6827613
6750
20
20
116
6827613
6750
20
20
117
6827613
6750
20
20
118
6827613
6750
20
20
119
6827613
6750
20
20
120
17142857
6750
20
20
121
17142857
6750
20
20
122
17142857
6750
20
20
123
17142857
6750
20
20
124
17142857
6750
20
20
125
17142857
6750
20
20
126
17142857
6750
20
20
127
17142857
6750
20
20
128
17142857
6750
20
20
129
17142857
6750
20
20
130
17142857
6750
20
20
131
17142857
6750
20
20
132
17142857
6750
20
20
133
17142857
6750
20
20
134
17142857
6750
20
20
135
34285714
6750
20
20
136
34285714
6750
20
20
137
34285714
6750
20
20
138
34285714
6750
20
20
139
34285714
6750
20
20
140
34285714
6750
20
20
141
34285714
6750
20
20
142
34285714
6750
20
20
143
34285714
6750
20
20
144
34285714
6750
20
20
145
34285714
6750
20
20
146
34285714
6750
20
20
147
34285714
6750
20
20
148
34285714
6750
20
20
149
34285714
6750
20
20
150
34285714
6750
20
20
